dados/ctd/rad1_doei008.cnv
* Sea-Bird SBE 9 Raw Data File:
* FileName = C:\OceanoEI\OEI008.dat
* Software Version Seasave Win32 v1.10
* Temperature SN = 2326
* Conductivity SN = 2149
* Number of Bytes Per Scan = 12
* Number of Voltage Words = 0
* System UpLoad Time = Nov 03 2001 18:46:30
** H-40 
** Navio Oceanografico ANTARES 
** 173a Comissao Oceanografica 
** OCEANO LESTE I 
** Estacao: OEI008
** Latitude: 11 17.66 S
** Longitude: 034 56.20 W
** Data-Hora (DDHHMMZ/MMM/AA): 031844Z/NOV/01
** Profundidade Local (m): 4304
** N/S do CTD: 11282 
** Operador: 1T ALEX URBANCG
# nquan = 11
# nvalues = 2537                        
# units = specified
# name 0 = prDM: Pressure, Digiquartz [db]
# name 1 = t068C: Temperature [ITS-68, deg C]
# name 2 = c0S/m: Conductivity [S/m]
# name 3 = depSM: Depth [salt water, m], lat = -15
# name 4 = sal00: Salinity [PSU]
# name 5 = sigma-t00: Density [sigma-t, Kg/m^3 ]
# name 6 = density00: Density [density, Kg/m^3]
# name 7 = svCM: Sound Velocity [Chen-Millero, m/s]
# name 8 = dz/dtM: Descent Rate [m/s], WS = 2
# name 9 = flag: flag
# name 10 = nbin: number of scans per bin
# span 0 =      2.000,   2538.000       
# span 1 =     2.9962,    27.1112       
# span 2 =   3.256552,   5.760269       
# span 3 =      1.988,   2508.006       
# span 4 =    34.4183,    37.1167       
# span 5 =    23.9351,    27.8573       
# span 6 =  1023.9501,  1039.4225       
# span 7 =    1479.63,    1541.29       
# span 8 =     -0.136,      3.503       
# span 9 = 0.0000e+00, 0.0000e+00       
# span 10 =       6.00,     240.00      
# interval = decibars: 1                
# start_time = Nov 03 2001 18:46:30
# bad_flag = -9.990e-29
*END*
[from data line 1837]
   1839.000     4.0295   3.338558   1820.238    35.0073    27.7891  1036.1848    1497.19      1.877 0.0000e+00      12.00
   1840.000     4.0271   3.338385   1821.224    35.0074    27.7893  1036.1897    1497.20      1.999 0.0000e+00      12.00
   1841.000     4.0266   3.338401   1822.209    35.0075    27.7895  1036.1944    1497.21      1.999 0.0000e+00      11.00
   1842.000     4.0275   3.338524   1823.195    35.0077    27.7896  1036.1988    1497.23      1.831 0.0000e+00      13.00
   1843.000     4.0313   3.338894   1824.180    35.0075    27.7890  1036.2025    1497.26      1.433 0.0000e+00      18.00
   1844.000     4.0335   3.339112   1825.166    35.0073    27.7886  1036.2066    1497.29      0.939 0.0000e+00      27.00
   1845.000     4.0353   3.339327   1826.151    35.0075    27.7886  1036.2109    1497.31      1.147 0.0000e+00      22.00
   1846.000     4.0376   3.339574   1827.137    35.0074    27.7883  1036.2150    1497.34      1.510 0.0000e+00      17.00
   1847.000     4.0383   3.339674   1828.122    35.0074    27.7882  1036.2193    1497.36      1.707 0.0000e+00      12.00
   1848.000     4.0388   3.339762   1829.108    35.0074    27.7882  1036.2238    1497.38      1.806 0.0000e+00      13.00
   1849.000     4.0381   3.339735   1830.093    35.0074    27.7882  1036.2283    1497.39      1.770 0.0000e+00      13.00
   1850.000     4.0337   3.339369   1831.079    35.0072    27.7885  1036.2333    1497.39      1.611 0.0000e+00      15.00
   1851.000     4.0312   3.339214   1832.064    35.0075    27.7890  1036.2384    1497.40      1.432 0.0000e+00      16.00
   1852.000     4.0327   3.339397   1833.050    35.0076    27.7889  1036.2427    1497.42      1.306 0.0000e+00      20.00
   1853.000     4.0305   3.339213   1834.035    35.0073    27.7889  1036.2473    1497.43      1.188 0.0000e+00      21.00
   1854.000     4.0283   3.339072   1835.021    35.0075    27.7893  1036.2523    1497.43      1.194 0.0000e+00      21.00
   1855.000     4.0272   3.339011   1836.006    35.0074    27.7894  1036.2568    1497.45      1.400 0.0000e+00      16.00
   1856.000     4.0184   3.338171   1836.991    35.0063    27.7894  1036.2618    1497.43      1.584 0.0000e+00      15.00
   1857.000     4.0026   3.336913   1837.977    35.0077    27.7922  1036.2697    1497.38      1.650 0.0000e+00      15.00
   1858.000     3.9975   3.336557   1838.962    35.0084    27.7933  1036.2755    1497.38      1.625 0.0000e+00      14.00
   1859.000     3.9967   3.336523   1839.948    35.0084    27.7934  1036.2801    1497.39      1.523 0.0000e+00      16.00
   1860.000     3.9943   3.336303   1840.933    35.0079    27.7932  1036.2845    1497.40      1.398 0.0000e+00      18.00
   1861.000     3.9839   3.335434   1841.919    35.0081    27.7944  1036.2907    1497.37      1.364 0.0000e+00      16.00
   1862.000     3.9828   3.335400   1842.904    35.0083    27.7948  1036.2955    1497.38      1.321 0.0000e+00      19.00
   1863.000     3.9821   3.335366   1843.889    35.0082    27.7947  1036.3000    1497.39      1.256 0.0000e+00      19.00
   1864.000     3.9813   3.335335   1844.875    35.0082    27.7948  1036.3046    1497.41      1.377 0.0000e+00      17.00
   1865.000     3.9811   3.335340   1845.860    35.0081    27.7948  1036.3090    1497.42      1.527 0.0000e+00      16.00
   1866.000     3.9799   3.335281   1846.846    35.0081    27.7949  1036.3137    1497.44      1.536 0.0000e+00      15.00
   1867.000     3.9757   3.334931   1847.831    35.0080    27.7952  1036.3187    1497.43      1.473 0.0000e+00      17.00
   1868.000     3.9736   3.334794   1848.816    35.0081    27.7956  1036.3236    1497.44      1.589 0.0000e+00      16.00
   1869.000     3.9708   3.334602   1849.802    35.0082    27.7959  1036.3285    1497.45      1.838 0.0000e+00      12.00
   1870.000     3.9700   3.334574   1850.787    35.0083    27.7961  1036.3332    1497.46      2.007 0.0000e+00      13.00
   1871.000     3.9692   3.334522   1851.773    35.0081    27.7960  1036.3376    1497.47      2.029 0.0000e+00      11.00
   1872.000     3.9682   3.334472   1852.758    35.0081    27.7961  1036.3423    1497.49      1.872 0.0000e+00      11.00
   1873.000     3.9661   3.334334   1853.743    35.0081    27.7963  1036.3471    1497.50      1.341 0.0000e+00      18.00
   1874.000     3.9598   3.333779   1854.729    35.0078    27.7967  1036.3522    1497.48      0.367 0.0000e+00      41.00
   1875.000     3.9568   3.333565   1855.714    35.0079    27.7972  1036.3572    1497.49      2.168 0.0000e+00      10.00
   1876.000     3.9557   3.333527   1856.699    35.0082    27.7975  1036.3621    1497.50      2.561 0.0000e+00      10.00
   1877.000     3.9544   3.333427   1857.685    35.0079    27.7974  1036.3665    1497.51      2.792 0.0000e+00       8.00
   1878.000     3.9528   3.333340   1858.670    35.0080    27.7977  1036.3713    1497.52      2.899 0.0000e+00       8.00
   1879.000     3.9508   3.333191   1859.655    35.0079    27.7978  1036.3760    1497.53      2.844 0.0000e+00       8.00
   1880.000     3.9496   3.333141   1860.641    35.0082    27.7981  1036.3809    1497.54      2.583 0.0000e+00       8.00
   1881.000     3.9473   3.332939   1861.626    35.0077    27.7980  1036.3854    1497.55      1.978 0.0000e+00      12.00
   1882.000     3.9427   3.332589   1862.611    35.0080    27.7987  1036.3907    1497.55      0.422 0.0000e+00      38.00
   1883.000     3.9388   3.332302   1863.597    35.0082    27.7993  1036.3959    1497.55      2.115 0.0000e+00      10.00
   1884.000     3.9352   3.332052   1864.582    35.0086    27.7999  1036.4012    1497.55      2.138 0.0000e+00      12.00
   1885.000     3.9301   3.331615   1865.567    35.0083    27.8003  1036.4063    1497.55      1.974 0.0000e+00      12.00
   1886.000     3.9248   3.331192   1866.553    35.0084    27.8009  1036.4116    1497.54      1.791 0.0000e+00      13.00
   1887.000     3.9219   3.330983   1867.538    35.0086    27.8013  1036.4166    1497.55      1.584 0.0000e+00      16.00
   1888.000     3.9182   3.330665   1868.523    35.0082    27.8014  1036.4214    1497.55      1.518 0.0000e+00      16.00
   1889.000     3.9129   3.330197   1869.509    35.0079    27.8017  1036.4264    1497.54      1.623 0.0000e+00      15.00
   1890.000     3.9094   3.329908   1870.494    35.0077    27.8019  1036.4313    1497.54      1.651 0.0000e+00      14.00
   1891.000     3.9065   3.329681   1871.479    35.0075    27.8021  1036.4360    1497.55      1.426 0.0000e+00      16.00
   1892.000     3.8936   3.328507   1872.464    35.0068    27.8029  1036.4419    1497.51      0.854 0.0000e+00      34.00
   1893.000     3.8868   3.327950   1873.450    35.0070    27.8037  1036.4475    1497.50      1.026 0.0000e+00      23.00
   1894.000     3.8862   3.327937   1874.435    35.0070    27.8038  1036.4520    1497.51      1.677 0.0000e+00      14.00
   1895.000     3.8833   3.327666   1875.420    35.0063    27.8035  1036.4564    1497.52      2.082 0.0000e+00       9.00
   1896.000     3.8805   3.327447   1876.406    35.0062    27.8037  1036.4612    1497.52      2.291 0.0000e+00      11.00
   1897.000     3.8765   3.327114   1877.391    35.0061    27.8041  1036.4662    1497.52      2.366 0.0000e+00       9.00
   1898.000     3.8723   3.326807   1878.376    35.0063    27.8047  1036.4715    1497.52      2.264 0.0000e+00      10.00
   1899.000     3.8671   3.326352   1879.361    35.0060    27.8050  1036.4765    1497.51      1.918 0.0000e+00      14.00
   1900.000     3.8614   3.325904   1880.346    35.0062    27.8057  1036.4820    1497.51      1.204 0.0000e+00      19.00
   1901.000     3.8585   3.325660   1881.332    35.0060    27.8058  1036.4867    1497.51      0.627 0.0000e+00      37.00
   1902.000     3.8531   3.325190   1882.317    35.0056    27.8061  1036.4917    1497.51      1.470 0.0000e+00      15.00
   1903.000     3.8474   3.324712   1883.302    35.0055    27.8066  1036.4970    1497.50      1.614 0.0000e+00      15.00
   1904.000     3.8449   3.324528   1884.287    35.0056    27.8069  1036.5018    1497.50      1.631 0.0000e+00      15.00
   1905.000     3.8409   3.324193   1885.272    35.0053    27.8071  1036.5067    1497.51      1.563 0.0000e+00      14.00
   1906.000     3.8328   3.323549   1886.258    35.0057    27.8083  1036.5127    1497.49      1.362 0.0000e+00      18.00
   1907.000     3.8335   3.323715   1887.243    35.0065    27.8089  1036.5177    1497.51      1.222 0.0000e+00      21.00
   1908.000     3.8316   3.323547   1888.228    35.0061    27.8087  1036.5221    1497.52      1.495 0.0000e+00      18.00
   1909.000     3.8285   3.323301   1889.213    35.0060    27.8089  1036.5270    1497.52      1.866 0.0000e+00      11.00
   1910.000     3.8263   3.323110   1890.199    35.0055    27.8088  1036.5314    1497.53      2.109 0.0000e+00      12.00
   1911.000     3.8202   3.322522   1891.184    35.0046    27.8087  1036.5361    1497.52      2.203 0.0000e+00       9.00
   1912.000     3.8185   3.322505   1892.169    35.0057    27.8097  1036.5416    1497.53      2.152 0.0000e+00      13.00
   1913.000     3.8218   3.322908   1893.154    35.0065    27.8100  1036.5462    1497.56      1.957 0.0000e+00      10.00
   1914.000     3.8239   3.323168   1894.139    35.0068    27.8101  1036.5507    1497.59      1.520 0.0000e+00      15.00
   1915.000     3.8227   3.323059   1895.124    35.0063    27.8098  1036.5549    1497.60      0.503 0.0000e+00      63.00
   1916.000     3.8199   3.322841   1896.110    35.0063    27.8100  1036.5598    1497.60      1.308 0.0000e+00      17.00
   1917.000     3.8180   3.322723   1897.095    35.0064    27.8103  1036.5646    1497.61      1.856 0.0000e+00      13.00
   1918.000     3.8154   3.322563   1898.080    35.0068    27.8109  1036.5698    1497.62      2.221 0.0000e+00      11.00
   1919.000     3.8137   3.322467   1899.065    35.0069    27.8112  1036.5746    1497.63      2.476 0.0000e+00      10.00
   1920.000     3.8131   3.322458   1900.050    35.0070    27.8113  1036.5793    1497.64      2.605 0.0000e+00       8.00
   1921.000     3.8116   3.322301   1901.036    35.0062    27.8109  1036.5834    1497.65      2.602 0.0000e+00       8.00
   1922.000     3.8079   3.322015   1902.021    35.0063    27.8113  1036.5884    1497.65      2.433 0.0000e+00      10.00
   1923.000     3.8070   3.322000   1903.006    35.0066    27.8116  1036.5932    1497.67      2.056 0.0000e+00      10.00
   1924.000     3.8031   3.321615   1903.991    35.0057    27.8113  1036.5976    1497.67      1.238 0.0000e+00      23.00
   1925.000     3.7941   3.320826   1904.976    35.0054    27.8120  1036.6032    1497.64      0.610 0.0000e+00      33.00
   1926.000     3.7907   3.320549   1905.961    35.0052    27.8122  1036.6080    1497.65      1.820 0.0000e+00      12.00
   1927.000     3.7891   3.320437   1906.946    35.0052    27.8123  1036.6127    1497.66      1.973 0.0000e+00      12.00
   1928.000     3.7885   3.320448   1907.931    35.0054    27.8125  1036.6174    1497.67      1.938 0.0000e+00      12.00
   1929.000     3.7884   3.320453   1908.916    35.0051    27.8123  1036.6217    1497.69      1.724 0.0000e+00      13.00
   1930.000     3.7882   3.320463   1909.901    35.0049    27.8122  1036.6260    1497.70      1.214 0.0000e+00      21.00
   1931.000     3.7859   3.320258   1910.887    35.0045    27.8121  1036.6306    1497.71      1.037 0.0000e+00      27.00
   1932.000     3.7830   3.320056   1911.872    35.0047    27.8126  1036.6356    1497.72      1.646 0.0000e+00      12.00
   1933.000     3.7821   3.320022   1912.857    35.0047    27.8127  1036.6403    1497.73      1.865 0.0000e+00      13.00
   1934.000     3.7818   3.320040   1913.842    35.0048    27.8128  1036.6448    1497.74      1.817 0.0000e+00      12.00
   1935.000     3.7814   3.320034   1914.827    35.0046    27.8126  1036.6492    1497.76      1.577 0.0000e+00      16.00
   1936.000     3.7814   3.320082   1915.812    35.0047    27.8127  1036.6537    1497.78      1.207 0.0000e+00      21.00
   1937.000     3.7815   3.320115   1916.797    35.0045    27.8126  1036.6581    1497.79      1.033 0.0000e+00      25.00
   1938.000     3.7808   3.320086   1917.782    35.0045    27.8126  1036.6626    1497.81      1.231 0.0000e+00      17.00
   1939.000     3.7802   3.320086   1918.767    35.0046    27.8128  1036.6673    1497.82      1.393 0.0000e+00      19.00
   1940.000     3.7798   3.320087   1919.752    35.0045    27.8128  1036.6718    1497.84      1.495 0.0000e+00      14.00
   1941.000     3.7788   3.320042   1920.737    35.0047    27.8130  1036.6765    1497.85      1.589 0.0000e+00      15.00
   1942.000     3.7781   3.319990   1921.722    35.0043    27.8127  1036.6808    1497.86      1.752 0.0000e+00      14.00
   1943.000     3.7775   3.319998   1922.707    35.0045    27.8130  1036.6855    1497.88      1.935 0.0000e+00      13.00
   1944.000     3.7771   3.320000   1923.693    35.0045    27.8130  1036.6900    1497.89      2.057 0.0000e+00      10.00
   1945.000     3.7761   3.319952   1924.678    35.0045    27.8131  1036.6947    1497.90      2.009 0.0000e+00      12.00
   1946.000     3.7756   3.319956   1925.663    35.0046    27.8132  1036.6993    1497.92      1.724 0.0000e+00      13.00
   1947.000     3.7758   3.320031   1926.648    35.0048    27.8134  1036.7039    1497.94      0.973 0.0000e+00      36.00
   1948.000     3.7762   3.320129   1927.633    35.0050    27.8135  1036.7084    1497.96      1.194 0.0000e+00      19.00
   1949.000     3.7765   3.320200   1928.618    35.0051    27.8136  1036.7130    1497.97      1.707 0.0000e+00      12.00
   1950.000     3.7765   3.320250   1929.603    35.0052    27.8136  1036.7175    1497.99      1.758 0.0000e+00      13.00
   1951.000     3.7765   3.320291   1930.588    35.0052    27.8137  1036.7220    1498.01      1.642 0.0000e+00      16.00
   1952.000     3.7765   3.320333   1931.573    35.0052    27.8136  1036.7264    1498.03      1.516 0.0000e+00      15.00
   1953.000     3.7751   3.320218   1932.558    35.0048    27.8135  1036.7308    1498.04      1.279 0.0000e+00      19.00
   1954.000     3.7681   3.319601   1933.543    35.0044    27.8139  1036.7360    1498.02      0.990 0.0000e+00      24.00
   1955.000     3.7655   3.319421   1934.528    35.0046    27.8143  1036.7411    1498.03      1.425 0.0000e+00      17.00
   1956.000     3.7609   3.319032   1935.513    35.0044    27.8146  1036.7460    1498.02      1.950 0.0000e+00      12.00
   1957.000     3.7567   3.318723   1936.498    35.0047    27.8153  1036.7514    1498.02      2.214 0.0000e+00      10.00
   1958.000     3.7550   3.318623   1937.483    35.0048    27.8156  1036.7562    1498.03      2.278 0.0000e+00      10.00
   1959.000     3.7538   3.318530   1938.468    35.0045    27.8154  1036.7606    1498.05      2.096 0.0000e+00      10.00
   1960.000     3.7516   3.318368   1939.453    35.0045    27.8156  1036.7653    1498.05      1.490 0.0000e+00      15.00
   1961.000     3.7489   3.318143   1940.438    35.0042    27.8157  1036.7700    1498.06      0.543 0.0000e+00      32.00
   1962.000     3.7469   3.318037   1941.423    35.0045    27.8161  1036.7750    1498.07      2.415 0.0000e+00       9.00
   1963.000     3.7461   3.317964   1942.408    35.0041    27.8159  1036.7793    1498.08      2.721 0.0000e+00       9.00
   1964.000     3.7422   3.317633   1943.392    35.0038    27.8160  1036.7842    1498.08      2.947 0.0000e+00       8.00
   1965.000     3.7387   3.317293   1944.377    35.0030    27.8157  1036.7885    1498.08      3.078 0.0000e+00       8.00
   1966.000     3.7319   3.316737   1945.362    35.0031    27.8165  1036.7941    1498.07      3.068 0.0000e+00       7.00
   1967.000     3.7248   3.315967   1946.347    35.0010    27.8156  1036.7979    1498.05      2.904 0.0000e+00       8.00
   1968.000     3.7145   3.315221   1947.332    35.0026    27.8179  1036.8052    1498.03      2.499 0.0000e+00       9.00
