dados/ctd/rad1_doei006.cnv
* Sea-Bird SBE 9 Raw Data File:
* FileName = C:\OceanoEI\OEI006.dat
* Software Version Seasave Win32 v1.10
* Temperature SN = 2326
* Conductivity SN = 2149
* Number of Bytes Per Scan = 12
* Number of Voltage Words = 0
* System UpLoad Time = Nov 03 2001 07:04:01
** H-40 
** Navio Oceanografico ANTARES 
** 173a Comissao Oceanografica 
** OCEANO LESTE I 
** Estacao: OEI006
** Latitude: 12 29.9 S
** Longitude: 035 40.4 W
** Data-Hora (DDHHMMZ/MMM/AA): 030701Z/NOV/01
** Profundidade Local (m): 4197
** N/S do CTD: 11282 
** Operador: 1T-ALEX URBANCG
# nquan = 11
# nvalues = 2538                        
# units = specified
# name 0 = prDM: Pressure, Digiquartz [db]
# name 1 = t068C: Temperature [ITS-68, deg C]
# name 2 = c0S/m: Conductivity [S/m]
# name 3 = depSM: Depth [salt water, m], lat = -15
# name 4 = sal00: Salinity [PSU]
# name 5 = sigma-t00: Density [sigma-t, Kg/m^3 ]
# name 6 = density00: Density [density, Kg/m^3]
# name 7 = svCM: Sound Velocity [Chen-Millero, m/s]
# name 8 = dz/dtM: Descent Rate [m/s], WS = 2
# name 9 = flag: flag
# name 10 = nbin: number of scans per bin
# span 0 =      2.000,   2539.000       
# span 1 =     3.0883,    26.9946       
# span 2 =   3.248367,   5.738357       
# span 3 =      1.988,   2508.989       
# span 4 =    34.4120,    37.3107       
# span 5 =    23.8639,    27.8483       
# span 6 =  1023.8794,  1039.4100       
# span 7 =    1478.03,    1541.32       
# span 8 =     -0.476,      3.105       
# span 9 = 0.0000e+00, 0.0000e+00       
# span 10 =       1.00,     988.00      
# interval = decibars: 1                
# start_time = Nov 03 2001 07:04:01
# bad_flag = -9.990e-29
*END*
[from data line 2361]
   2363.000     3.2419   3.286361   2336.026    34.9727    27.8406  1038.6143    1502.65      1.373 0.0000e+00      16.00
   2364.000     3.2421   3.286402   2337.008    34.9726    27.8405  1038.6186    1502.67      0.887 0.0000e+00      31.00
   2365.000     3.2422   3.286463   2337.992    34.9727    27.8406  1038.6232    1502.68      1.177 0.0000e+00      21.00
   2366.000     3.2422   3.286508   2338.975    34.9728    27.8407  1038.6277    1502.70      1.652 0.0000e+00      14.00
   2367.000     3.2413   3.286444   2339.958    34.9725    27.8406  1038.6321    1502.71      1.866 0.0000e+00      11.00
   2368.000     3.2400   3.286364   2340.941    34.9724    27.8406  1038.6366    1502.72      1.915 0.0000e+00      14.00
   2369.000     3.2373   3.286124   2341.924    34.9719    27.8405  1038.6411    1502.73      1.872 0.0000e+00      13.00
   2370.000     3.2341   3.285829   2342.907    34.9714    27.8403  1038.6456    1502.73      1.744 0.0000e+00      13.00
   2371.000     3.2298   3.285461   2343.890    34.9710    27.8405  1038.6505    1502.73      1.523 0.0000e+00      16.00
   2372.000     3.2243   3.284925   2344.874    34.9700    27.8402  1038.6549    1502.72      1.187 0.0000e+00      19.00
   2373.000     3.2174   3.284324   2345.857    34.9696    27.8406  1038.6602    1502.71      0.741 0.0000e+00      36.00
   2374.000     3.2149   3.284115   2346.840    34.9694    27.8406  1038.6648    1502.71      1.097 0.0000e+00      23.00
   2375.000     3.2144   3.284098   2347.823    34.9692    27.8405  1038.6692    1502.73      1.575 0.0000e+00      15.00
   2376.000     3.2133   3.284017   2348.806    34.9689    27.8404  1038.6736    1502.74      1.716 0.0000e+00      13.00
   2377.000     3.2123   3.283946   2349.789    34.9687    27.8403  1038.6780    1502.75      1.672 0.0000e+00      13.00
   2378.000     3.2098   3.283736   2350.772    34.9684    27.8403  1038.6826    1502.76      1.544 0.0000e+00      16.00
   2379.000     3.2073   3.283540   2351.755    34.9682    27.8404  1038.6872    1502.77      1.526 0.0000e+00      17.00
   2380.000     3.2059   3.283444   2352.738    34.9681    27.8404  1038.6918    1502.78      1.660 0.0000e+00      13.00
   2381.000     3.2052   3.283413   2353.721    34.9679    27.8404  1038.6963    1502.79      1.791 0.0000e+00      13.00
   2382.000     3.2049   3.283420   2354.704    34.9679    27.8403  1038.7007    1502.81      1.766 0.0000e+00      13.00
   2383.000     3.2043   3.283405   2355.687    34.9679    27.8404  1038.7052    1502.82      1.511 0.0000e+00      15.00
   2384.000     3.2026   3.283251   2356.670    34.9674    27.8402  1038.7095    1502.83      0.985 0.0000e+00      28.00
   2385.000     3.1995   3.282992   2357.653    34.9672    27.8403  1038.7143    1502.83      1.094 0.0000e+00      23.00
   2386.000     3.1988   3.282953   2358.637    34.9670    27.8402  1038.7187    1502.85      1.590 0.0000e+00      13.00
   2387.000     3.1977   3.282880   2359.619    34.9668    27.8401  1038.7231    1502.86      1.726 0.0000e+00      13.00
   2388.000     3.1962   3.282769   2360.603    34.9666    27.8401  1038.7277    1502.87      1.628 0.0000e+00      16.00
   2389.000     3.1955   3.282758   2361.586    34.9667    27.8403  1038.7323    1502.88      1.463 0.0000e+00      15.00
   2390.000     3.1941   3.282621   2362.568    34.9661    27.8400  1038.7365    1502.89      1.349 0.0000e+00      18.00
   2391.000     3.1904   3.282302   2363.552    34.9658    27.8400  1038.7412    1502.90      1.252 0.0000e+00      20.00
   2392.000     3.1895   3.282258   2364.535    34.9657    27.8401  1038.7458    1502.91      1.090 0.0000e+00      23.00
   2393.000     3.1890   3.282248   2365.518    34.9656    27.8400  1038.7502    1502.92      1.121 0.0000e+00      23.00
   2394.000     3.1874   3.282123   2366.501    34.9654    27.8400  1038.7547    1502.93      1.546 0.0000e+00      15.00
   2395.000     3.1869   3.282138   2367.484    34.9656    27.8402  1038.7594    1502.95      1.886 0.0000e+00      12.00
   2396.000     3.1865   3.282107   2368.467    34.9653    27.8400  1038.7637    1502.96      2.037 0.0000e+00      12.00
   2397.000     3.1861   3.282113   2369.449    34.9652    27.8400  1038.7682    1502.98      2.012 0.0000e+00      10.00
   2398.000     3.1854   3.282084   2370.433    34.9652    27.8400  1038.7727    1502.99      1.781 0.0000e+00      14.00
   2399.000     3.1849   3.282045   2371.416    34.9648    27.8397  1038.7769    1503.01      1.188 0.0000e+00      21.00
   2400.000     3.1842   3.282009   2372.398    34.9646    27.8397  1038.7813    1503.02      0.467 0.0000e+00      44.00
   2401.000     3.1813   3.281782   2373.382    34.9645    27.8399  1038.7861    1503.02      1.655 0.0000e+00      14.00
   2402.000     3.1791   3.281629   2374.364    34.9646    27.8401  1038.7909    1503.03      1.997 0.0000e+00      12.00
   2403.000     3.1784   3.281610   2375.347    34.9645    27.8402  1038.7954    1503.04      2.203 0.0000e+00      10.00
   2404.000     3.1784   3.281648   2376.330    34.9645    27.8402  1038.7999    1503.06      2.353 0.0000e+00      11.00
   2405.000     3.1775   3.281570   2377.313    34.9641    27.8399  1038.8042    1503.07      2.430 0.0000e+00      10.00
   2406.000     3.1756   3.281438   2378.296    34.9641    27.8401  1038.8088    1503.08      2.373 0.0000e+00       9.00
   2407.000     3.1746   3.281378   2379.279    34.9640    27.8401  1038.8134    1503.10      2.115 0.0000e+00      10.00
   2408.000     3.1745   3.281402   2380.262    34.9639    27.8400  1038.8178    1503.11      1.322 0.0000e+00      19.00
   2409.000     3.1747   3.281470   2381.245    34.9641    27.8401  1038.8223    1503.13      1.169 0.0000e+00      16.00
   2410.000     3.1749   3.281555   2382.228    34.9643    27.8403  1038.8269    1503.15      2.625 0.0000e+00       9.00
   2411.000     3.1752   3.281602   2383.211    34.9641    27.8402  1038.8312    1503.17      2.520 0.0000e+00      11.00
   2412.000     3.1752   3.281661   2384.194    34.9643    27.8403  1038.8358    1503.18      2.383 0.0000e+00       9.00
   2413.000     3.1760   3.281770   2385.177    34.9644    27.8403  1038.8401    1503.20      2.183 0.0000e+00      10.00
   2414.000     3.1765   3.281841   2386.160    34.9643    27.8401  1038.8444    1503.22      1.825 0.0000e+00      13.00
   2415.000     3.1768   3.281908   2387.143    34.9642    27.8400  1038.8487    1503.24      1.146 0.0000e+00      24.00
   2416.000     3.1785   3.282154   2388.126    34.9649    27.8404  1038.8534    1503.27      0.646 0.0000e+00      40.00
   2417.000     3.1810   3.282495   2389.108    34.9659    27.8410  1038.8583    1503.29      1.457 0.0000e+00      14.00
   2418.000     3.1835   3.282801   2390.091    34.9664    27.8412  1038.8628    1503.32      1.718 0.0000e+00      14.00
   2419.000     3.1836   3.282843   2391.074    34.9663    27.8411  1038.8671    1503.34      1.843 0.0000e+00      14.00
   2420.000     3.1839   3.282937   2392.057    34.9667    27.8414  1038.8718    1503.36      1.954 0.0000e+00      11.00
   2421.000     3.1845   3.283050   2393.040    34.9669    27.8415  1038.8763    1503.38      2.027 0.0000e+00      11.00
   2422.000     3.1864   3.283322   2394.023    34.9677    27.8419  1038.8811    1503.40      2.011 0.0000e+00      12.00
   2423.000     3.1879   3.283519   2395.006    34.9679    27.8420  1038.8855    1503.43      1.867 0.0000e+00      12.00
   2424.000     3.1896   3.283740   2395.989    34.9683    27.8421  1038.8899    1503.45      1.542 0.0000e+00      15.00
   2425.000     3.1912   3.283950   2396.971    34.9687    27.8423  1038.8944    1503.48      0.849 0.0000e+00      33.00
   2426.000     3.1923   3.284143   2397.954    34.9693    27.8427  1038.8992    1503.50      0.836 0.0000e+00      31.00
   2427.000     3.1929   3.284275   2398.937    34.9698    27.8430  1038.9040    1503.52      1.445 0.0000e+00      15.00
   2428.000     3.1929   3.284311   2399.920    34.9697    27.8429  1038.9083    1503.54      1.580 0.0000e+00      15.00
   2429.000     3.1929   3.284340   2400.903    34.9697    27.8429  1038.9127    1503.55      1.563 0.0000e+00      17.00
   2430.000     3.1928   3.284377   2401.886    34.9698    27.8430  1038.9173    1503.57      1.495 0.0000e+00      15.00
   2431.000     3.1935   3.284517   2402.869    34.9702    27.8432  1038.9219    1503.59      1.399 0.0000e+00      17.00
   2432.000     3.1976   3.285036   2403.851    34.9716    27.8440  1038.9268    1503.62      1.389 0.0000e+00      18.00
   2433.000     3.1984   3.285179   2404.834    34.9719    27.8442  1038.9314    1503.65      1.490 0.0000e+00      15.00
   2434.000     3.1980   3.285178   2405.817    34.9719    27.8442  1038.9359    1503.66      1.498 0.0000e+00      15.00
   2435.000     3.1972   3.285143   2406.800    34.9718    27.8442  1038.9404    1503.67      1.396 0.0000e+00      18.00
   2436.000     3.1970   3.285168   2407.783    34.9719    27.8443  1038.9449    1503.69      1.527 0.0000e+00      18.00
   2437.000     3.1960   3.285117   2408.766    34.9719    27.8444  1038.9495    1503.70      1.889 0.0000e+00      11.00
   2438.000     3.1952   3.285063   2409.748    34.9717    27.8443  1038.9539    1503.72      2.145 0.0000e+00      11.00
   2439.000     3.1944   3.285028   2410.731    34.9717    27.8443  1038.9585    1503.73      2.184 0.0000e+00      10.00
   2440.000     3.1932   3.284932   2411.714    34.9713    27.8442  1038.9628    1503.74      1.962 0.0000e+00      11.00
   2441.000     3.1922   3.284881   2412.697    34.9712    27.8442  1038.9673    1503.75      1.217 0.0000e+00      20.00
   2442.000     3.1925   3.284958   2413.680    34.9714    27.8443  1038.9719    1503.77      1.010 0.0000e+00      22.00
   2443.000     3.1931   3.285095   2414.662    34.9719    27.8447  1038.9766    1503.79      1.863 0.0000e+00      11.00
   2444.000     3.1939   3.285201   2415.645    34.9719    27.8446  1038.9809    1503.81      1.800 0.0000e+00      14.00
   2445.000     3.1950   3.285334   2416.628    34.9719    27.8445  1038.9852    1503.83      1.644 0.0000e+00      14.00
   2446.000     3.1951   3.285391   2417.611    34.9719    27.8445  1038.9896    1503.85      1.553 0.0000e+00      17.00
   2447.000     3.1951   3.285433   2418.593    34.9720    27.8445  1038.9941    1503.87      1.595 0.0000e+00      15.00
   2448.000     3.1949   3.285463   2419.576    34.9721    27.8446  1038.9987    1503.88      1.750 0.0000e+00      14.00
   2449.000     3.1951   3.285547   2420.559    34.9724    27.8449  1039.0033    1503.90      1.850 0.0000e+00      13.00
   2450.000     3.1953   3.285585   2421.542    34.9722    27.8447  1039.0076    1503.92      1.841 0.0000e+00      12.00
   2451.000     3.1957   3.285650   2422.524    34.9721    27.8446  1039.0119    1503.94      1.711 0.0000e+00      14.00
   2452.000     3.1945   3.285601   2423.507    34.9723    27.8448  1039.0166    1503.95      1.513 0.0000e+00      15.00
   2453.000     3.1936   3.285546   2424.490    34.9722    27.8448  1039.0211    1503.96      1.294 0.0000e+00      20.00
   2454.000     3.1935   3.285580   2425.473    34.9722    27.8449  1039.0256    1503.98      0.987 0.0000e+00      23.00
   2455.000     3.1907   3.285321   2426.455    34.9716    27.8447  1039.0300    1503.98      0.736 0.0000e+00      35.00
   2456.000     3.1852   3.284869   2427.438    34.9715    27.8451  1039.0352    1503.98      1.471 0.0000e+00      15.00
   2457.000     3.1847   3.284895   2428.421    34.9719    27.8455  1039.0400    1503.99      1.848 0.0000e+00      11.00
   2458.000     3.1850   3.284958   2429.403    34.9719    27.8454  1039.0444    1504.01      1.904 0.0000e+00      13.00
   2459.000     3.1816   3.284601   2430.386    34.9708    27.8448  1039.0485    1504.01      1.770 0.0000e+00      13.00
   2460.000     3.1784   3.284354   2431.369    34.9707    27.8451  1039.0534    1504.02      1.428 0.0000e+00      17.00
   2461.000     3.1765   3.284199   2432.352    34.9704    27.8451  1039.0579    1504.02      0.842 0.0000e+00      34.00
   2462.000     3.1753   3.284131   2433.334    34.9704    27.8452  1039.0625    1504.04      1.160 0.0000e+00      21.00
   2463.000     3.1744   3.284094   2434.317    34.9705    27.8453  1039.0672    1504.05      1.828 0.0000e+00      12.00
   2464.000     3.1737   3.284076   2435.300    34.9705    27.8454  1039.0717    1504.06      2.136 0.0000e+00      12.00
   2465.000     3.1740   3.284136   2436.282    34.9705    27.8453  1039.0761    1504.08      2.285 0.0000e+00      10.00
   2466.000     3.1757   3.284388   2437.265    34.9712    27.8458  1039.0808    1504.11      2.282 0.0000e+00      11.00
   2467.000     3.1774   3.284589   2438.248    34.9713    27.8457  1039.0851    1504.13      2.136 0.0000e+00      11.00
   2468.000     3.1780   3.284672   2439.230    34.9713    27.8456  1039.0894    1504.15      1.811 0.0000e+00      13.00
   2469.000     3.1779   3.284682   2440.213    34.9710    27.8454  1039.0937    1504.17      1.235 0.0000e+00      20.00
   2470.000     3.1771   3.284642   2441.196    34.9709    27.8454  1039.0981    1504.18      0.697 0.0000e+00      37.00
   2471.000     3.1745   3.284448   2442.178    34.9709    27.8456  1039.1029    1504.19      1.255 0.0000e+00      19.00
   2472.000     3.1735   3.284391   2443.161    34.9708    27.8456  1039.1074    1504.20      1.400 0.0000e+00      16.00
   2473.000     3.1729   3.284384   2444.144    34.9708    27.8457  1039.1120    1504.21      1.378 0.0000e+00      17.00
   2474.000     3.1696   3.284066   2445.126    34.9701    27.8455  1039.1164    1504.21      1.397 0.0000e+00      17.00
   2475.000     3.1655   3.283708   2446.109    34.9697    27.8456  1039.1212    1504.21      1.420 0.0000e+00      17.00
   2476.000     3.1633   3.283516   2447.092    34.9693    27.8454  1039.1256    1504.22      1.214 0.0000e+00      21.00
   2477.000     3.1601   3.283245   2448.074    34.9689    27.8454  1039.1303    1504.22      0.891 0.0000e+00      29.00
   2478.000     3.1592   3.283202   2449.057    34.9689    27.8455  1039.1348    1504.24      1.281 0.0000e+00      18.00
   2479.000     3.1593   3.283259   2450.039    34.9691    27.8456  1039.1394    1504.25      1.752 0.0000e+00      15.00
   2480.000     3.1587   3.283219   2451.022    34.9688    27.8454  1039.1437    1504.27      1.994 0.0000e+00      10.00
   2481.000     3.1558   3.282953   2452.005    34.9682    27.8453  1039.1481    1504.27      2.116 0.0000e+00      11.00
   2482.000     3.1539   3.282816   2452.987    34.9681    27.8454  1039.1528    1504.28      2.130 0.0000e+00      11.00
   2483.000     3.1522   3.282673   2453.970    34.9677    27.8452  1039.1572    1504.29      2.031 0.0000e+00      11.00
   2484.000     3.1487   3.282327   2454.952    34.9668    27.8448  1039.1614    1504.29      1.772 0.0000e+00      14.00
   2485.000     3.1445   3.281975   2455.935    34.9667    27.8451  1039.1664    1504.29      1.321 0.0000e+00      18.00
   2486.000     3.1415   3.281723   2456.918    34.9663    27.8451  1039.1711    1504.29      0.709 0.0000e+00      40.00
   2487.000     3.1403   3.281651   2457.900    34.9663    27.8452  1039.1756    1504.30      1.257 0.0000e+00      20.00
   2488.000     3.1400   3.281658   2458.883    34.9662    27.8451  1039.1800    1504.32      1.568 0.0000e+00      13.00
   2489.000     3.1400   3.281676   2459.865    34.9660    27.8450  1039.1843    1504.34      1.526 0.0000e+00      16.00
   2490.000     3.1391   3.281612   2460.848    34.9657    27.8448  1039.1887    1504.35      1.392 0.0000e+00      18.00
   2491.000     3.1368   3.281436   2461.831    34.9656    27.8450  1039.1934    1504.36      1.528 0.0000e+00      16.00
   2492.000     3.1359   3.281403   2462.813    34.9656    27.8451  1039.1980    1504.37      1.800 0.0000e+00      13.00
