dados/ctd/rad1_doei009.cnv
* Sea-Bird SBE 9 Raw Data File:
* FileName = C:\OceanoEI\OEI009.dat
* Software Version Seasave Win32 v1.10
* Temperature SN = 2326
* Conductivity SN = 2149
* Number of Bytes Per Scan = 12
* Number of Voltage Words = 0
* System UpLoad Time = Nov 03 2001 23:28:47
** H-40 
** Navio Oceanografico ANTARES 
** 173a Comissao Oceanografica 
** OCEANO LESTE I 
** Estacao: OEI009
** Latitude: 10 46.6  S
** Longitude: 034 43.2  W
** Data-Hora (DDHHMMZ/MMM/AA): 032327Z/NOV/01
** Profundidade Local (m): 
** N/S do CTD: 11282 
** Operador: 1T E. ALMEIDA
# nquan = 11
# nvalues = 2537                        
# units = specified
# name 0 = prDM: Pressure, Digiquartz [db]
# name 1 = t068C: Temperature [ITS-68, deg C]
# name 2 = c0S/m: Conductivity [S/m]
# name 3 = depSM: Depth [salt water, m], lat = -15
# name 4 = sal00: Salinity [PSU]
# name 5 = sigma-t00: Density [sigma-t, Kg/m^3 ]
# name 6 = density00: Density [density, Kg/m^3]
# name 7 = svCM: Sound Velocity [Chen-Millero, m/s]
# name 8 = dz/dtM: Descent Rate [m/s], WS = 2
# name 9 = flag: flag
# name 10 = nbin: number of scans per bin
# span 0 =      2.000,   2538.000       
# span 1 =     3.1016,    26.8783       
# span 2 =   3.249684,   5.741730       
# span 3 =      1.988,   2508.006       
# span 4 =    34.4684,    37.1043       
# span 5 =    24.0442,    27.8506       
# span 6 =  1024.0591,  1039.4067       
# span 7 =    1479.76,    1541.17       
# span 8 =     -0.008,      3.534       
# span 9 = 0.0000e+00, 0.0000e+00       
# span 10 =       5.00,     675.00      
# interval = decibars: 1                
# start_time = Nov 03 2001 23:28:47
# bad_flag = -9.990e-29
*END*
[from data line 1705]
   1707.000     4.0903   3.339114   1690.110    35.0134    27.7874  1035.5889    1495.24      1.568 0.0000e+00      13.00
   1708.000     4.0900   3.339125   1691.096    35.0133    27.7874  1035.5933    1495.25      2.179 0.0000e+00      11.00
   1709.000     4.0891   3.339082   1692.082    35.0133    27.7875  1035.5980    1495.27      2.504 0.0000e+00       9.00
   1710.000     4.0869   3.338944   1693.068    35.0135    27.7878  1035.6029    1495.28      2.658 0.0000e+00       9.00
   1711.000     4.0855   3.338857   1694.054    35.0135    27.7880  1035.6076    1495.29      2.655 0.0000e+00       9.00
   1712.000     4.0843   3.338785   1695.040    35.0134    27.7881  1035.6122    1495.30      2.465 0.0000e+00       8.00
   1713.000     4.0835   3.338770   1696.027    35.0136    27.7884  1035.6170    1495.31      1.974 0.0000e+00      12.00
   1714.000     4.0807   3.338519   1697.013    35.0131    27.7883  1035.6215    1495.32      0.821 0.0000e+00      47.00
   1715.000     4.0758   3.338136   1697.999    35.0132    27.7889  1035.6268    1495.31      1.385 0.0000e+00      14.00
   1716.000     4.0731   3.337939   1698.985    35.0133    27.7892  1035.6317    1495.32      1.726 0.0000e+00      14.00
   1717.000     4.0706   3.337756   1699.971    35.0134    27.7895  1035.6366    1495.32      1.792 0.0000e+00      14.00
   1718.000     4.0692   3.337687   1700.957    35.0135    27.7898  1035.6414    1495.33      1.699 0.0000e+00      12.00
   1719.000     4.0680   3.337607   1701.943    35.0133    27.7897  1035.6459    1495.35      1.358 0.0000e+00      19.00
   1720.000     4.0669   3.337558   1702.929    35.0135    27.7900  1035.6507    1495.36      1.258 0.0000e+00      23.00
   1721.000     4.0663   3.337558   1703.915    35.0135    27.7901  1035.6553    1495.38      1.977 0.0000e+00      12.00
   1722.000     4.0660   3.337585   1704.901    35.0138    27.7904  1035.6601    1495.39      2.486 0.0000e+00       9.00
   1723.000     4.0656   3.337578   1705.887    35.0136    27.7903  1035.6645    1495.40      2.765 0.0000e+00       8.00
   1724.000     4.0648   3.337551   1706.873    35.0136    27.7903  1035.6691    1495.42      2.797 0.0000e+00       8.00
   1725.000     4.0641   3.337518   1707.859    35.0136    27.7903  1035.6736    1495.43      2.626 0.0000e+00       8.00
   1726.000     4.0636   3.337500   1708.846    35.0134    27.7903  1035.6781    1495.45      2.124 0.0000e+00      12.00
   1727.000     4.0630   3.337466   1709.832    35.0130    27.7901  1035.6824    1495.46      0.518 0.0000e+00      49.00
   1728.000     4.0626   3.337469   1710.818    35.0130    27.7901  1035.6869    1495.47      2.019 0.0000e+00      10.00
   1729.000     4.0611   3.337400   1711.804    35.0134    27.7905  1035.6919    1495.49      2.324 0.0000e+00      11.00
   1730.000     4.0602   3.337372   1712.789    35.0135    27.7908  1035.6966    1495.50      2.444 0.0000e+00       9.00
   1731.000     4.0590   3.337299   1713.775    35.0134    27.7908  1035.7012    1495.51      2.486 0.0000e+00       9.00
   1732.000     4.0578   3.337230   1714.762    35.0134    27.7909  1035.7058    1495.52      2.352 0.0000e+00      10.00
   1733.000     4.0570   3.337180   1715.748    35.0132    27.7908  1035.7103    1495.54      2.012 0.0000e+00      12.00
   1734.000     4.0558   3.337106   1716.734    35.0130    27.7908  1035.7148    1495.55      1.520 0.0000e+00      17.00
   1735.000     4.0535   3.336926   1717.720    35.0129    27.7910  1035.7196    1495.56      1.141 0.0000e+00      24.00
   1736.000     4.0492   3.336551   1718.706    35.0126    27.7912  1035.7244    1495.55      1.091 0.0000e+00      20.00
   1737.000     4.0422   3.335981   1719.692    35.0128    27.7921  1035.7301    1495.54      1.142 0.0000e+00      22.00
   1738.000     4.0403   3.335882   1720.678    35.0131    27.7925  1035.7351    1495.55      1.246 0.0000e+00      20.00
   1739.000     4.0395   3.335838   1721.664    35.0129    27.7924  1035.7395    1495.56      1.542 0.0000e+00      15.00
   1740.000     4.0388   3.335837   1722.650    35.0131    27.7927  1035.7443    1495.58      1.901 0.0000e+00      14.00
   1741.000     4.0386   3.335847   1723.636    35.0130    27.7926  1035.7487    1495.59      2.108 0.0000e+00       9.00
   1742.000     4.0379   3.335827   1724.622    35.0130    27.7927  1035.7533    1495.61      2.146 0.0000e+00      12.00
   1743.000     4.0375   3.335823   1725.608    35.0129    27.7927  1035.7578    1495.62      1.987 0.0000e+00      12.00
   1744.000     4.0366   3.335781   1726.593    35.0128    27.7927  1035.7623    1495.63      1.670 0.0000e+00      14.00
   1745.000     4.0363   3.335787   1727.579    35.0128    27.7927  1035.7668    1495.65      1.235 0.0000e+00      22.00
   1746.000     4.0357   3.335779   1728.565    35.0128    27.7928  1035.7714    1495.66      1.171 0.0000e+00      20.00
   1747.000     4.0355   3.335810   1729.551    35.0129    27.7928  1035.7760    1495.68      1.445 0.0000e+00      15.00
   1748.000     4.0354   3.335833   1730.537    35.0129    27.7928  1035.7805    1495.70      1.616 0.0000e+00      16.00
   1749.000     4.0347   3.335817   1731.523    35.0129    27.7929  1035.7851    1495.71      1.704 0.0000e+00      11.00
   1750.000     4.0339   3.335778   1732.509    35.0128    27.7930  1035.7896    1495.72      1.730 0.0000e+00      16.00
   1751.000     4.0309   3.335544   1733.495    35.0127    27.7932  1035.7945    1495.73      1.688 0.0000e+00      14.00
   1752.000     4.0284   3.335372   1734.481    35.0128    27.7936  1035.7994    1495.73      1.626 0.0000e+00      14.00
   1753.000     4.0255   3.335146   1735.467    35.0128    27.7939  1035.8043    1495.74      1.501 0.0000e+00      16.00
   1754.000     4.0225   3.334920   1736.453    35.0128    27.7942  1035.8093    1495.74      1.082 0.0000e+00      21.00
   1755.000     4.0215   3.334884   1737.439    35.0129    27.7944  1035.8140    1495.75      0.620 0.0000e+00      43.00
   1756.000     4.0215   3.334938   1738.425    35.0131    27.7945  1035.8186    1495.77      1.929 0.0000e+00      11.00
   1757.000     4.0210   3.334948   1739.410    35.0133    27.7947  1035.8233    1495.79      2.371 0.0000e+00      10.00
   1758.000     4.0204   3.334914   1740.396    35.0130    27.7946  1035.8277    1495.80      2.593 0.0000e+00       9.00
   1759.000     4.0195   3.334903   1741.382    35.0133    27.7949  1035.8325    1495.81      2.664 0.0000e+00       8.00
   1760.000     4.0192   3.334913   1742.368    35.0133    27.7949  1035.8370    1495.83      2.549 0.0000e+00       9.00
   1761.000     4.0185   3.334876   1743.354    35.0131    27.7948  1035.8414    1495.84      2.232 0.0000e+00      10.00
   1762.000     4.0167   3.334731   1744.340    35.0128    27.7948  1035.8460    1495.85      1.554 0.0000e+00      16.00
   1763.000     4.0159   3.334704   1745.326    35.0129    27.7949  1035.8506    1495.87      0.927 0.0000e+00      32.00
   1764.000     4.0159   3.334766   1746.312    35.0131    27.7951  1035.8554    1495.88      1.546 0.0000e+00      13.00
   1765.000     4.0160   3.334817   1747.297    35.0131    27.7951  1035.8598    1495.90      1.789 0.0000e+00      13.00
   1766.000     4.0162   3.334875   1748.283    35.0131    27.7950  1035.8642    1495.92      1.744 0.0000e+00      14.00
   1767.000     4.0162   3.334897   1749.269    35.0128    27.7949  1035.8685    1495.93      1.547 0.0000e+00      15.00
   1768.000     4.0163   3.334941   1750.255    35.0128    27.7948  1035.8730    1495.95      1.202 0.0000e+00      20.00
   1769.000     4.0090   3.334315   1751.241    35.0127    27.7955  1035.8784    1495.94      1.030 0.0000e+00      27.00
   1770.000     4.0065   3.334150   1752.227    35.0128    27.7959  1035.8834    1495.94      1.460 0.0000e+00      15.00
   1771.000     4.0044   3.334006   1753.213    35.0129    27.7962  1035.8883    1495.95      1.774 0.0000e+00      13.00
   1772.000     4.0019   3.333831   1754.198    35.0130    27.7964  1035.8931    1495.96      1.866 0.0000e+00      12.00
   1773.000     3.9997   3.333655   1755.184    35.0128    27.7965  1035.8978    1495.97      1.754 0.0000e+00      14.00
   1774.000     3.9975   3.333492   1756.170    35.0127    27.7967  1035.9025    1495.97      1.415 0.0000e+00      17.00
   1775.000     3.9930   3.333144   1757.156    35.0128    27.7973  1035.9078    1495.97      1.085 0.0000e+00      25.00
   1776.000     3.9918   3.333091   1758.142    35.0130    27.7975  1035.9125    1495.98      1.429 0.0000e+00      18.00
   1777.000     3.9912   3.333088   1759.127    35.0131    27.7977  1035.9172    1496.00      1.747 0.0000e+00      12.00
   1778.000     3.9910   3.333109   1760.113    35.0131    27.7977  1035.9217    1496.01      1.933 0.0000e+00      12.00
   1779.000     3.9908   3.333134   1761.099    35.0131    27.7977  1035.9263    1496.03      2.048 0.0000e+00      12.00
   1780.000     3.9901   3.333106   1762.085    35.0130    27.7977  1035.9307    1496.04      2.087 0.0000e+00      11.00
   1781.000     3.9893   3.333063   1763.071    35.0129    27.7977  1035.9353    1496.06      2.011 0.0000e+00      11.00
   1782.000     3.9871   3.332904   1764.056    35.0129    27.7979  1035.9401    1496.07      1.745 0.0000e+00      14.00
   1783.000     3.9854   3.332786   1765.042    35.0128    27.7981  1035.9448    1496.07      1.233 0.0000e+00      19.00
   1784.000     3.9842   3.332723   1766.028    35.0128    27.7982  1035.9495    1496.09      0.907 0.0000e+00      32.00
   1785.000     3.9835   3.332711   1767.014    35.0129    27.7983  1035.9541    1496.10      1.304 0.0000e+00      15.00
   1786.000     3.9831   3.332717   1767.999    35.0129    27.7984  1035.9586    1496.12      1.385 0.0000e+00      18.00
   1787.000     3.9822   3.332667   1768.985    35.0128    27.7984  1035.9632    1496.13      1.453 0.0000e+00      18.00
   1788.000     3.9815   3.332668   1769.971    35.0130    27.7987  1035.9679    1496.14      1.646 0.0000e+00      13.00
   1789.000     3.9813   3.332683   1770.957    35.0130    27.7987  1035.9724    1496.16      1.785 0.0000e+00      14.00
   1790.000     3.9809   3.332681   1771.942    35.0130    27.7986  1035.9769    1496.17      1.817 0.0000e+00      13.00
   1791.000     3.9806   3.332696   1772.928    35.0129    27.7987  1035.9814    1496.19      1.736 0.0000e+00      14.00
   1792.000     3.9803   3.332708   1773.914    35.0129    27.7987  1035.9859    1496.20      1.624 0.0000e+00      16.00
   1793.000     3.9799   3.332711   1774.900    35.0129    27.7987  1035.9904    1496.22      1.563 0.0000e+00      14.00
   1794.000     3.9792   3.332681   1775.885    35.0128    27.7987  1035.9949    1496.23      1.540 0.0000e+00      16.00
   1795.000     3.9771   3.332537   1776.871    35.0128    27.7989  1035.9998    1496.24      1.458 0.0000e+00      15.00
   1796.000     3.9748   3.332379   1777.857    35.0129    27.7992  1036.0047    1496.25      1.359 0.0000e+00      19.00
   1797.000     3.9744   3.332387   1778.842    35.0130    27.7993  1036.0092    1496.26      1.324 0.0000e+00      18.00
   1798.000     3.9736   3.332346   1779.828    35.0128    27.7993  1036.0137    1496.28      1.278 0.0000e+00      19.00
   1799.000     3.9724   3.332295   1780.814    35.0130    27.7996  1036.0185    1496.29      1.337 0.0000e+00      18.00
   1800.000     3.9711   3.332211   1781.800    35.0129    27.7996  1036.0231    1496.30      1.603 0.0000e+00      16.00
   1801.000     3.9705   3.332203   1782.785    35.0129    27.7997  1036.0277    1496.31      1.774 0.0000e+00      12.00
   1802.000     3.9701   3.332208   1783.771    35.0129    27.7998  1036.0323    1496.33      1.765 0.0000e+00      14.00
   1803.000     3.9698   3.332215   1784.757    35.0128    27.7997  1036.0367    1496.34      1.573 0.0000e+00      15.00
   1804.000     3.9692   3.332186   1785.742    35.0127    27.7996  1036.0412    1496.36      1.345 0.0000e+00      19.00
   1805.000     3.9685   3.332185   1786.728    35.0129    27.7999  1036.0459    1496.37      1.522 0.0000e+00      17.00
   1806.000     3.9677   3.332157   1787.714    35.0129    27.8000  1036.0505    1496.39      1.894 0.0000e+00      11.00
   1807.000     3.9671   3.332136   1788.699    35.0128    27.8000  1036.0550    1496.40      2.069 0.0000e+00      12.00
   1808.000     3.9665   3.332123   1789.685    35.0128    27.8001  1036.0596    1496.41      1.974 0.0000e+00      11.00
   1809.000     3.9661   3.332116   1790.671    35.0127    27.8000  1036.0640    1496.43      1.523 0.0000e+00      15.00
   1810.000     3.9658   3.332110   1791.656    35.0125    27.7998  1036.0684    1496.45      0.540 0.0000e+00      51.00
   1811.000     3.9636   3.331980   1792.642    35.0128    27.8003  1036.0735    1496.45      1.780 0.0000e+00      11.00
   1812.000     3.9630   3.331977   1793.628    35.0129    27.8005  1036.0781    1496.47      2.177 0.0000e+00      11.00
   1813.000     3.9627   3.331985   1794.613    35.0128    27.8005  1036.0826    1496.48      2.342 0.0000e+00       9.00
   1814.000     3.9622   3.331971   1795.599    35.0128    27.8005  1036.0871    1496.50      2.383 0.0000e+00       9.00
   1815.000     3.9609   3.331893   1796.584    35.0128    27.8006  1036.0918    1496.51      2.288 0.0000e+00      12.00
   1816.000     3.9596   3.331806   1797.570    35.0125    27.8005  1036.0962    1496.52      2.035 0.0000e+00       9.00
   1817.000     3.9582   3.331704   1798.556    35.0124    27.8006  1036.1008    1496.53      1.550 0.0000e+00      17.00
   1818.000     3.9566   3.331613   1799.541    35.0124    27.8008  1036.1056    1496.54      0.869 0.0000e+00      32.00
   1819.000     3.9562   3.331623   1800.527    35.0126    27.8009  1036.1102    1496.55      1.027 0.0000e+00      21.00
   1820.000     3.9554   3.331603   1801.513    35.0126    27.8011  1036.1148    1496.57      1.557 0.0000e+00      15.00
   1821.000     3.9551   3.331635   1802.498    35.0129    27.8013  1036.1196    1496.58      1.876 0.0000e+00      13.00
   1822.000     3.9549   3.331633   1803.484    35.0126    27.8011  1036.1239    1496.60      2.139 0.0000e+00      12.00
   1823.000     3.9509   3.331272   1804.469    35.0121    27.8011  1036.1285    1496.60      2.339 0.0000e+00       9.00
   1824.000     3.9475   3.331068   1805.455    35.0128    27.8020  1036.1340    1496.60      2.436 0.0000e+00      10.00
   1825.000     3.9469   3.331065   1806.441    35.0129    27.8022  1036.1387    1496.62      2.394 0.0000e+00      10.00
   1826.000     3.9466   3.331052   1807.426    35.0126    27.8020  1036.1430    1496.63      2.196 0.0000e+00       9.00
   1827.000     3.9446   3.330886   1808.412    35.0123    27.8019  1036.1476    1496.64      1.713 0.0000e+00      15.00
   1828.000     3.9427   3.330756   1809.397    35.0122    27.8020  1036.1522    1496.65      0.525 0.0000e+00      54.00
   1829.000     3.9414   3.330672   1810.383    35.0122    27.8022  1036.1569    1496.66      1.437 0.0000e+00      16.00
   1830.000     3.9384   3.330462   1811.368    35.0123    27.8026  1036.1619    1496.66      1.781 0.0000e+00      15.00
   1831.000     3.9368   3.330364   1812.354    35.0124    27.8028  1036.1667    1496.67      2.041 0.0000e+00      11.00
   1832.000     3.9359   3.330332   1813.340    35.0125    27.8030  1036.1714    1496.69      2.225 0.0000e+00      11.00
   1833.000     3.9340   3.330149   1814.325    35.0118    27.8027  1036.1756    1496.70      2.254 0.0000e+00       9.00
   1834.000     3.9304   3.329899   1815.311    35.0122    27.8034  1036.1810    1496.70      2.105 0.0000e+00      11.00
   1835.000     3.9300   3.329898   1816.296    35.0122    27.8034  1036.1855    1496.71      1.741 0.0000e+00      14.00
   1836.000     3.9297   3.329913   1817.282    35.0122    27.8034  1036.1900    1496.73      1.081 0.0000e+00      25.00
   1837.000     3.9296   3.329947   1818.267    35.0122    27.8034  1036.1945    1496.75      1.056 0.0000e+00      24.00
