dados/ctd/rad1_doei003.cnv
* Sea-Bird SBE 9 Raw Data File:
* FileName = C:\OceanoEI\OEI003.dat
* Software Version Seasave Win32 v1.10
* Temperature SN = 2326
* Conductivity SN = 2149
* Number of Bytes Per Scan = 12
* Number of Voltage Words = 0
* System UpLoad Time = Nov 02 2001 12:38:30
** H-40 
** Navio Oceanografico ANTARES 
** 173a Comissao Oceanografica 
** OCEANO LESTE I 
** Estacao: OEI003
** Latitude: 14 18.0 S    
** Longitude: 036 55.4 W
** Data-Hora (DDHHMMZ/MMM/AA): 021234Z/NOV/01
** Profundidade Local (m): 4126
** N/S do CTD: 11282 
** Operador: CT BARREIRA
# nquan = 11
# nvalues = 2533                        
# units = specified
# name 0 = prDM: Pressure, Digiquartz [db]
# name 1 = t068C: Temperature [ITS-68, deg C]
# name 2 = c0S/m: Conductivity [S/m]
# name 3 = depSM: Depth [salt water, m], lat = -15
# name 4 = sal00: Salinity [PSU]
# name 5 = sigma-t00: Density [sigma-t, Kg/m^3 ]
# name 6 = density00: Density [density, Kg/m^3]
# name 7 = svCM: Sound Velocity [Chen-Millero, m/s]
# name 8 = dz/dtM: Descent Rate [m/s], WS = 2
# name 9 = flag: flag
# name 10 = nbin: number of scans per bin
# span 0 =      1.000,   2533.000       
# span 1 =     3.3130,    26.3542       
# span 2 =   3.244297,   5.741203       
# span 3 =      0.994,   2503.094       
# span 4 =    34.4583,    37.3285       
# span 5 =    24.5292,    27.8402       
# span 6 =  1024.5344,  1039.3636       
# span 7 =    1479.88,    1540.17       
# span 8 =      0.087,      2.920       
# span 9 = 0.0000e+00, 0.0000e+00       
# span 10 =       0.00,      82.00      
# interval = decibars: 1                
# start_time = Nov 02 2001 12:38:30
# bad_flag = -9.990e-29
*END*
[from data line 2230]
   2231.000     3.5438   3.309670   2206.211    34.9926    27.8270  1037.9965    1501.72      2.197 0.0000e+00      12.00
   2232.000     3.5429   3.309615   2207.195    34.9924    27.8270  1038.0009    1501.73      1.941 0.0000e+00      12.00
   2233.000     3.5418   3.309548   2208.179    34.9923    27.8270  1038.0055    1501.75      1.329 0.0000e+00      16.00
   2234.000     3.5408   3.309460   2209.163    34.9918    27.8267  1038.0096    1501.76      0.293 0.0000e+00      48.00
   2235.000     3.5388   3.309342   2210.147    34.9921    27.8271  1038.0146    1501.77      2.064 0.0000e+00      11.00
   2236.000     3.5365   3.309179   2211.130    34.9921    27.8273  1038.0194    1501.78      2.274 0.0000e+00      10.00
   2237.000     3.5357   3.309128   2212.114    34.9919    27.8273  1038.0239    1501.79      2.243 0.0000e+00       9.00
   2238.000     3.5342   3.309028   2213.098    34.9918    27.8273  1038.0285    1501.80      2.054 0.0000e+00      11.00
   2239.000     3.5330   3.308957   2214.081    34.9917    27.8274  1038.0330    1501.81      1.749 0.0000e+00      14.00
   2240.000     3.5322   3.308907   2215.065    34.9915    27.8274  1038.0375    1501.82      1.306 0.0000e+00      20.00
   2241.000     3.5312   3.308858   2216.048    34.9915    27.8274  1038.0420    1501.84      0.989 0.0000e+00      25.00
   2242.000     3.5296   3.308768   2217.032    34.9917    27.8277  1038.0469    1501.85      1.082 0.0000e+00      23.00
   2243.000     3.5290   3.308753   2218.016    34.9917    27.8278  1038.0514    1501.86      1.346 0.0000e+00      16.00
   2244.000     3.5291   3.308813   2219.000    34.9918    27.8279  1038.0560    1501.88      1.603 0.0000e+00      16.00
   2245.000     3.5291   3.308848   2219.983    34.9918    27.8279  1038.0604    1501.90      1.812 0.0000e+00      13.00
   2246.000     3.5292   3.308906   2220.967    34.9918    27.8279  1038.0649    1501.91      1.941 0.0000e+00      12.00
   2247.000     3.5293   3.308952   2221.951    34.9918    27.8278  1038.0692    1501.93      1.945 0.0000e+00      12.00
   2248.000     3.5294   3.308992   2222.935    34.9917    27.8278  1038.0736    1501.95      1.820 0.0000e+00      12.00
   2249.000     3.5293   3.309013   2223.918    34.9916    27.8277  1038.0780    1501.96      1.542 0.0000e+00      16.00
   2250.000     3.5284   3.308959   2224.902    34.9914    27.8276  1038.0825    1501.98      1.248 0.0000e+00      22.00
   2251.000     3.5272   3.308868   2225.886    34.9911    27.8275  1038.0869    1501.99      1.318 0.0000e+00      17.00
   2252.000     3.5258   3.308797   2226.869    34.9913    27.8278  1038.0917    1502.00      1.524 0.0000e+00      16.00
   2253.000     3.5240   3.308669   2227.853    34.9912    27.8279  1038.0963    1502.01      1.528 0.0000e+00      15.00
   2254.000     3.5229   3.308598   2228.836    34.9910    27.8279  1038.1008    1502.02      1.281 0.0000e+00      18.00
   2255.000     3.5219   3.308525   2229.820    34.9908    27.8278  1038.1052    1502.03      0.785 0.0000e+00      39.00
   2256.000     3.5210   3.308475   2230.804    34.9907    27.8278  1038.1097    1502.04      1.452 0.0000e+00      17.00
   2257.000     3.5191   3.308339   2231.787    34.9906    27.8279  1038.1144    1502.05      2.151 0.0000e+00       9.00
   2258.000     3.5162   3.308108   2232.771    34.9905    27.8281  1038.1192    1502.06      2.456 0.0000e+00      10.00
   2259.000     3.5146   3.308010   2233.755    34.9906    27.8284  1038.1240    1502.07      2.592 0.0000e+00       9.00
   2260.000     3.5136   3.307941   2234.738    34.9904    27.8283  1038.1284    1502.08      2.547 0.0000e+00       9.00
   2261.000     3.5130   3.307929   2235.722    34.9903    27.8283  1038.1329    1502.10      2.325 0.0000e+00       9.00
   2262.000     3.5126   3.307925   2236.705    34.9902    27.8282  1038.1373    1502.11      1.841 0.0000e+00      12.00
   2263.000     3.5123   3.307908   2237.689    34.9899    27.8280  1038.1416    1502.13      0.611 0.0000e+00      57.00
   2264.000     3.5120   3.307947   2238.672    34.9902    27.8283  1038.1463    1502.14      1.812 0.0000e+00      11.00
   2265.000     3.5112   3.307916   2239.656    34.9903    27.8284  1038.1509    1502.15      2.245 0.0000e+00      10.00
   2266.000     3.5105   3.307889   2240.640    34.9902    27.8284  1038.1554    1502.17      2.369 0.0000e+00      10.00
   2267.000     3.5101   3.307904   2241.623    34.9903    27.8286  1038.1600    1502.18      2.310 0.0000e+00      10.00
   2268.000     3.5101   3.307921   2242.607    34.9900    27.8284  1038.1643    1502.20      2.113 0.0000e+00      11.00
   2269.000     3.5101   3.307968   2243.590    34.9901    27.8285  1038.1688    1502.22      1.726 0.0000e+00      14.00
   2270.000     3.5104   3.308024   2244.574    34.9900    27.8283  1038.1731    1502.24      1.142 0.0000e+00      23.00
   2271.000     3.5109   3.308116   2245.557    34.9901    27.8284  1038.1776    1502.25      0.913 0.0000e+00      28.00
   2272.000     3.5112   3.308198   2246.541    34.9903    27.8284  1038.1821    1502.27      1.201 0.0000e+00      19.00
   2273.000     3.5114   3.308255   2247.524    34.9903    27.8284  1038.1865    1502.29      1.436 0.0000e+00      17.00
   2274.000     3.5119   3.308357   2248.508    34.9905    27.8286  1038.1911    1502.31      1.659 0.0000e+00      14.00
   2275.000     3.5123   3.308458   2249.492    34.9907    27.8287  1038.1956    1502.33      1.749 0.0000e+00      13.00
   2276.000     3.5125   3.308493   2250.475    34.9906    27.8285  1038.1999    1502.35      1.615 0.0000e+00      16.00
   2277.000     3.5129   3.308574   2251.459    34.9906    27.8285  1038.2043    1502.36      1.242 0.0000e+00      18.00
   2278.000     3.5133   3.308646   2252.442    34.9906    27.8285  1038.2087    1502.38      1.068 0.0000e+00      26.00
   2279.000     3.5131   3.308700   2253.426    34.9909    27.8287  1038.2134    1502.40      1.700 0.0000e+00      14.00
   2280.000     3.5129   3.308736   2254.409    34.9911    27.8289  1038.2180    1502.42      2.117 0.0000e+00      11.00
   2281.000     3.5126   3.308741   2255.392    34.9911    27.8289  1038.2225    1502.43      2.331 0.0000e+00       9.00
   2282.000     3.5113   3.308660   2256.376    34.9910    27.8290  1038.2271    1502.44      2.383 0.0000e+00      10.00
   2283.000     3.5108   3.308652   2257.360    34.9910    27.8290  1038.2316    1502.46      2.280 0.0000e+00      11.00
   2284.000     3.5108   3.308715   2258.343    34.9912    27.8292  1038.2362    1502.47      1.998 0.0000e+00      11.00
   2285.000     3.5113   3.308787   2259.327    34.9910    27.8290  1038.2405    1502.49      1.368 0.0000e+00      18.00
   2286.000     3.5120   3.308902   2260.310    34.9912    27.8291  1038.2450    1502.51      0.191 0.0000e+00      57.00
   2287.000     3.5122   3.308998   2261.293    34.9917    27.8295  1038.2498    1502.53      1.833 0.0000e+00      12.00
   2288.000     3.5128   3.309123   2262.277    34.9920    27.8297  1038.2544    1502.55      2.057 0.0000e+00      13.00
   2289.000     3.5144   3.309347   2263.261    34.9925    27.8299  1038.2589    1502.58      2.124 0.0000e+00      10.00
   2290.000     3.5150   3.309428   2264.244    34.9924    27.8298  1038.2632    1502.59      2.031 0.0000e+00      11.00
   2291.000     3.5153   3.309502   2265.228    34.9925    27.8298  1038.2677    1502.61      1.703 0.0000e+00      14.00
   2292.000     3.5155   3.309580   2266.211    34.9927    27.8299  1038.2722    1502.63      1.085 0.0000e+00      28.00
   2293.000     3.5166   3.309761   2267.194    34.9932    27.8302  1038.2769    1502.65      1.230 0.0000e+00      21.00
   2294.000     3.5167   3.309819   2268.178    34.9934    27.8304  1038.2815    1502.67      1.910 0.0000e+00      12.00
   2295.000     3.5163   3.309837   2269.162    34.9936    27.8306  1038.2862    1502.69      2.232 0.0000e+00       9.00
   2296.000     3.5155   3.309776   2270.145    34.9932    27.8304  1038.2904    1502.70      2.277 0.0000e+00      11.00
   2297.000     3.5146   3.309739   2271.128    34.9932    27.8305  1038.2950    1502.71      2.124 0.0000e+00      11.00
   2298.000     3.5130   3.309599   2272.112    34.9928    27.8303  1038.2994    1502.72      1.772 0.0000e+00      13.00
   2299.000     3.5108   3.309407   2273.095    34.9924    27.8302  1038.3039    1502.73      0.988 0.0000e+00      28.00
   2300.000     3.5076   3.309178   2274.079    34.9926    27.8306  1038.3089    1502.73      1.066 0.0000e+00      25.00
   2301.000     3.5081   3.309282   2275.062    34.9928    27.8308  1038.3135    1502.75      1.998 0.0000e+00      10.00
   2302.000     3.5078   3.309283   2276.045    34.9927    27.8307  1038.3179    1502.77      2.229 0.0000e+00      11.00
   2303.000     3.5063   3.309162   2277.029    34.9923    27.8306  1038.3223    1502.78      2.214 0.0000e+00      10.00
   2304.000     3.5034   3.308917   2278.012    34.9920    27.8306  1038.3269    1502.78      1.998 0.0000e+00      12.00
   2305.000     3.5016   3.308790   2278.996    34.9919    27.8307  1038.3316    1502.79      1.549 0.0000e+00      15.00
   2306.000     3.4966   3.308338   2279.979    34.9914    27.8308  1038.3364    1502.79      0.799 0.0000e+00      39.00
   2307.000     3.4947   3.308218   2280.962    34.9915    27.8311  1038.3412    1502.80      1.095 0.0000e+00      21.00
   2308.000     3.4929   3.308089   2281.946    34.9914    27.8311  1038.3458    1502.80      1.504 0.0000e+00      17.00
   2309.000     3.4908   3.307929   2282.929    34.9913    27.8312  1038.3505    1502.81      1.784 0.0000e+00      13.00
   2310.000     3.4889   3.307802   2283.912    34.9913    27.8315  1038.3553    1502.82      2.032 0.0000e+00      11.00
   2311.000     3.4874   3.307677   2284.896    34.9910    27.8313  1038.3597    1502.83      2.171 0.0000e+00      11.00
   2312.000     3.4865   3.307626   2285.880    34.9908    27.8313  1038.3642    1502.85      2.164 0.0000e+00      10.00
   2313.000     3.4848   3.307495   2286.862    34.9906    27.8313  1038.3687    1502.85      1.997 0.0000e+00      10.00
   2314.000     3.4824   3.307322   2287.846    34.9906    27.8316  1038.3735    1502.86      1.601 0.0000e+00      16.00
   2315.000     3.4794   3.307078   2288.830    34.9905    27.8317  1038.3783    1502.86      0.951 0.0000e+00      31.00
   2316.000     3.4783   3.307029   2289.813    34.9906    27.8320  1038.3830    1502.88      1.108 0.0000e+00      20.00
   2317.000     3.4776   3.307011   2290.796    34.9906    27.8320  1038.3876    1502.89      1.579 0.0000e+00      16.00
   2318.000     3.4776   3.307064   2291.780    34.9907    27.8321  1038.3921    1502.91      1.692 0.0000e+00      13.00
   2319.000     3.4778   3.307106   2292.763    34.9905    27.8320  1038.3964    1502.93      1.673 0.0000e+00      15.00
   2320.000     3.4785   3.307204   2293.746    34.9905    27.8319  1038.4007    1502.95      1.657 0.0000e+00      15.00
   2321.000     3.4791   3.307300   2294.730    34.9906    27.8319  1038.4051    1502.96      1.655 0.0000e+00      13.00
   2322.000     3.4800   3.307434   2295.713    34.9908    27.8319  1038.4096    1502.99      1.634 0.0000e+00      15.00
   2323.000     3.4815   3.307592   2296.696    34.9906    27.8316  1038.4137    1503.01      1.561 0.0000e+00      17.00
   2324.000     3.4771   3.307199   2297.680    34.9900    27.8316  1038.4183    1503.01      1.316 0.0000e+00      16.00
   2325.000     3.4738   3.306930   2298.663    34.9900    27.8319  1038.4233    1503.01      0.549 0.0000e+00      53.00
   2326.000     3.4716   3.306791   2299.646    34.9901    27.8322  1038.4281    1503.02      1.719 0.0000e+00      13.00
   2327.000     3.4705   3.306733   2300.630    34.9902    27.8324  1038.4328    1503.03      2.183 0.0000e+00      10.00
   2328.000     3.4686   3.306587   2301.613    34.9899    27.8324  1038.4373    1503.04      2.384 0.0000e+00      10.00
   2329.000     3.4667   3.306458   2302.596    34.9899    27.8325  1038.4421    1503.05      2.444 0.0000e+00       9.00
   2330.000     3.4662   3.306459   2303.579    34.9900    27.8327  1038.4467    1503.06      2.401 0.0000e+00      11.00
   2331.000     3.4643   3.306322   2304.562    34.9899    27.8328  1038.4513    1503.07      2.255 0.0000e+00       9.00
   2332.000     3.4635   3.306304   2305.546    34.9901    27.8330  1038.4560    1503.08      1.974 0.0000e+00      13.00
   2333.000     3.4632   3.306317   2306.529    34.9901    27.8330  1038.4605    1503.10      1.591 0.0000e+00      16.00
   2334.000     3.4628   3.306312   2307.512    34.9900    27.8330  1038.4649    1503.11      1.208 0.0000e+00      20.00
   2335.000     3.4624   3.306319   2308.496    34.9901    27.8331  1038.4695    1503.13      1.125 0.0000e+00      23.00
   2336.000     3.4616   3.306283   2309.479    34.9899    27.8331  1038.4740    1503.14      1.261 0.0000e+00      18.00
   2337.000     3.4608   3.306243   2310.462    34.9899    27.8331  1038.4785    1503.16      1.152 0.0000e+00      19.00
   2338.000     3.4597   3.306170   2311.446    34.9897    27.8331  1038.4830    1503.17      0.744 0.0000e+00      39.00
   2339.000     3.4595   3.306199   2312.429    34.9898    27.8332  1038.4875    1503.18      1.272 0.0000e+00      19.00
   2340.000     3.4595   3.306265   2313.412    34.9902    27.8334  1038.4922    1503.20      2.002 0.0000e+00      12.00
   2341.000     3.4593   3.306287   2314.395    34.9902    27.8335  1038.4967    1503.22      2.396 0.0000e+00      10.00
   2342.000     3.4591   3.306304   2315.379    34.9901    27.8335  1038.5012    1503.23      2.626 0.0000e+00       8.00
   2343.000     3.4580   3.306212   2316.362    34.9897    27.8332  1038.5054    1503.25      2.683 0.0000e+00       9.00
   2344.000     3.4565   3.306130   2317.345    34.9898    27.8335  1038.5102    1503.26      2.595 0.0000e+00       8.00
   2345.000     3.4561   3.306134   2318.328    34.9898    27.8335  1038.5147    1503.27      2.303 0.0000e+00      11.00
   2346.000     3.4556   3.306098   2319.311    34.9894    27.8332  1038.5189    1503.29      1.725 0.0000e+00      13.00
   2347.000     3.4555   3.306116   2320.295    34.9893    27.8332  1038.5233    1503.30      0.353 0.0000e+00      57.00
   2348.000     3.4542   3.306040   2321.278    34.9894    27.8334  1038.5280    1503.31      2.016 0.0000e+00      11.00
   2349.000     3.4538   3.306067   2322.261    34.9896    27.8336  1038.5327    1503.33      2.283 0.0000e+00      10.00
   2350.000     3.4537   3.306107   2323.244    34.9897    27.8336  1038.5372    1503.35      2.223 0.0000e+00      11.00
   2351.000     3.4536   3.306132   2324.227    34.9896    27.8336  1038.5416    1503.36      1.947 0.0000e+00      10.00
   2352.000     3.4538   3.306161   2325.211    34.9893    27.8333  1038.5458    1503.38      1.378 0.0000e+00      17.00
   2353.000     3.4540   3.306225   2326.194    34.9894    27.8334  1038.5502    1503.40      0.802 0.0000e+00      36.00
   2354.000     3.4543   3.306315   2327.177    34.9897    27.8336  1038.5549    1503.41      1.753 0.0000e+00      13.00
   2355.000     3.4541   3.306362   2328.160    34.9900    27.8338  1038.5596    1503.43      2.096 0.0000e+00      10.00
   2356.000     3.4540   3.306386   2329.143    34.9899    27.8338  1038.5639    1503.45      2.113 0.0000e+00      12.00
   2357.000     3.4537   3.306379   2330.127    34.9897    27.8336  1038.5683    1503.46      1.901 0.0000e+00      11.00
   2358.000     3.4536   3.306396   2331.110    34.9895    27.8335  1038.5726    1503.48      1.492 0.0000e+00      16.00
   2359.000     3.4531   3.306377   2332.093    34.9894    27.8335  1038.5770    1503.49      0.980 0.0000e+00      27.00
   2360.000     3.4526   3.306379   2333.076    34.9895    27.8336  1038.5816    1503.51      1.118 0.0000e+00      22.00
