dados/ctd/rad1_doei001.cnv
* Sea-Bird SBE 9 Raw Data File:
* FileName = C:\OceanoEI\OEI001.dat
* Software Version Seasave Win32 v1.10
* Temperature SN = 2326
* Conductivity SN = 2149
* Number of Bytes Per Scan = 12
* Number of Voltage Words = 0
* System UpLoad Time = Nov 02 2001 00:10:52
** H-40 
** Navio Oceanografico ANTARES 
** 173a Comissao Oceanografica 
** OCEANO LESTE I 
** Estacao: OEI001
** Latitude: 15 26.4 S
** Longitude: 037 48.3 W
** Data-Hora (DDHHMMZ/MMM/AA): 020009Z/NOV/01
** Profundidade Local (m): 3500
** N/S do CTD: 11282 
** Operador: CT BARREIRA
# nquan = 10
# nvalues = 2535                        
# units = specified
# name 0 = prDM: Pressure, Digiquartz [db]
# name 1 = t068C: Temperature [ITS-68, deg C]
# name 2 = c0S/m: Conductivity [S/m]
# name 3 = depSM: Depth [salt water, m], lat = -15
# name 4 = sal00: Salinity [PSU]
# name 5 = sigma-t00: Density [sigma-t, Kg/m^3 ]
# name 6 = density00: Density [density, Kg/m^3]
# name 7 = svCM: Sound Velocity [Chen-Millero, m/s]
# name 8 = dz/dtM: Descent Rate [m/s], WS = 2
# name 9 = flag: flag
# span 0 =      1.000,   2535.000       
# span 1 =     3.2497,    26.3348       
# span 2 =   3.237642,   5.740412       
# span 3 =      0.994,   2505.059       
# span 4 =    34.3951,    37.2759       
# span 5 =    24.5406,    27.8401       
# span 6 =  1024.5465,  1039.3762       
# span 7 =    1480.07,    1540.19       
# span 8 =     -0.152,      2.886       
# span 9 = 0.0000e+00, 0.0000e+00       
# interval = decibars: 1                
# start_time = Nov 02 2001 00:10:52
# bad_flag = -9.990e-29
*END*
[from data line 865]
    866.000     4.0289   3.247934    859.145    34.4236    27.3248  1031.3232    1480.23      1.758 0.0000e+00
    867.000     4.0139   3.246781    860.134    34.4251    27.3275  1031.3309    1480.19      1.676 0.0000e+00
    868.000     3.9970   3.245668    861.125    34.4290    27.3324  1031.3406    1480.13      1.347 0.0000e+00
    869.000     3.9924   3.245413    862.115    34.4304    27.3339  1031.3468    1480.14      1.137 0.0000e+00
    870.000     3.9920   3.245468    863.105    34.4310    27.3344  1031.3519    1480.15      1.395 0.0000e+00
    871.000     3.9918   3.245517    864.095    34.4312    27.3346  1031.3567    1480.16      1.710 0.0000e+00
    872.000     3.9912   3.245529    865.085    34.4314    27.3349  1031.3615    1480.18      1.787 0.0000e+00
    873.000     3.9904   3.245516    866.075    34.4316    27.3351  1031.3663    1480.20      1.670 0.0000e+00
    874.000     3.9882   3.245377    867.065    34.4317    27.3354  1031.3713    1480.20      1.401 0.0000e+00
    875.000     3.9822   3.244945    868.055    34.4324    27.3366  1031.3772    1480.19      1.246 0.0000e+00
    876.000     3.9766   3.244658    869.045    34.4344    27.3387  1031.3840    1480.19      1.404 0.0000e+00
    877.000     3.9765   3.244778    870.035    34.4353    27.3395  1031.3893    1480.21      1.498 0.0000e+00
    878.000     3.9776   3.244939    871.024    34.4356    27.3396  1031.3940    1480.23      1.521 0.0000e+00
    879.000     3.9777   3.244987    872.015    34.4356    27.3396  1031.3985    1480.24      1.540 0.0000e+00
    880.000     3.9774   3.245007    873.005    34.4355    27.3395  1031.4031    1480.26      1.473 0.0000e+00
    881.000     3.9757   3.244916    873.994    34.4358    27.3399  1031.4081    1480.27      1.193 0.0000e+00
    882.000     3.9705   3.244516    874.984    34.4360    27.3406  1031.4135    1480.26      1.073 0.0000e+00
    883.000     3.9659   3.244211    875.974    34.4366    27.3416  1031.4191    1480.26      1.279 0.0000e+00
    884.000     3.9629   3.243989    876.965    34.4366    27.3419  1031.4241    1480.27      1.508 0.0000e+00
    885.000     3.9601   3.243825    877.954    34.4371    27.3426  1031.4293    1480.27      1.619 0.0000e+00
    886.000     3.9569   3.243604    878.944    34.4373    27.3431  1031.4345    1480.28      1.791 0.0000e+00
    887.000     3.9519   3.243257    879.934    34.4380    27.3441  1031.4402    1480.27      1.952 0.0000e+00
    888.000     3.9477   3.242992    880.924    34.4387    27.3451  1031.4458    1480.27      2.023 0.0000e+00
    889.000     3.9403   3.242422    881.914    34.4392    27.3463  1031.4517    1480.26      1.934 0.0000e+00
    890.000     3.9336   3.242006    882.904    34.4408    27.3482  1031.4584    1480.25      1.700 0.0000e+00
    891.000     3.9289   3.241716    883.894    34.4417    27.3495  1031.4643    1480.25      1.429 0.0000e+00
    892.000     3.9258   3.241496    884.884    34.4418    27.3499  1031.4693    1480.25      1.297 0.0000e+00
    893.000     3.9246   3.241452    885.874    34.4420    27.3502  1031.4742    1480.27      1.257 0.0000e+00
    894.000     3.9233   3.241392    886.864    34.4421    27.3503  1031.4790    1480.27      1.212 0.0000e+00
    895.000     3.9170   3.241020    887.853    34.4439    27.3524  1031.4858    1480.27      1.271 0.0000e+00
    896.000     3.9143   3.240847    888.843    34.4441    27.3528  1031.4908    1480.27      1.394 0.0000e+00
    897.000     3.9134   3.240853    889.833    34.4446    27.3534  1031.4960    1480.29      1.578 0.0000e+00
    898.000     3.9132   3.240892    890.823    34.4448    27.3536  1031.5008    1480.30      1.660 0.0000e+00
    899.000     3.9127   3.240927    891.813    34.4452    27.3539  1031.5056    1480.32      1.620 0.0000e+00
    900.000     3.9121   3.240906    892.803    34.4451    27.3539  1031.5102    1480.33      1.375 0.0000e+00
    901.000     3.9121   3.240906    892.803    34.4451    27.3539  1031.5102    1480.33      1.375 0.0000e+00
    902.000     3.9049   3.240495    894.604    34.4468    27.3559  1031.5207    1480.33      1.244 0.0000e+00
    903.000     3.9039   3.240480    895.772    34.4471    27.3564  1031.5266    1480.35      1.628 0.0000e+00
    904.000     3.9027   3.240410    896.762    34.4469    27.3563  1031.5311    1480.36      1.830 0.0000e+00
    905.000     3.9000   3.240229    897.752    34.4472    27.3568  1031.5363    1480.37      1.868 0.0000e+00
    906.000     3.8988   3.240242    898.742    34.4481    27.3576  1031.5417    1480.38      1.729 0.0000e+00
    907.000     3.8977   3.240254    899.732    34.4489    27.3583  1031.5470    1480.39      1.505 0.0000e+00
    908.000     3.8969   3.240284    900.722    34.4495    27.3590  1031.5522    1480.41      1.372 0.0000e+00
    909.000     3.8921   3.240043    901.711    34.4512    27.3608  1031.5587    1480.40      1.511 0.0000e+00
    910.000     3.8807   3.239222    902.701    34.4529    27.3633  1031.5660    1480.37      1.631 0.0000e+00
    911.000     3.8686   3.238392    903.691    34.4551    27.3663  1031.5739    1480.35      1.521 0.0000e+00
    912.000     3.8653   3.238226    904.681    34.4561    27.3675  1031.5797    1480.35      1.179 0.0000e+00
    913.000     3.8655   3.238272    905.671    34.4559    27.3673  1031.5840    1480.37      0.991 0.0000e+00
    914.000     3.8653   3.238286    906.661    34.4558    27.3672  1031.5885    1480.38      1.293 0.0000e+00
    915.000     3.8653   3.238345    907.650    34.4560    27.3673  1031.5933    1480.40      1.775 0.0000e+00
    916.000     3.8652   3.238383    908.640    34.4560    27.3674  1031.5979    1480.42      2.112 0.0000e+00
    917.000     3.8652   3.238432    909.630    34.4562    27.3674  1031.6025    1480.43      2.254 0.0000e+00
    918.000     3.8645   3.238430    910.620    34.4563    27.3677  1031.6073    1480.44      2.219 0.0000e+00
    919.000     3.8632   3.238340    911.609    34.4562    27.3677  1031.6119    1480.45      1.973 0.0000e+00
    920.000     3.8592   3.238122    912.599    34.4572    27.3689  1031.6178    1480.46      1.309 0.0000e+00
    921.000     3.8566   3.237978    913.589    34.4577    27.3696  1031.6231    1480.46      1.121 0.0000e+00
    922.000     3.8535   3.237779    914.579    34.4581    27.3702  1031.6284    1480.47      1.527 0.0000e+00
    923.000     3.8504   3.237642    915.568    34.4591    27.3714  1031.6341    1480.47      1.801 0.0000e+00
    924.000     3.8557   3.238493    916.558    34.4632    27.3741  1031.6413    1480.51      1.792 0.0000e+00
    925.000     3.8612   3.239024    917.548    34.4632    27.3735  1031.6452    1480.56      1.661 0.0000e+00
    926.000     3.8690   3.239941    918.538    34.4654    27.3744  1031.6505    1480.61      1.517 0.0000e+00
    927.000     3.8896   3.242331    919.528    34.4717    27.3773  1031.6575    1480.72      1.433 0.0000e+00
    928.000     3.9075   3.244180    920.517    34.4743    27.3775  1031.6618    1480.81      1.314 0.0000e+00
    929.000     3.9135   3.244824    921.507    34.4751    27.3776  1031.6664    1480.86      1.179 0.0000e+00
    930.000     3.9152   3.245050    922.497    34.4755    27.3778  1031.6710    1480.88      1.337 0.0000e+00
    931.000     3.9105   3.244655    923.486    34.4752    27.3780  1031.6759    1480.88      1.632 0.0000e+00
    932.000     3.9068   3.244397    924.476    34.4755    27.3786  1031.6812    1480.88      1.821 0.0000e+00
    933.000     3.9042   3.244134    925.466    34.4747    27.3782  1031.6854    1480.88      1.794 0.0000e+00
    934.000     3.8926   3.243032    926.456    34.4733    27.3783  1031.6903    1480.85      1.636 0.0000e+00
    935.000     3.8870   3.242647    927.445    34.4741    27.3795  1031.6962    1480.84      1.391 0.0000e+00
    936.000     3.8799   3.242089    928.435    34.4744    27.3805  1031.7019    1480.83      1.134 0.0000e+00
    937.000     3.8803   3.242181    929.425    34.4745    27.3805  1031.7065    1480.85      1.029 0.0000e+00
    938.000     3.8808   3.242295    930.414    34.4748    27.3807  1031.7113    1480.87      1.388 0.0000e+00
    939.000     3.8821   3.242483    931.404    34.4752    27.3810  1031.7161    1480.89      1.803 0.0000e+00
    940.000     3.8837   3.242691    932.394    34.4754    27.3810  1031.7206    1480.91      2.020 0.0000e+00
    941.000     3.8869   3.243088    933.384    34.4763    27.3813  1031.7255    1480.94      2.060 0.0000e+00
    942.000     3.8916   3.243639    934.373    34.4774    27.3817  1031.7303    1480.98      1.913 0.0000e+00
    943.000     3.8976   3.244226    935.363    34.4776    27.3813  1031.7343    1481.02      1.677 0.0000e+00
    944.000     3.8988   3.244479    936.353    34.4788    27.3821  1031.7396    1481.05      1.342 0.0000e+00
    945.000     3.9334   3.248908    937.342    34.4945    27.3910  1031.7523    1481.23      1.165 0.0000e+00
    946.000     3.9822   3.253578    938.332    34.4981    27.3888  1031.7535    1481.46      1.244 0.0000e+00
    947.000     3.9886   3.254223    939.321    34.4986    27.3885  1031.7576    1481.50      1.417 0.0000e+00
    948.000     3.9863   3.254078    940.311    34.4987    27.3889  1031.7626    1481.51      1.608 0.0000e+00
    949.000     3.9850   3.254017    941.301    34.4989    27.3892  1031.7674    1481.51      1.709 0.0000e+00
    950.000     3.9837   3.253963    942.290    34.4990    27.3894  1031.7723    1481.53      1.648 0.0000e+00
    951.000     3.9830   3.253944    943.280    34.4991    27.3896  1031.7770    1481.54      1.397 0.0000e+00
    952.000     3.9826   3.253945    944.270    34.4990    27.3895  1031.7815    1481.56      0.964 0.0000e+00
    953.000     3.9798   3.253755    945.259    34.4992    27.3900  1031.7866    1481.56      1.186 0.0000e+00
    954.000     3.9815   3.254120    946.249    34.5012    27.3914  1031.7926    1481.59      1.713 0.0000e+00
    955.000     3.9849   3.254595    947.239    34.5028    27.3923  1031.7979    1481.62      2.028 0.0000e+00
    956.000     3.9868   3.254859    948.228    34.5034    27.3926  1031.8027    1481.65      2.135 0.0000e+00
    957.000     3.9895   3.255238    949.217    34.5045    27.3932  1031.8078    1481.68      2.051 0.0000e+00
    958.000     3.9908   3.255415    950.207    34.5047    27.3932  1031.8124    1481.70      1.833 0.0000e+00
    959.000     3.9926   3.255692    951.197    34.5057    27.3938  1031.8175    1481.72      1.587 0.0000e+00
    960.000     3.9948   3.256002    952.187    34.5065    27.3942  1031.8224    1481.75      1.463 0.0000e+00
    961.000     3.9973   3.256473    953.176    34.5089    27.3959  1031.8286    1481.78      1.496 0.0000e+00
    962.000     4.0009   3.256986    954.166    34.5107    27.3969  1031.8341    1481.81      1.337 0.0000e+00
    963.000     4.0016   3.257078    955.155    34.5105    27.3967  1031.8384    1481.83      0.964 0.0000e+00
    964.000     4.0021   3.257205    956.145    34.5110    27.3971  1031.8433    1481.85      0.851 0.0000e+00
    965.000     4.0021   3.257242    957.134    34.5110    27.3970  1031.8479    1481.87      1.448 0.0000e+00
    966.000     4.0025   3.257342    958.124    34.5112    27.3972  1031.8525    1481.89      1.791 0.0000e+00
    967.000     4.0027   3.257447    959.113    34.5117    27.3976  1031.8575    1481.91      2.010 0.0000e+00
    968.000     4.0030   3.257497    960.103    34.5115    27.3973  1031.8619    1481.92      2.086 0.0000e+00
    969.000     4.0028   3.257555    961.093    34.5119    27.3977  1031.8668    1481.94      2.026 0.0000e+00
    970.000     4.0022   3.257558    962.082    34.5120    27.3978  1031.8715    1481.96      1.843 0.0000e+00
    971.000     4.0008   3.257540    963.072    34.5128    27.3986  1031.8769    1481.96      1.549 0.0000e+00
    972.000     3.9991   3.257510    964.061    34.5137    27.3995  1031.8824    1481.97      1.123 0.0000e+00
    973.000     3.9988   3.257526    965.051    34.5137    27.3996  1031.8870    1481.99      0.955 0.0000e+00
    974.000     3.9987   3.257607    966.040    34.5142    27.4000  1031.8920    1482.01      1.210 0.0000e+00
    975.000     3.9987   3.257674    967.030    34.5145    27.4002  1031.8968    1482.03      1.577 0.0000e+00
    976.000     3.9987   3.257752    968.019    34.5149    27.4005  1031.9016    1482.04      1.868 0.0000e+00
    977.000     3.9989   3.257839    969.009    34.5152    27.4008  1031.9064    1482.06      2.003 0.0000e+00
    978.000     3.9988   3.257872    969.998    34.5152    27.4008  1031.9110    1482.08      1.991 0.0000e+00
    979.000     3.9982   3.257868    970.988    34.5153    27.4009  1031.9157    1482.09      1.810 0.0000e+00
    980.000     3.9969   3.257837    971.977    34.5158    27.4014  1031.9208    1482.10      1.507 0.0000e+00
    981.000     3.9952   3.257794    972.967    34.5165    27.4021  1031.9262    1482.11      1.291 0.0000e+00
    982.000     3.9950   3.257839    973.956    34.5167    27.4023  1031.9309    1482.13      1.383 0.0000e+00
    983.000     3.9944   3.257864    974.946    34.5172    27.4028  1031.9359    1482.14      1.393 0.0000e+00
    984.000     3.9941   3.257880    975.935    34.5172    27.4028  1031.9405    1482.16      1.239 0.0000e+00
    985.000     3.9937   3.257905    976.925    34.5174    27.4030  1031.9453    1482.17      1.176 0.0000e+00
    986.000     3.9937   3.257951    977.914    34.5175    27.4030  1031.9499    1482.19      1.378 0.0000e+00
    987.000     3.9931   3.257975    978.904    34.5178    27.4034  1031.9548    1482.20      1.580 0.0000e+00
    988.000     3.9924   3.257971    979.893    34.5181    27.4037  1031.9596    1482.22      1.630 0.0000e+00
    989.000     3.9916   3.257966    980.883    34.5183    27.4040  1031.9645    1482.24      1.532 0.0000e+00
    990.000     3.9913   3.258173    981.872    34.5206    27.4058  1031.9709    1482.25      1.374 0.0000e+00
    991.000     3.9914   3.258318    982.862    34.5216    27.4066  1031.9763    1482.27      1.413 0.0000e+00
    992.000     3.9914   3.258405    983.851    34.5222    27.4070  1031.9813    1482.29      1.600 0.0000e+00
    993.000     3.9913   3.258495    984.841    34.5228    27.4076  1031.9864    1482.30      1.724 0.0000e+00
    994.000     3.9914   3.258590    985.830    34.5233    27.4079  1031.9913    1482.32      1.682 0.0000e+00
    995.000     3.9918   3.258710    986.819    34.5239    27.4084  1031.9962    1482.34      1.530 0.0000e+00
    996.000     3.9927   3.258956    987.809    34.5253    27.4094  1032.0018    1482.36      1.545 0.0000e+00
    997.000     3.9916   3.259092    988.798    34.5275    27.4113  1032.0083    1482.37      1.715 0.0000e+00
    998.000     3.9912   3.259192    989.788    34.5286    27.4121  1032.0137    1482.39      1.778 0.0000e+00
    999.000     3.9902   3.259215    990.777    34.5294    27.4129  1032.0190    1482.41      1.582 0.0000e+00
   1000.000     3.9882   3.259145    991.766    34.5301    27.4137  1032.0244    1482.41      1.241 0.0000e+00
   1001.000     3.9862   3.259015    992.756    34.5302    27.4139  1032.0293    1482.42      1.114 0.0000e+00
   1002.000     3.9826   3.258803    993.745    34.5310    27.4150  1032.0350    1482.43      1.361 0.0000e+00
   1003.000     3.9806   3.258714    994.735    34.5315    27.4156  1032.0402    1482.44      1.529 0.0000e+00
   1004.000     3.9766   3.258502    995.724    34.5327    27.4169  1032.0462    1482.44      1.436 0.0000e+00
   1005.000     3.9732   3.258423    996.713    34.5348    27.4190  1032.0529    1482.44      1.276 0.0000e+00
   1006.000     3.9693   3.258256    997.702    34.5364    27.4207  1032.0592    1482.44      1.427 0.0000e+00
   1007.000     3.9685   3.258276    998.692    34.5370    27.4212  1032.0643    1482.46      1.770 0.0000e+00
   1008.000     3.9601   3.257472    999.681    34.5357    27.4211  1032.0690    1482.44      1.989 0.0000e+00
   1009.000     3.9545   3.257123   1000.671    34.5370    27.4226  1032.0752    1482.43      1.909 0.0000e+00
