dados/ctd/rad1_doei005.cnv
* Sea-Bird SBE 9 Raw Data File:
* FileName = C:\OceanoEI\OEI005.dat
* Software Version Seasave Win32 v1.10
* Temperature SN = 2326
* Conductivity SN = 2149
* Number of Bytes Per Scan = 12
* Number of Voltage Words = 0
* System UpLoad Time = Nov 03 2001 00:41:26
** H-40 
** Navio Oceanografico ANTARES 
** 173a Comissao Oceanografica 
** OCEANO LESTE I 
** Estacao: OEI005
** Latitude: 13 08.0 S
** Longitude: 036 05.2 W
** Data-Hora (DDHHMMZ/MMM/AA): 020037Z/NOV/01
** Profundidade Local (m): 4284
** N/S do CTD: 11282 
** Operador: CT BARREIRA
# nquan = 11
# nvalues = 2532                        
# units = specified
# name 0 = prDM: Pressure, Digiquartz [db]
# name 1 = t068C: Temperature [ITS-68, deg C]
# name 2 = c0S/m: Conductivity [S/m]
# name 3 = depSM: Depth [salt water, m], lat = -15
# name 4 = sal00: Salinity [PSU]
# name 5 = sigma-t00: Density [sigma-t, Kg/m^3 ]
# name 6 = density00: Density [density, Kg/m^3]
# name 7 = svCM: Sound Velocity [Chen-Millero, m/s]
# name 8 = dz/dtM: Descent Rate [m/s], WS = 2
# name 9 = flag: flag
# name 10 = nbin: number of scans per bin
# span 0 =      1.000,   2532.000       
# span 1 =     3.2576,    26.6502       
# span 2 =   3.237448,   5.747012       
# span 3 =      0.994,   2502.112       
# span 4 =    34.4526,    37.1561       
# span 5 =    24.1035,    27.8400       
# span 6 =  1024.1087,  1039.3617       
# span 7 =    1479.20,    1541.07       
# span 8 =      0.032,      3.405       
# span 9 = 0.0000e+00, 0.0000e+00       
# span 10 =       6.00,      86.00      
# interval = decibars: 1                
# start_time = Nov 03 2001 00:41:26
# bad_flag = -9.990e-29
*END*
[from data line 2230]
   2231.000     3.5417   3.309535   2206.211    34.9931    27.8277  1037.9972    1501.71      1.704 0.0000e+00      14.00
   2232.000     3.5400   3.309420   2207.195    34.9931    27.8278  1038.0019    1501.72      1.754 0.0000e+00      13.00
   2233.000     3.5378   3.309220   2208.179    34.9926    27.8277  1038.0063    1501.73      1.726 0.0000e+00      14.00
   2234.000     3.5352   3.309027   2209.163    34.9926    27.8279  1038.0112    1501.74      1.520 0.0000e+00      15.00
   2235.000     3.5334   3.308899   2210.147    34.9925    27.8280  1038.0158    1501.75      1.010 0.0000e+00      26.00
   2236.000     3.5324   3.308835   2211.131    34.9923    27.8279  1038.0202    1501.76      0.863 0.0000e+00      30.00
   2237.000     3.5315   3.308800   2212.114    34.9924    27.8281  1038.0249    1501.77      1.443 0.0000e+00      16.00
   2238.000     3.5305   3.308742   2213.098    34.9923    27.8281  1038.0294    1501.78      1.539 0.0000e+00      15.00
   2239.000     3.5292   3.308650   2214.081    34.9920    27.8281  1038.0339    1501.80      1.603 0.0000e+00      16.00
   2240.000     3.5270   3.308475   2215.065    34.9919    27.8281  1038.0385    1501.80      1.910 0.0000e+00      13.00
   2241.000     3.5227   3.308120   2216.049    34.9917    27.8285  1038.0435    1501.80      2.255 0.0000e+00      10.00
   2242.000     3.5206   3.307971   2217.032    34.9918    27.8287  1038.0483    1501.81      2.464 0.0000e+00       9.00
   2243.000     3.5189   3.307843   2218.016    34.9915    27.8287  1038.0529    1501.82      2.489 0.0000e+00       9.00
   2244.000     3.5161   3.307596   2218.999    34.9911    27.8286  1038.0574    1501.82      2.275 0.0000e+00      11.00
   2245.000     3.5122   3.307241   2219.983    34.9905    27.8285  1038.0620    1501.82      1.729 0.0000e+00      13.00
   2246.000     3.5085   3.306941   2220.967    34.9904    27.8288  1038.0669    1501.82      0.337 0.0000e+00      44.00
   2247.000     3.5090   3.307012   2221.951    34.9902    27.8286  1038.0711    1501.84      2.204 0.0000e+00       9.00
   2248.000     3.5078   3.307000   2222.934    34.9909    27.8292  1038.0763    1501.86      2.443 0.0000e+00      11.00
   2249.000     3.5079   3.307026   2223.918    34.9906    27.8291  1038.0806    1501.87      2.503 0.0000e+00       8.00
   2250.000     3.5082   3.307113   2224.902    34.9908    27.8292  1038.0851    1501.89      2.521 0.0000e+00      10.00
   2251.000     3.5089   3.307230   2225.885    34.9910    27.8293  1038.0896    1501.91      2.483 0.0000e+00      10.00
   2252.000     3.5092   3.307287   2226.869    34.9910    27.8292  1038.0940    1501.93      2.327 0.0000e+00       9.00
   2253.000     3.5093   3.307321   2227.853    34.9908    27.8290  1038.0982    1501.95      2.016 0.0000e+00      12.00
   2254.000     3.5095   3.307376   2228.836    34.9907    27.8290  1038.1027    1501.96      1.391 0.0000e+00      18.00
   2255.000     3.5101   3.307447   2229.820    34.9905    27.8287  1038.1068    1501.98      0.392 0.0000e+00      53.00
   2256.000     3.5100   3.307520   2230.804    34.9910    27.8292  1038.1117    1502.00      1.398 0.0000e+00      16.00
   2257.000     3.5094   3.307524   2231.787    34.9912    27.8293  1038.1163    1502.01      1.795 0.0000e+00      13.00
   2258.000     3.5078   3.307410   2232.771    34.9911    27.8294  1038.1210    1502.02      2.066 0.0000e+00      11.00
   2259.000     3.5065   3.307362   2233.754    34.9914    27.8298  1038.1259    1502.04      2.232 0.0000e+00      11.00
   2260.000     3.5069   3.307466   2234.738    34.9917    27.8300  1038.1305    1502.05      2.259 0.0000e+00       9.00
   2261.000     3.5064   3.307442   2235.722    34.9915    27.8299  1038.1349    1502.07      2.090 0.0000e+00      12.00
   2262.000     3.5057   3.307430   2236.705    34.9916    27.8301  1038.1395    1502.08      1.702 0.0000e+00      14.00
   2263.000     3.5060   3.307510   2237.689    34.9918    27.8302  1038.1440    1502.10      1.070 0.0000e+00      27.00
   2264.000     3.5066   3.307610   2238.673    34.9919    27.8302  1038.1485    1502.12      0.972 0.0000e+00      26.00
   2265.000     3.5065   3.307644   2239.656    34.9919    27.8302  1038.1530    1502.14      1.420 0.0000e+00      15.00
   2266.000     3.5058   3.307620   2240.639    34.9919    27.8303  1038.1576    1502.15      1.593 0.0000e+00      15.00
   2267.000     3.5053   3.307651   2241.623    34.9924    27.8307  1038.1624    1502.17      1.683 0.0000e+00      15.00
   2268.000     3.5049   3.307678   2242.606    34.9926    27.8309  1038.1671    1502.18      1.778 0.0000e+00      13.00
   2269.000     3.5041   3.307654   2243.590    34.9928    27.8311  1038.1718    1502.19      1.834 0.0000e+00      13.00
   2270.000     3.5033   3.307608   2244.574    34.9925    27.8310  1038.1762    1502.21      1.803 0.0000e+00      13.00
   2271.000     3.5019   3.307521   2245.557    34.9925    27.8312  1038.1808    1502.22      1.646 0.0000e+00      15.00
   2272.000     3.5015   3.307523   2246.541    34.9925    27.8312  1038.1853    1502.23      1.402 0.0000e+00      16.00
   2273.000     3.5015   3.307571   2247.524    34.9925    27.8312  1038.1898    1502.25      1.289 0.0000e+00      20.00
   2274.000     3.5005   3.307514   2248.508    34.9925    27.8313  1038.1944    1502.26      1.451 0.0000e+00      17.00
   2275.000     3.5001   3.307506   2249.492    34.9923    27.8312  1038.1987    1502.28      1.554 0.0000e+00      14.00
   2276.000     3.4999   3.307531   2250.475    34.9924    27.8312  1038.2033    1502.30      1.458 0.0000e+00      15.00
   2277.000     3.4993   3.307505   2251.459    34.9923    27.8312  1038.2077    1502.31      1.223 0.0000e+00      23.00
   2278.000     3.4991   3.307521   2252.442    34.9922    27.8312  1038.2122    1502.33      1.065 0.0000e+00      21.00
   2279.000     3.4991   3.307564   2253.425    34.9922    27.8312  1038.2166    1502.34      0.991 0.0000e+00      24.00
   2280.000     3.4985   3.307553   2254.409    34.9923    27.8313  1038.2212    1502.36      1.325 0.0000e+00      20.00
   2281.000     3.4973   3.307488   2255.393    34.9923    27.8314  1038.2258    1502.37      1.736 0.0000e+00      13.00
   2282.000     3.4964   3.307437   2256.376    34.9922    27.8314  1038.2303    1502.38      1.957 0.0000e+00      11.00
   2283.000     3.4953   3.307370   2257.360    34.9921    27.8315  1038.2349    1502.39      1.997 0.0000e+00      12.00
   2284.000     3.4945   3.307333   2258.344    34.9920    27.8314  1038.2394    1502.41      1.871 0.0000e+00      12.00
   2285.000     3.4943   3.307351   2259.327    34.9920    27.8315  1038.2438    1502.42      1.578 0.0000e+00      16.00
   2286.000     3.4941   3.307359   2260.310    34.9918    27.8314  1038.2482    1502.44      1.285 0.0000e+00      21.00
   2287.000     3.4935   3.307348   2261.294    34.9918    27.8314  1038.2527    1502.45      1.473 0.0000e+00      17.00
   2288.000     3.4929   3.307335   2262.277    34.9919    27.8315  1038.2573    1502.47      1.884 0.0000e+00      12.00
   2289.000     3.4923   3.307324   2263.261    34.9919    27.8316  1038.2619    1502.48      2.137 0.0000e+00      10.00
   2290.000     3.4919   3.307331   2264.244    34.9919    27.8317  1038.2664    1502.50      2.197 0.0000e+00      12.00
   2291.000     3.4915   3.307308   2265.227    34.9916    27.8314  1038.2707    1502.51      2.103 0.0000e+00      10.00
   2292.000     3.4908   3.307276   2266.211    34.9915    27.8315  1038.2752    1502.53      1.808 0.0000e+00      12.00
   2293.000     3.4901   3.307232   2267.195    34.9912    27.8313  1038.2795    1502.54      0.729 0.0000e+00      61.00
   2294.000     3.4885   3.307118   2268.178    34.9911    27.8314  1038.2841    1502.55      1.929 0.0000e+00      10.00
   2295.000     3.4854   3.306846   2269.162    34.9907    27.8313  1038.2887    1502.55      2.385 0.0000e+00      10.00
   2296.000     3.4817   3.306545   2270.145    34.9906    27.8316  1038.2936    1502.55      2.528 0.0000e+00       9.00
   2297.000     3.4799   3.306455   2271.128    34.9909    27.8321  1038.2986    1502.56      2.448 0.0000e+00       9.00
   2298.000     3.4784   3.306339   2272.112    34.9907    27.8320  1038.3031    1502.57      2.181 0.0000e+00      11.00
   2299.000     3.4766   3.306192   2273.095    34.9904    27.8320  1038.3076    1502.58      1.619 0.0000e+00      15.00
   2300.000     3.4768   3.306240   2274.079    34.9903    27.8318  1038.3119    1502.60      0.193 0.0000e+00      57.00
   2301.000     3.4763   3.306261   2275.062    34.9905    27.8321  1038.3166    1502.62      2.075 0.0000e+00       9.00
   2302.000     3.4757   3.306241   2276.045    34.9905    27.8322  1038.3212    1502.63      2.383 0.0000e+00      10.00
   2303.000     3.4746   3.306175   2277.029    34.9904    27.8322  1038.3257    1502.64      2.429 0.0000e+00      11.00
   2304.000     3.4741   3.306166   2278.012    34.9903    27.8322  1038.3302    1502.66      2.400 0.0000e+00       9.00
   2305.000     3.4716   3.305923   2278.995    34.9897    27.8319  1038.3345    1502.66      2.319 0.0000e+00      10.00
   2306.000     3.4693   3.305783   2279.979    34.9899    27.8323  1038.3395    1502.67      2.135 0.0000e+00      11.00
   2307.000     3.4674   3.305619   2280.963    34.9896    27.8322  1038.3439    1502.68      1.844 0.0000e+00      13.00
   2308.000     3.4640   3.305368   2281.946    34.9897    27.8327  1038.3490    1502.68      1.467 0.0000e+00      16.00
   2309.000     3.4638   3.305384   2282.929    34.9897    27.8326  1038.3534    1502.70      1.256 0.0000e+00      21.00
   2310.000     3.4638   3.305425   2283.913    34.9897    27.8327  1038.3579    1502.71      1.356 0.0000e+00      18.00
   2311.000     3.4638   3.305462   2284.896    34.9896    27.8326  1038.3623    1502.73      1.441 0.0000e+00      15.00
   2312.000     3.4637   3.305503   2285.879    34.9897    27.8327  1038.3668    1502.75      1.395 0.0000e+00      18.00
   2313.000     3.4634   3.305501   2286.863    34.9896    27.8326  1038.3712    1502.76      1.300 0.0000e+00      18.00
   2314.000     3.4609   3.305281   2287.846    34.9891    27.8325  1038.3757    1502.77      1.231 0.0000e+00      19.00
   2315.000     3.4590   3.305159   2288.829    34.9892    27.8328  1038.3805    1502.78      1.199 0.0000e+00      21.00
   2316.000     3.4584   3.305143   2289.813    34.9892    27.8328  1038.3850    1502.79      1.149 0.0000e+00      21.00
   2317.000     3.4570   3.305047   2290.796    34.9891    27.8329  1038.3896    1502.80      1.175 0.0000e+00      21.00
   2318.000     3.4567   3.305080   2291.780    34.9893    27.8330  1038.3942    1502.82      1.458 0.0000e+00      17.00
   2319.000     3.4564   3.305076   2292.763    34.9891    27.8329  1038.3986    1502.83      1.707 0.0000e+00      12.00
   2320.000     3.4562   3.305108   2293.746    34.9892    27.8331  1038.4032    1502.85      1.744 0.0000e+00      14.00
   2321.000     3.4559   3.305099   2294.730    34.9890    27.8329  1038.4075    1502.87      1.596 0.0000e+00      16.00
   2322.000     3.4540   3.304946   2295.713    34.9887    27.8329  1038.4120    1502.87      1.423 0.0000e+00      17.00
   2323.000     3.4506   3.304682   2296.696    34.9887    27.8331  1038.4169    1502.88      1.521 0.0000e+00      16.00
   2324.000     3.4468   3.304328   2297.680    34.9881    27.8330  1038.4215    1502.87      1.835 0.0000e+00      14.00
   2325.000     3.4426   3.304000   2298.663    34.9881    27.8334  1038.4266    1502.88      2.064 0.0000e+00      10.00
   2326.000     3.4411   3.303931   2299.646    34.9885    27.8339  1038.4315    1502.89      2.129 0.0000e+00      12.00
   2327.000     3.4405   3.303916   2300.629    34.9884    27.8339  1038.4360    1502.90      2.006 0.0000e+00      12.00
   2328.000     3.4398   3.303884   2301.613    34.9883    27.8339  1038.4405    1502.91      1.659 0.0000e+00      12.00
   2329.000     3.4408   3.304059   2302.596    34.9888    27.8342  1038.4452    1502.93      0.733 0.0000e+00      51.00
   2330.000     3.4415   3.304229   2303.579    34.9896    27.8348  1038.4502    1502.96      1.541 0.0000e+00      15.00
   2331.000     3.4414   3.304266   2304.563    34.9897    27.8349  1038.4547    1502.97      2.095 0.0000e+00      11.00
   2332.000     3.4413   3.304309   2305.546    34.9898    27.8350  1038.4593    1502.99      2.349 0.0000e+00       9.00
   2333.000     3.4413   3.304336   2306.529    34.9897    27.8349  1038.4636    1503.01      2.404 0.0000e+00      11.00
   2334.000     3.4410   3.304341   2307.513    34.9896    27.8348  1038.4680    1503.02      2.334 0.0000e+00       8.00
   2335.000     3.4409   3.304385   2308.496    34.9898    27.8350  1038.4726    1503.04      2.087 0.0000e+00      12.00
   2336.000     3.4409   3.304407   2309.479    34.9895    27.8348  1038.4769    1503.05      1.536 0.0000e+00      16.00
   2337.000     3.4409   3.304468   2310.463    34.9899    27.8351  1038.4816    1503.07      0.626 0.0000e+00      46.00
   2338.000     3.4409   3.304554   2311.445    34.9904    27.8354  1038.4864    1503.09      1.731 0.0000e+00      11.00
   2339.000     3.4411   3.304615   2312.429    34.9904    27.8355  1038.4909    1503.11      2.002 0.0000e+00      11.00
   2340.000     3.4412   3.304658   2313.412    34.9904    27.8355  1038.4953    1503.13      1.869 0.0000e+00      13.00
   2341.000     3.4411   3.304693   2314.395    34.9904    27.8355  1038.4998    1503.14      1.483 0.0000e+00      15.00
   2342.000     3.4409   3.304706   2315.378    34.9904    27.8354  1038.5042    1503.16      1.027 0.0000e+00      29.00
   2343.000     3.4385   3.304531   2316.362    34.9903    27.8357  1038.5090    1503.16      1.377 0.0000e+00      17.00
   2344.000     3.4362   3.304363   2317.345    34.9903    27.8358  1038.5137    1503.17      1.901 0.0000e+00      12.00
   2345.000     3.4348   3.304233   2318.328    34.9897    27.8355  1038.5180    1503.18      2.124 0.0000e+00      12.00
   2346.000     3.4335   3.304172   2319.312    34.9900    27.8359  1038.5228    1503.19      2.174 0.0000e+00       9.00
   2347.000     3.4329   3.304156   2320.294    34.9899    27.8359  1038.5273    1503.21      2.058 0.0000e+00      12.00
   2348.000     3.4318   3.304063   2321.278    34.9895    27.8357  1038.5316    1503.22      1.787 0.0000e+00      13.00
   2349.000     3.4294   3.303874   2322.261    34.9894    27.8358  1038.5363    1503.23      1.299 0.0000e+00      20.00
   2350.000     3.4288   3.303863   2323.244    34.9894    27.8358  1038.5408    1503.24      0.883 0.0000e+00      31.00
   2351.000     3.4288   3.303919   2324.227    34.9895    27.8360  1038.5454    1503.26      1.406 0.0000e+00      17.00
   2352.000     3.4285   3.303921   2325.211    34.9894    27.8359  1038.5498    1503.27      1.735 0.0000e+00      13.00
   2353.000     3.4281   3.303918   2326.194    34.9894    27.8359  1038.5543    1503.29      1.839 0.0000e+00      12.00
   2354.000     3.4270   3.303859   2327.177    34.9893    27.8360  1038.5588    1503.30      1.762 0.0000e+00      13.00
   2355.000     3.4249   3.303670   2328.160    34.9889    27.8359  1038.5633    1503.31      1.570 0.0000e+00      16.00
   2356.000     3.4234   3.303597   2329.143    34.9891    27.8362  1038.5681    1503.32      1.412 0.0000e+00      17.00
   2357.000     3.4223   3.303509   2330.126    34.9888    27.8360  1038.5724    1503.33      1.489 0.0000e+00      16.00
   2358.000     3.4219   3.303508   2331.110    34.9887    27.8360  1038.5769    1503.35      1.575 0.0000e+00      15.00
   2359.000     3.4182   3.303183   2332.093    34.9883    27.8360  1038.5816    1503.35      1.418 0.0000e+00      15.00
   2360.000     3.4167   3.303079   2333.076    34.9882    27.8361  1038.5862    1503.36      0.845 0.0000e+00      37.00
