dados/ctd/rad1_doei002.cnv
* Sea-Bird SBE 9 Raw Data File:
* FileName = C:\OceanoEI\OEI002.dat
* Software Version Seasave Win32 v1.10
* Temperature SN = 2326
* Conductivity SN = 2149
* Number of Bytes Per Scan = 12
* Number of Voltage Words = 0
* System UpLoad Time = Nov 02 2001 06:29:03
** H-40 
** Navio Oceanografico ANTARES 
** 173a Comissao Oceanografica 
** OCEANO LESTE I 
** Estacao: OEI002
** Latitude: 14 52.8 S
** Longitude: 037 20.1 W
** Data-Hora (DDHHMMZ/MMM/AA): 020626Z/NOV/01
** Profundidade Local (m): 4030
** N/S do CTD: 11282 
** Operador: 1T ALEX URBANCG
# nquan = 11
# nvalues = 2532                        
# units = specified
# name 0 = prDM: Pressure, Digiquartz [db]
# name 1 = t068C: Temperature [ITS-68, deg C]
# name 2 = c0S/m: Conductivity [S/m]
# name 3 = depSM: Depth [salt water, m], lat = -15
# name 4 = sal00: Salinity [PSU]
# name 5 = sigma-t00: Density [sigma-t, Kg/m^3 ]
# name 6 = density00: Density [density, Kg/m^3]
# name 7 = svCM: Sound Velocity [Chen-Millero, m/s]
# name 8 = dz/dtM: Descent Rate [m/s], WS = 2
# name 9 = flag: flag
# name 10 = nbin: number of scans per bin
# span 0 =      2.000,   2533.000       
# span 1 =     3.2777,    26.2755       
# span 2 =   3.242732,   5.737086       
# span 3 =      1.988,   2503.094       
# span 4 =    34.4198,    37.1903       
# span 5 =    24.5791,    27.8415       
# span 6 =  1024.5888,  1039.3672       
# span 7 =    1478.99,    1539.97       
# span 8 =      0.022,      3.458       
# span 9 = 0.0000e+00, 0.0000e+00       
# span 10 =       6.00,     326.00      
# interval = decibars: 1                
# start_time = Nov 02 2001 06:29:03
# bad_flag = -9.990e-29
*END*
[from data line 1050]
   1052.000     3.8741   3.260507   1043.209    34.6392    27.5123  1032.3622    1482.94      1.690 0.0000e+00      15.00
   1053.000     3.8721   3.260519   1044.198    34.6410    27.5139  1032.3684    1482.95      1.654 0.0000e+00      14.00
   1054.000     3.8712   3.260551   1045.187    34.6418    27.5146  1032.3737    1482.97      1.581 0.0000e+00      15.00
   1055.000     3.8709   3.260564   1046.176    34.6418    27.5146  1032.3782    1482.98      1.344 0.0000e+00      18.00
   1056.000     3.8709   3.260629   1047.165    34.6420    27.5148  1032.3830    1483.00      1.022 0.0000e+00      25.00
   1057.000     3.8699   3.260588   1048.155    34.6421    27.5150  1032.3877    1483.01      1.145 0.0000e+00      21.00
   1058.000     3.8686   3.260535   1049.144    34.6422    27.5152  1032.3926    1483.02      1.399 0.0000e+00      18.00
   1059.000     3.8664   3.260373   1050.133    34.6421    27.5154  1032.3973    1483.03      1.656 0.0000e+00      13.00
   1060.000     3.8668   3.260528   1051.122    34.6431    27.5161  1032.4026    1483.05      1.951 0.0000e+00      13.00
   1061.000     3.8634   3.260304   1052.111    34.6435    27.5168  1032.4079    1483.05      2.186 0.0000e+00      11.00
   1062.000     3.8635   3.260504   1053.100    34.6452    27.5181  1032.4138    1483.07      2.348 0.0000e+00      10.00
   1063.000     3.8652   3.260798   1054.089    34.6464    27.5189  1032.4191    1483.10      2.372 0.0000e+00      10.00
   1064.000     3.8657   3.260913   1055.078    34.6468    27.5192  1032.4239    1483.11      2.269 0.0000e+00       9.00
   1065.000     3.8665   3.261067   1056.068    34.6473    27.5195  1032.4287    1483.14      1.990 0.0000e+00      13.00
   1066.000     3.8677   3.261260   1057.057    34.6477    27.5197  1032.4335    1483.16      1.531 0.0000e+00      15.00
   1067.000     3.8708   3.261683   1058.046    34.6490    27.5204  1032.4387    1483.19      0.874 0.0000e+00      32.00
   1068.000     3.8723   3.261930   1059.035    34.6498    27.5209  1032.4436    1483.21      1.074 0.0000e+00      26.00
   1069.000     3.8727   3.262063   1060.024    34.6505    27.5214  1032.4487    1483.23      1.765 0.0000e+00      12.00
   1070.000     3.8730   3.262148   1061.013    34.6506    27.5215  1032.4533    1483.25      2.165 0.0000e+00      11.00
   1071.000     3.8734   3.262249   1062.002    34.6509    27.5216  1032.4580    1483.27      2.323 0.0000e+00      10.00
   1072.000     3.8746   3.262449   1062.991    34.6516    27.5220  1032.4630    1483.29      2.294 0.0000e+00       9.00
   1073.000     3.8784   3.262994   1063.980    34.6534    27.5231  1032.4685    1483.33      2.044 0.0000e+00      13.00
   1074.000     3.8801   3.263228   1064.969    34.6540    27.5234  1032.4733    1483.35      1.699 0.0000e+00      14.00
   1075.000     3.8805   3.263337   1065.958    34.6543    27.5236  1032.4780    1483.37      1.483 0.0000e+00      17.00
   1076.000     3.8810   3.263474   1066.947    34.6549    27.5241  1032.4830    1483.39      1.522 0.0000e+00      16.00
   1077.000     3.8821   3.263695   1067.936    34.6559    27.5247  1032.4882    1483.41      1.619 0.0000e+00      14.00
   1078.000     3.8835   3.263935   1068.925    34.6568    27.5253  1032.4932    1483.44      1.564 0.0000e+00      16.00
   1079.000     3.8846   3.264135   1069.914    34.6574    27.5257  1032.4982    1483.46      1.279 0.0000e+00      19.00
   1080.000     3.8856   3.264338   1070.903    34.6583    27.5263  1032.5033    1483.48      1.035 0.0000e+00      26.00
   1081.000     3.8835   3.264316   1071.892    34.6597    27.5276  1032.5093    1483.49      1.299 0.0000e+00      17.00
   1082.000     3.8826   3.264316   1072.881    34.6601    27.5280  1032.5142    1483.50      1.622 0.0000e+00      15.00
   1083.000     3.8810   3.264214   1073.871    34.6601    27.5282  1032.5190    1483.51      1.862 0.0000e+00      13.00
   1084.000     3.8801   3.264217   1074.859    34.6606    27.5286  1032.5240    1483.53      2.019 0.0000e+00      12.00
   1085.000     3.8806   3.264310   1075.848    34.6607    27.5287  1032.5286    1483.54      2.072 0.0000e+00      10.00
   1086.000     3.8816   3.264491   1076.837    34.6612    27.5290  1032.5334    1483.57      1.978 0.0000e+00      13.00
   1087.000     3.8831   3.264677   1077.826    34.6614    27.5290  1032.5379    1483.59      1.712 0.0000e+00      14.00
   1088.000     3.8841   3.264833   1078.815    34.6617    27.5291  1032.5426    1483.61      1.294 0.0000e+00      20.00
   1089.000     3.8844   3.264934   1079.804    34.6620    27.5294  1032.5474    1483.63      1.201 0.0000e+00      21.00
   1090.000     3.8853   3.265125   1080.794    34.6628    27.5299  1032.5524    1483.65      1.675 0.0000e+00      14.00
   1091.000     3.8860   3.265249   1081.782    34.6631    27.5300  1032.5571    1483.67      2.023 0.0000e+00      11.00
   1092.000     3.8869   3.265413   1082.771    34.6635    27.5303  1032.5619    1483.69      2.069 0.0000e+00      12.00
   1093.000     3.8896   3.265801   1083.760    34.6648    27.5310  1032.5671    1483.72      1.834 0.0000e+00      12.00
   1094.000     3.8913   3.266051   1084.749    34.6655    27.5314  1032.5720    1483.74      1.268 0.0000e+00      21.00
   1095.000     3.8893   3.265947   1085.738    34.6658    27.5319  1032.5770    1483.75      1.114 0.0000e+00      24.00
   1096.000     3.8887   3.266100   1086.727    34.6678    27.5335  1032.5832    1483.77      1.829 0.0000e+00      13.00
   1097.000     3.8958   3.267054   1087.716    34.6711    27.5354  1032.5895    1483.82      2.295 0.0000e+00      10.00
   1098.000     3.8954   3.267044   1088.705    34.6709    27.5353  1032.5939    1483.84      2.496 0.0000e+00       9.00
   1099.000     3.8931   3.266839   1089.694    34.6703    27.5351  1032.5983    1483.84      2.500 0.0000e+00       9.00
   1100.000     3.8936   3.267173   1090.683    34.6733    27.5374  1032.6052    1483.86      2.233 0.0000e+00      10.00
   1101.000     3.9013   3.268087   1091.672    34.6755    27.5383  1032.6104    1483.92      1.561 0.0000e+00      16.00
   1102.000     3.9297   3.271148   1092.661    34.6814    27.5401  1032.6159    1484.06      0.413 0.0000e+00      47.00
   1103.000     3.9296   3.271381   1093.650    34.6837    27.5419  1032.6223    1484.08      1.667 0.0000e+00      14.00
   1104.000     3.9251   3.270974   1094.639    34.6831    27.5420  1032.6270    1484.07      1.964 0.0000e+00      12.00
   1105.000     3.9217   3.270771   1095.628    34.6838    27.5428  1032.6325    1484.08      2.005 0.0000e+00      11.00
   1106.000     3.9209   3.270802   1096.617    34.6845    27.5435  1032.6377    1484.09      1.838 0.0000e+00      12.00
   1107.000     3.9218   3.270960   1097.605    34.6849    27.5437  1032.6425    1484.11      1.530 0.0000e+00      16.00
   1108.000     3.9223   3.271072   1098.594    34.6852    27.5439  1032.6472    1484.13      1.300 0.0000e+00      19.00
   1109.000     3.9364   3.272770   1099.583    34.6899    27.5462  1032.6537    1484.22      1.415 0.0000e+00      18.00
   1110.000     3.9402   3.273177   1100.572    34.6903    27.5461  1032.6580    1484.25      1.763 0.0000e+00      13.00
   1111.000     3.9393   3.273134   1101.561    34.6902    27.5462  1032.6626    1484.26      2.031 0.0000e+00      11.00
   1112.000     3.9360   3.272911   1102.550    34.6906    27.5468  1032.6679    1484.26      2.181 0.0000e+00      11.00
   1113.000     3.9376   3.273335   1103.539    34.6933    27.5488  1032.6744    1484.29      2.177 0.0000e+00      10.00
   1114.000     3.9473   3.274556   1104.528    34.6970    27.5508  1032.6806    1484.35      2.013 0.0000e+00      13.00
   1115.000     3.9509   3.274974   1105.516    34.6977    27.5509  1032.6852    1484.38      1.648 0.0000e+00      15.00
   1116.000     3.9524   3.275179   1106.505    34.6980    27.5510  1032.6898    1484.41      1.231 0.0000e+00      21.00
   1117.000     3.9550   3.275545   1107.494    34.6992    27.5516  1032.6949    1484.44      1.193 0.0000e+00      21.00
   1118.000     3.9627   3.276550   1108.483    34.7024    27.5534  1032.7010    1484.49      1.436 0.0000e+00      16.00
   1119.000     3.9681   3.277143   1109.472    34.7033    27.5536  1032.7055    1484.53      1.629 0.0000e+00      15.00
   1120.000     3.9647   3.276898   1110.461    34.7034    27.5540  1032.7107    1484.53      1.711 0.0000e+00      12.00
   1121.000     3.9624   3.276802   1111.450    34.7042    27.5549  1032.7162    1484.54      1.698 0.0000e+00      16.00
   1122.000     3.9629   3.276967   1112.438    34.7051    27.5555  1032.7213    1484.56      1.634 0.0000e+00      13.00
   1123.000     3.9650   3.277266   1113.427    34.7060    27.5560  1032.7263    1484.59      1.486 0.0000e+00      17.00
   1124.000     3.9694   3.277822   1114.416    34.7074    27.5567  1032.7314    1484.62      1.240 0.0000e+00      19.00
   1125.000     3.9744   3.278461   1115.405    34.7091    27.5575  1032.7366    1484.66      1.068 0.0000e+00      24.00
   1126.000     3.9769   3.278806   1116.394    34.7101    27.5581  1032.7416    1484.69      1.262 0.0000e+00      19.00
   1127.000     3.9806   3.279321   1117.382    34.7118    27.5591  1032.7470    1484.73      1.559 0.0000e+00      15.00
   1128.000     3.9849   3.279821   1118.371    34.7127    27.5593  1032.7517    1484.76      1.812 0.0000e+00      14.00
   1129.000     3.9868   3.280082   1119.360    34.7133    27.5596  1032.7564    1484.79      1.975 0.0000e+00      12.00
   1130.000     3.9884   3.280268   1120.349    34.7133    27.5594  1032.7608    1484.81      2.029 0.0000e+00      11.00
   1131.000     3.9909   3.280677   1121.338    34.7150    27.5605  1032.7663    1484.84      1.983 0.0000e+00      14.00
   1132.000     3.9944   3.281180   1122.326    34.7167    27.5615  1032.7718    1484.87      1.886 0.0000e+00      10.00
   1133.000     3.9938   3.281217   1123.315    34.7173    27.5620  1032.7768    1484.89      1.802 0.0000e+00      14.00
   1134.000     3.9946   3.281380   1124.304    34.7178    27.5624  1032.7818    1484.91      1.733 0.0000e+00      15.00
   1135.000     3.9978   3.281830   1125.293    34.7193    27.5632  1032.7871    1484.94      1.651 0.0000e+00      14.00
   1136.000     4.0098   3.283347   1126.282    34.7240    27.5657  1032.7937    1485.01      1.595 0.0000e+00      15.00
   1137.000     4.0188   3.284321   1127.270    34.7257    27.5661  1032.7984    1485.07      1.600 0.0000e+00      15.00
   1138.000     4.0227   3.284871   1128.259    34.7275    27.5672  1032.8038    1485.10      1.579 0.0000e+00      15.00
   1139.000     4.0230   3.284988   1129.248    34.7281    27.5676  1032.8088    1485.12      1.441 0.0000e+00      17.00
   1140.000     4.0233   3.285063   1130.237    34.7282    27.5676  1032.8134    1485.14      1.186 0.0000e+00      19.00
   1141.000     4.0236   3.285179   1131.225    34.7287    27.5680  1032.8183    1485.16      1.059 0.0000e+00      26.00
   1142.000     4.0253   3.285572   1132.214    34.7310    27.5697  1032.8245    1485.19      1.345 0.0000e+00      17.00
   1143.000     4.0275   3.285989   1133.203    34.7331    27.5711  1032.8304    1485.21      1.700 0.0000e+00      15.00
   1144.000     4.0319   3.286690   1134.191    34.7362    27.5731  1032.8368    1485.25      1.952 0.0000e+00      12.00
   1145.000     4.0385   3.287642   1135.180    34.7401    27.5755  1032.8435    1485.30      2.023 0.0000e+00      11.00
   1146.000     4.0396   3.287754   1136.169    34.7397    27.5751  1032.8476    1485.32      1.885 0.0000e+00      12.00
   1147.000     4.0399   3.287843   1137.158    34.7399    27.5752  1032.8522    1485.34      1.495 0.0000e+00      15.00
   1148.000     4.0407   3.288001   1138.146    34.7405    27.5756  1032.8571    1485.36      1.033 0.0000e+00      27.00
   1149.000     4.0424   3.288296   1139.135    34.7417    27.5764  1032.8624    1485.39      1.281 0.0000e+00      18.00
   1150.000     4.0447   3.288652   1140.124    34.7430    27.5772  1032.8677    1485.42      1.723 0.0000e+00      14.00
   1151.000     4.0458   3.288854   1141.112    34.7436    27.5776  1032.8726    1485.44      2.036 0.0000e+00      12.00
   1152.000     4.0471   3.289062   1142.101    34.7443    27.5779  1032.8774    1485.46      2.227 0.0000e+00      10.00
   1153.000     4.0475   3.289143   1143.090    34.7443    27.5779  1032.8819    1485.48      2.305 0.0000e+00      10.00
   1154.000     4.0475   3.289192   1144.079    34.7444    27.5780  1032.8866    1485.49      2.262 0.0000e+00      11.00
   1155.000     4.0473   3.289243   1145.067    34.7446    27.5782  1032.8913    1485.51      2.115 0.0000e+00      10.00
   1156.000     4.0499   3.289675   1146.056    34.7465    27.5795  1032.8970    1485.54      1.820 0.0000e+00      15.00
   1157.000     4.0507   3.289829   1147.045    34.7470    27.5797  1032.9018    1485.56      1.356 0.0000e+00      17.00
   1158.000     4.0514   3.289980   1148.033    34.7476    27.5801  1032.9067    1485.58      0.993 0.0000e+00      28.00
   1159.000     4.0511   3.289976   1149.022    34.7473    27.5799  1032.9111    1485.60      1.170 0.0000e+00      19.00
   1160.000     4.0515   3.290100   1150.011    34.7478    27.5803  1032.9160    1485.62      1.342 0.0000e+00      18.00
   1161.000     4.0516   3.290170   1150.999    34.7481    27.5805  1032.9207    1485.63      1.575 0.0000e+00      15.00
   1162.000     4.0520   3.290302   1151.988    34.7487    27.5809  1032.9257    1485.65      1.822 0.0000e+00      13.00
   1163.000     4.0524   3.290424   1152.977    34.7491    27.5813  1032.9305    1485.67      1.999 0.0000e+00      11.00
   1164.000     4.0530   3.290554   1153.965    34.7495    27.5815  1032.9353    1485.69      2.052 0.0000e+00      11.00
   1165.000     4.0538   3.290704   1154.954    34.7500    27.5818  1032.9401    1485.71      1.909 0.0000e+00      12.00
   1166.000     4.0546   3.290842   1155.943    34.7503    27.5819  1032.9448    1485.73      1.522 0.0000e+00      16.00
   1167.000     4.0574   3.291331   1156.931    34.7526    27.5835  1032.9508    1485.76      1.048 0.0000e+00      26.00
   1168.000     4.0631   3.292164   1157.920    34.7559    27.5855  1032.9571    1485.81      1.206 0.0000e+00      20.00
   1169.000     4.0663   3.292605   1158.908    34.7573    27.5863  1032.9624    1485.84      1.721 0.0000e+00      15.00
   1170.000     4.0667   3.292722   1159.897    34.7577    27.5866  1032.9672    1485.86      2.103 0.0000e+00      11.00
   1171.000     4.0680   3.292995   1160.885    34.7591    27.5875  1032.9726    1485.88      2.287 0.0000e+00      10.00
   1172.000     4.0720   3.293640   1161.874    34.7620    27.5894  1032.9789    1485.92      2.251 0.0000e+00      10.00
   1173.000     4.0765   3.294269   1162.863    34.7641    27.5906  1032.9845    1485.96      1.950 0.0000e+00      11.00
   1174.000     4.0798   3.294700   1163.851    34.7652    27.5911  1032.9895    1485.99      1.219 0.0000e+00      24.00
   1175.000     4.0829   3.295131   1164.840    34.7666    27.5919  1032.9947    1486.02      0.865 0.0000e+00      28.00
   1176.000     4.0847   3.295487   1165.828    34.7684    27.5932  1033.0004    1486.05      1.601 0.0000e+00      16.00
   1177.000     4.0869   3.295831   1166.817    34.7696    27.5939  1033.0057    1486.07      1.994 0.0000e+00      11.00
   1178.000     4.0892   3.296157   1167.806    34.7705    27.5944  1033.0106    1486.10      2.157 0.0000e+00      11.00
   1179.000     4.0920   3.296547   1168.794    34.7716    27.5950  1033.0156    1486.13      2.130 0.0000e+00      10.00
   1180.000     4.0939   3.296793   1169.783    34.7721    27.5951  1033.0202    1486.16      1.884 0.0000e+00      11.00
   1181.000     4.1007   3.297639   1170.771    34.7743    27.5962  1033.0257    1486.20      1.468 0.0000e+00      17.00
