dados/ctd/rad1_doei005.cnv
* Sea-Bird SBE 9 Raw Data File:
* FileName = C:\OceanoEI\OEI005.dat
* Software Version Seasave Win32 v1.10
* Temperature SN = 2326
* Conductivity SN = 2149
* Number of Bytes Per Scan = 12
* Number of Voltage Words = 0
* System UpLoad Time = Nov 03 2001 00:41:26
** H-40 
** Navio Oceanografico ANTARES 
** 173a Comissao Oceanografica 
** OCEANO LESTE I 
** Estacao: OEI005
** Latitude: 13 08.0 S
** Longitude: 036 05.2 W
** Data-Hora (DDHHMMZ/MMM/AA): 020037Z/NOV/01
** Profundidade Local (m): 4284
** N/S do CTD: 11282 
** Operador: CT BARREIRA
# nquan = 11
# nvalues = 2532                        
# units = specified
# name 0 = prDM: Pressure, Digiquartz [db]
# name 1 = t068C: Temperature [ITS-68, deg C]
# name 2 = c0S/m: Conductivity [S/m]
# name 3 = depSM: Depth [salt water, m], lat = -15
# name 4 = sal00: Salinity [PSU]
# name 5 = sigma-t00: Density [sigma-t, Kg/m^3 ]
# name 6 = density00: Density [density, Kg/m^3]
# name 7 = svCM: Sound Velocity [Chen-Millero, m/s]
# name 8 = dz/dtM: Descent Rate [m/s], WS = 2
# name 9 = flag: flag
# name 10 = nbin: number of scans per bin
# span 0 =      1.000,   2532.000       
# span 1 =     3.2576,    26.6502       
# span 2 =   3.237448,   5.747012       
# span 3 =      0.994,   2502.112       
# span 4 =    34.4526,    37.1561       
# span 5 =    24.1035,    27.8400       
# span 6 =  1024.1087,  1039.3617       
# span 7 =    1479.20,    1541.07       
# span 8 =      0.032,      3.405       
# span 9 = 0.0000e+00, 0.0000e+00       
# span 10 =       6.00,      86.00      
# interval = decibars: 1                
# start_time = Nov 03 2001 00:41:26
# bad_flag = -9.990e-29
*END*
[from data line 919]
    920.000     3.8489   3.244407    912.599    34.5423    27.4377  1031.6863    1480.52      0.828 0.0000e+00      42.00
    921.000     3.8478   3.244365    913.589    34.5424    27.4379  1031.6911    1480.53      1.010 0.0000e+00      24.00
    922.000     3.8471   3.244344    914.579    34.5424    27.4380  1031.6957    1480.55      1.701 0.0000e+00      14.00
    923.000     3.8456   3.244276    915.569    34.5427    27.4383  1031.7007    1480.56      2.030 0.0000e+00      11.00
    924.000     3.8422   3.243960    916.558    34.5420    27.4381  1031.7051    1480.56      2.122 0.0000e+00      11.00
    925.000     3.8307   3.242880    917.548    34.5407    27.4383  1031.7101    1480.53      2.049 0.0000e+00      12.00
    926.000     3.8146   3.241351    918.538    34.5390    27.4386  1031.7153    1480.47      1.872 0.0000e+00      12.00
    927.000     3.7954   3.239580    919.527    34.5376    27.4394  1031.7212    1480.41      1.631 0.0000e+00      16.00
    928.000     3.7791   3.238123    920.517    34.5369    27.4405  1031.7273    1480.35      1.386 0.0000e+00      17.00
    929.000     3.7722   3.237571    921.507    34.5370    27.4413  1031.7328    1480.34      1.300 0.0000e+00      18.00
    930.000     3.7705   3.237448    922.497    34.5368    27.4413  1031.7374    1480.35      1.466 0.0000e+00      18.00
    931.000     3.7705   3.237501    923.487    34.5370    27.4414  1031.7420    1480.37      1.832 0.0000e+00      12.00
    932.000     3.7719   3.237702    924.476    34.5374    27.4416  1031.7468    1480.39      2.147 0.0000e+00      11.00
    933.000     3.7764   3.238405    925.466    34.5405    27.4436  1031.7533    1480.43      2.312 0.0000e+00      10.00
    934.000     3.8063   3.242151    926.456    34.5531    27.4506  1031.7641    1480.59      2.300 0.0000e+00      10.00
    935.000     3.8437   3.245618    927.445    34.5545    27.4479  1031.7651    1480.77      2.100 0.0000e+00      11.00
    936.000     3.8444   3.245575    928.435    34.5527    27.4464  1031.7682    1480.78      1.641 0.0000e+00      15.00
    937.000     3.8415   3.245350    929.425    34.5526    27.4466  1031.7730    1480.79      0.753 0.0000e+00      47.00
    938.000     3.8395   3.245368    930.414    34.5543    27.4482  1031.7792    1480.80      1.288 0.0000e+00      19.00
    939.000     3.8495   3.246372    931.404    34.5553    27.4480  1031.7833    1480.86      2.074 0.0000e+00      11.00
    940.000     3.8519   3.246711    932.394    34.5562    27.4485  1031.7883    1480.88      2.457 0.0000e+00       9.00
    941.000     3.8397   3.245229    933.383    34.5509    27.4455  1031.7902    1480.84      2.592 0.0000e+00       9.00
    942.000     3.8245   3.244376    934.373    34.5563    27.4513  1031.8009    1480.80      2.512 0.0000e+00       9.00
    943.000     3.8383   3.245969    935.363    34.5602    27.4530  1031.8068    1480.88      2.211 0.0000e+00      11.00
    944.000     3.8444   3.246572    936.353    34.5604    27.4525  1031.8107    1480.93      1.641 0.0000e+00      14.00
    945.000     3.8373   3.245939    937.342    34.5598    27.4528  1031.8158    1480.91      0.903 0.0000e+00      33.00
    946.000     3.8304   3.245315    938.332    34.5592    27.4530  1031.8207    1480.90      1.255 0.0000e+00      19.00
    947.000     3.8253   3.244889    939.322    34.5589    27.4534  1031.8257    1480.89      1.870 0.0000e+00      13.00
    948.000     3.8196   3.244339    940.311    34.5579    27.4531  1031.8302    1480.88      2.180 0.0000e+00      10.00
    949.000     3.8233   3.245254    941.301    34.5644    27.4579  1031.8394    1480.92      2.258 0.0000e+00      11.00
    950.000     3.8415   3.247154    942.290    34.5672    27.4583  1031.8440    1481.02      2.161 0.0000e+00      10.00
    951.000     3.8520   3.248358    943.280    34.5700    27.4595  1031.8494    1481.08      1.907 0.0000e+00      13.00
    952.000     3.8805   3.251449    944.270    34.5762    27.4615  1031.8553    1481.23      1.570 0.0000e+00      17.00
    953.000     3.8930   3.252677    945.259    34.5771    27.4609  1031.8590    1481.30      1.280 0.0000e+00      20.00
    954.000     3.8957   3.253011    946.249    34.5778    27.4611  1031.8638    1481.33      1.343 0.0000e+00      17.00
    955.000     3.8986   3.253388    947.238    34.5787    27.4616  1031.8687    1481.36      1.548 0.0000e+00      15.00
    956.000     3.9012   3.253693    948.228    34.5790    27.4616  1031.8732    1481.39      1.554 0.0000e+00      15.00
    957.000     3.9131   3.255161    949.218    34.5834    27.4639  1031.8797    1481.46      1.390 0.0000e+00      17.00
    958.000     3.9384   3.257878    950.207    34.5885    27.4653  1031.8851    1481.59      1.263 0.0000e+00      21.00
    959.000     3.9501   3.259132    951.197    34.5906    27.4657  1031.8898    1481.65      1.427 0.0000e+00      17.00
    960.000     3.9677   3.261230    952.187    34.5964    27.4686  1031.8968    1481.75      1.681 0.0000e+00      13.00
    961.000     3.9823   3.262727    953.176    34.5983    27.4685  1031.9009    1481.83      1.849 0.0000e+00      13.00
    962.000     3.9930   3.264117    954.166    34.6030    27.4712  1031.9078    1481.90      1.919 0.0000e+00      12.00
    963.000     4.0005   3.264853    955.155    34.6033    27.4706  1031.9117    1481.95      1.911 0.0000e+00      13.00
    964.000     4.0003   3.264888    956.145    34.6034    27.4707  1031.9164    1481.97      1.823 0.0000e+00      13.00
    965.000     3.9995   3.264927    957.134    34.6042    27.4715  1031.9217    1481.98      1.657 0.0000e+00      14.00
    966.000     4.0029   3.265327    958.124    34.6049    27.4716  1031.9263    1482.01      1.334 0.0000e+00      19.00
    967.000     4.0008   3.265156    959.114    34.6045    27.4716  1031.9309    1482.02      0.935 0.0000e+00      29.00
    968.000     3.9983   3.265010    960.103    34.6049    27.4722  1031.9361    1482.02      1.257 0.0000e+00      19.00
    969.000     4.0040   3.265850    961.093    34.6083    27.4743  1031.9426    1482.07      1.793 0.0000e+00      14.00
    970.000     4.0148   3.267080    962.082    34.6110    27.4753  1031.9479    1482.14      2.151 0.0000e+00      11.00
    971.000     4.0231   3.267991    963.072    34.6126    27.4757  1031.9527    1482.19      2.321 0.0000e+00       8.00
    972.000     4.0250   3.268203    964.061    34.6126    27.4755  1031.9570    1482.21      2.302 0.0000e+00      11.00
    973.000     4.0244   3.268197    965.051    34.6126    27.4756  1031.9616    1482.23      2.088 0.0000e+00      12.00
    974.000     4.0232   3.268190    966.040    34.6133    27.4762  1031.9669    1482.24      1.742 0.0000e+00      14.00
    975.000     4.0224   3.268220    967.030    34.6140    27.4769  1031.9721    1482.25      1.304 0.0000e+00      18.00
    976.000     4.0227   3.268359    968.019    34.6148    27.4775  1031.9773    1482.27      1.045 0.0000e+00      25.00
    977.000     4.0233   3.268537    969.009    34.6158    27.4782  1031.9825    1482.29      1.257 0.0000e+00      20.00
    978.000     4.0243   3.268772    969.998    34.6170    27.4790  1031.9879    1482.31      1.731 0.0000e+00      14.00
    979.000     4.0247   3.268974    970.988    34.6184    27.4801  1031.9935    1482.34      2.104 0.0000e+00      12.00
    980.000     4.0225   3.268810    971.977    34.6183    27.4803  1031.9983    1482.34      2.286 0.0000e+00       9.00
    981.000     4.0190   3.268549    972.967    34.6184    27.4807  1032.0034    1482.34      2.280 0.0000e+00      10.00
    982.000     4.0183   3.268598    973.956    34.6191    27.4814  1032.0086    1482.36      2.049 0.0000e+00      11.00
    983.000     4.0182   3.268614    974.946    34.6190    27.4813  1032.0131    1482.37      1.526 0.0000e+00      17.00
    984.000     4.0120   3.268104    975.935    34.6189    27.4819  1032.0184    1482.36      0.759 0.0000e+00      39.00
    985.000     4.0081   3.267770    976.925    34.6186    27.4820  1032.0232    1482.36      1.312 0.0000e+00      17.00
    986.000     4.0038   3.267405    977.914    34.6183    27.4822  1032.0280    1482.36      1.902 0.0000e+00      13.00
    987.000     3.9980   3.266900    978.904    34.6178    27.4825  1032.0330    1482.36      2.141 0.0000e+00       9.00
    988.000     3.9935   3.266553    979.893    34.6179    27.4830  1032.0382    1482.35      2.152 0.0000e+00      12.00
    989.000     3.9876   3.266025    980.883    34.6174    27.4832  1032.0431    1482.34      2.006 0.0000e+00      12.00
    990.000     3.9729   3.264582    981.872    34.6153    27.4831  1032.0479    1482.30      1.784 0.0000e+00      13.00
    991.000     3.9566   3.263211    982.862    34.6156    27.4850  1032.0548    1482.24      1.605 0.0000e+00      15.00
    992.000     3.9505   3.262693    983.851    34.6154    27.4854  1032.0599    1482.24      1.600 0.0000e+00      15.00
    993.000     3.9460   3.262426    984.840    34.6164    27.4867  1032.0659    1482.24      1.628 0.0000e+00      15.00
    994.000     3.9429   3.262286    985.830    34.6175    27.4880  1032.0718    1482.24      1.535 0.0000e+00      14.00
    995.000     3.9446   3.262684    986.819    34.6200    27.4897  1032.0780    1482.27      1.308 0.0000e+00      20.00
    996.000     3.9448   3.262842    987.809    34.6211    27.4906  1032.0835    1482.29      1.223 0.0000e+00      21.00
    997.000     3.9445   3.263005    988.798    34.6228    27.4920  1032.0894    1482.30      1.554 0.0000e+00      16.00
    998.000     3.9460   3.263339    989.788    34.6247    27.4933  1032.0953    1482.33      1.913 0.0000e+00      12.00
    999.000     3.9466   3.263498    990.777    34.6254    27.4938  1032.1003    1482.35      2.100 0.0000e+00      10.00
   1000.000     3.9474   3.263683    991.766    34.6262    27.4944  1032.1054    1482.37      2.091 0.0000e+00      12.00
   1001.000     3.9503   3.264232    992.756    34.6293    27.4965  1032.1120    1482.40      1.905 0.0000e+00      12.00
   1002.000     3.9512   3.264387    993.745    34.6296    27.4967  1032.1167    1482.42      1.602 0.0000e+00      15.00
   1003.000     3.9516   3.264475    994.735    34.6297    27.4968  1032.1213    1482.44      1.312 0.0000e+00      19.00
   1004.000     3.9519   3.264562    995.724    34.6299    27.4969  1032.1260    1482.46      1.052 0.0000e+00      22.00
   1005.000     3.9523   3.264671    996.713    34.6303    27.4971  1032.1308    1482.48      1.054 0.0000e+00      25.00
   1006.000     3.9532   3.264876    997.703    34.6313    27.4978  1032.1360    1482.50      1.491 0.0000e+00      17.00
   1007.000     3.9536   3.264983    998.692    34.6316    27.4981  1032.1408    1482.52      1.898 0.0000e+00      12.00
   1008.000     3.9539   3.265116    999.682    34.6323    27.4986  1032.1459    1482.54      2.144 0.0000e+00      10.00
   1009.000     3.9551   3.265388   1000.671    34.6337    27.4996  1032.1514    1482.56      2.222 0.0000e+00      10.00
   1010.000     3.9570   3.265741   1001.660    34.6354    27.5007  1032.1570    1482.59      2.082 0.0000e+00      12.00
   1011.000     3.9603   3.266242   1002.649    34.6374    27.5019  1032.1627    1482.62      1.734 0.0000e+00      13.00
   1012.000     3.9645   3.266770   1003.639    34.6387    27.5025  1032.1678    1482.66      1.221 0.0000e+00      23.00
   1013.000     3.9660   3.267067   1004.628    34.6401    27.5035  1032.1733    1482.68      1.163 0.0000e+00      21.00
   1014.000     3.9683   3.267467   1005.618    34.6419    27.5047  1032.1789    1482.71      1.538 0.0000e+00      15.00
   1015.000     3.9732   3.268097   1006.607    34.6438    27.5057  1032.1843    1482.75      1.772 0.0000e+00      14.00
   1016.000     3.9767   3.268532   1007.596    34.6446    27.5060  1032.1891    1482.78      1.862 0.0000e+00      12.00
   1017.000     3.9799   3.268948   1008.586    34.6457    27.5065  1032.1941    1482.81      1.829 0.0000e+00      14.00
   1018.000     3.9843   3.269448   1009.575    34.6466    27.5068  1032.1988    1482.85      1.749 0.0000e+00      14.00
   1019.000     3.9880   3.269916   1010.564    34.6477    27.5073  1032.2038    1482.88      1.754 0.0000e+00      14.00
   1020.000     3.9914   3.270387   1011.553    34.6492    27.5081  1032.2091    1482.92      1.816 0.0000e+00      12.00
   1021.000     3.9983   3.271376   1012.543    34.6530    27.5104  1032.2157    1482.97      1.772 0.0000e+00      13.00
   1022.000     4.0036   3.272003   1013.532    34.6544    27.5110  1032.2207    1483.01      1.503 0.0000e+00      17.00
   1023.000     4.0049   3.272203   1014.521    34.6548    27.5112  1032.2254    1483.03      1.080 0.0000e+00      25.00
   1024.000     4.0060   3.272375   1015.511    34.6552    27.5114  1032.2302    1483.05      1.114 0.0000e+00      22.00
   1025.000     4.0070   3.272559   1016.500    34.6559    27.5118  1032.2351    1483.07      1.539 0.0000e+00      16.00
   1026.000     4.0075   3.272672   1017.489    34.6562    27.5120  1032.2398    1483.09      1.824 0.0000e+00      12.00
   1027.000     4.0079   3.272764   1018.478    34.6564    27.5121  1032.2445    1483.11      1.970 0.0000e+00      12.00
   1028.000     4.0087   3.272942   1019.468    34.6571    27.5126  1032.2496    1483.13      1.984 0.0000e+00      12.00
   1029.000     4.0098   3.273156   1020.457    34.6580    27.5132  1032.2547    1483.15      1.904 0.0000e+00      13.00
   1030.000     4.0109   3.273362   1021.446    34.6588    27.5137  1032.2597    1483.17      1.769 0.0000e+00      12.00
   1031.000     4.0121   3.273606   1022.435    34.6598    27.5144  1032.2649    1483.20      1.664 0.0000e+00      15.00
   1032.000     4.0139   3.273989   1023.425    34.6620    27.5159  1032.2709    1483.22      1.586 0.0000e+00      15.00
   1033.000     4.0147   3.274196   1024.414    34.6631    27.5167  1032.2762    1483.25      1.415 0.0000e+00      15.00
   1034.000     4.0150   3.274305   1025.403    34.6635    27.5171  1032.2811    1483.26      1.066 0.0000e+00      26.00
   1035.000     4.0150   3.274412   1026.392    34.6643    27.5177  1032.2863    1483.28      1.027 0.0000e+00      24.00
   1036.000     4.0145   3.274440   1027.382    34.6646    27.5180  1032.2911    1483.30      1.510 0.0000e+00      16.00
   1037.000     4.0145   3.274493   1028.371    34.6648    27.5181  1032.2959    1483.31      1.886 0.0000e+00      12.00
   1038.000     4.0145   3.274562   1029.360    34.6650    27.5183  1032.3006    1483.33      2.134 0.0000e+00      12.00
   1039.000     4.0146   3.274628   1030.349    34.6652    27.5185  1032.3053    1483.35      2.286 0.0000e+00      10.00
   1040.000     4.0145   3.274703   1031.339    34.6657    27.5188  1032.3103    1483.36      2.307 0.0000e+00      10.00
   1041.000     4.0146   3.274776   1032.328    34.6660    27.5191  1032.3150    1483.38      2.201 0.0000e+00      10.00
   1042.000     4.0147   3.274888   1033.317    34.6666    27.5196  1032.3201    1483.40      1.924 0.0000e+00      13.00
   1043.000     4.0153   3.275025   1034.306    34.6672    27.5199  1032.3250    1483.42      1.513 0.0000e+00      16.00
   1044.000     4.0172   3.275458   1035.295    34.6697    27.5217  1032.3313    1483.45      1.153 0.0000e+00      23.00
   1045.000     4.0193   3.275839   1036.285    34.6716    27.5230  1032.3370    1483.47      1.391 0.0000e+00      18.00
   1046.000     4.0201   3.275991   1037.274    34.6720    27.5233  1032.3418    1483.50      1.794 0.0000e+00      13.00
   1047.000     4.0205   3.276100   1038.263    34.6723    27.5235  1032.3466    1483.51      2.019 0.0000e+00      11.00
   1048.000     4.0221   3.276357   1039.252    34.6732    27.5240  1032.3516    1483.54      2.015 0.0000e+00      10.00
   1049.000     4.0245   3.276658   1040.241    34.6737    27.5242  1032.3563    1483.57      1.699 0.0000e+00      15.00
