dados/ctd/rad1_doei002.cnv
* Sea-Bird SBE 9 Raw Data File:
* FileName = C:\OceanoEI\OEI002.dat
* Software Version Seasave Win32 v1.10
* Temperature SN = 2326
* Conductivity SN = 2149
* Number of Bytes Per Scan = 12
* Number of Voltage Words = 0
* System UpLoad Time = Nov 02 2001 06:29:03
** H-40 
** Navio Oceanografico ANTARES 
** 173a Comissao Oceanografica 
** OCEANO LESTE I 
** Estacao: OEI002
** Latitude: 14 52.8 S
** Longitude: 037 20.1 W
** Data-Hora (DDHHMMZ/MMM/AA): 020626Z/NOV/01
** Profundidade Local (m): 4030
** N/S do CTD: 11282 
** Operador: 1T ALEX URBANCG
# nquan = 11
# nvalues = 2532                        
# units = specified
# name 0 = prDM: Pressure, Digiquartz [db]
# name 1 = t068C: Temperature [ITS-68, deg C]
# name 2 = c0S/m: Conductivity [S/m]
# name 3 = depSM: Depth [salt water, m], lat = -15
# name 4 = sal00: Salinity [PSU]
# name 5 = sigma-t00: Density [sigma-t, Kg/m^3 ]
# name 6 = density00: Density [density, Kg/m^3]
# name 7 = svCM: Sound Velocity [Chen-Millero, m/s]
# name 8 = dz/dtM: Descent Rate [m/s], WS = 2
# name 9 = flag: flag
# name 10 = nbin: number of scans per bin
# span 0 =      2.000,   2533.000       
# span 1 =     3.2777,    26.2755       
# span 2 =   3.242732,   5.737086       
# span 3 =      1.988,   2503.094       
# span 4 =    34.4198,    37.1903       
# span 5 =    24.5791,    27.8415       
# span 6 =  1024.5888,  1039.3672       
# span 7 =    1478.99,    1539.97       
# span 8 =      0.022,      3.458       
# span 9 = 0.0000e+00, 0.0000e+00       
# span 10 =       6.00,     326.00      
# interval = decibars: 1                
# start_time = Nov 02 2001 06:29:03
# bad_flag = -9.990e-29
*END*
[from data line 1837]
   1839.000     3.8905   3.325461   1820.238    34.9997    27.7975  1036.1994    1496.60      1.270 0.0000e+00      19.00
   1840.000     3.8904   3.325492   1821.224    34.9996    27.7974  1036.2039    1496.61      1.129 0.0000e+00      21.00
   1841.000     3.8886   3.325360   1822.209    34.9995    27.7975  1036.2085    1496.62      1.153 0.0000e+00      23.00
   1842.000     3.8871   3.325293   1823.195    34.9999    27.7980  1036.2135    1496.64      1.658 0.0000e+00      14.00
   1843.000     3.8859   3.325233   1824.180    34.9999    27.7982  1036.2182    1496.65      2.125 0.0000e+00      11.00
   1844.000     3.8842   3.325103   1825.166    34.9997    27.7981  1036.2228    1496.65      2.413 0.0000e+00      10.00
   1845.000     3.8830   3.325084   1826.151    35.0003    27.7987  1036.2279    1496.67      2.551 0.0000e+00       9.00
   1846.000     3.8834   3.325149   1827.137    35.0001    27.7986  1036.2322    1496.69      2.522 0.0000e+00      10.00
   1847.000     3.8833   3.325178   1828.122    35.0001    27.7986  1036.2367    1496.70      2.294 0.0000e+00       9.00
   1848.000     3.8829   3.325163   1829.108    34.9998    27.7984  1036.2410    1496.72      1.783 0.0000e+00      13.00
   1849.000     3.8823   3.325123   1830.093    34.9995    27.7982  1036.2453    1496.73      0.518 0.0000e+00      54.00
   1850.000     3.8814   3.325112   1831.079    34.9999    27.7986  1036.2502    1496.75      1.440 0.0000e+00      14.00
   1851.000     3.8811   3.325128   1832.064    34.9999    27.7986  1036.2547    1496.76      1.714 0.0000e+00      16.00
   1852.000     3.8811   3.325190   1833.050    35.0001    27.7988  1036.2594    1496.78      1.912 0.0000e+00      11.00
   1853.000     3.8814   3.325276   1834.035    35.0003    27.7990  1036.2640    1496.80      2.076 0.0000e+00      11.00
   1854.000     3.8816   3.325301   1835.021    35.0000    27.7987  1036.2682    1496.81      2.145 0.0000e+00      11.00
   1855.000     3.8812   3.325311   1836.006    35.0000    27.7987  1036.2727    1496.83      2.064 0.0000e+00      12.00
   1856.000     3.8811   3.325357   1836.991    35.0002    27.7989  1036.2774    1496.85      1.795 0.0000e+00      12.00
   1857.000     3.8806   3.325314   1837.977    34.9997    27.7985  1036.2815    1496.86      1.066 0.0000e+00      23.00
   1858.000     3.8785   3.325209   1838.962    35.0002    27.7991  1036.2867    1496.87      1.239 0.0000e+00      19.00
   1859.000     3.8785   3.325263   1839.948    35.0004    27.7993  1036.2914    1496.88      2.242 0.0000e+00      10.00
   1860.000     3.8784   3.325290   1840.933    35.0003    27.7992  1036.2958    1496.90      2.575 0.0000e+00       9.00
   1861.000     3.8778   3.325246   1841.919    35.0000    27.7991  1036.3001    1496.92      2.726 0.0000e+00       8.00
   1862.000     3.8730   3.324743   1842.904    34.9986    27.7985  1036.3042    1496.91      2.733 0.0000e+00       8.00
   1863.000     3.8677   3.324385   1843.890    34.9995    27.7997  1036.3101    1496.91      2.607 0.0000e+00       8.00
   1864.000     3.8649   3.324193   1844.875    34.9997    27.8002  1036.3152    1496.91      2.276 0.0000e+00      11.00
   1865.000     3.8634   3.324081   1845.860    34.9995    27.8002  1036.3198    1496.92      1.768 0.0000e+00      13.00
   1866.000     3.8605   3.323871   1846.846    34.9996    27.8006  1036.3248    1496.93      1.078 0.0000e+00      26.00
   1867.000     3.8595   3.323832   1847.831    34.9997    27.8007  1036.3294    1496.94      0.876 0.0000e+00      28.00
   1868.000     3.8592   3.323866   1848.816    34.9999    27.8009  1036.3341    1496.95      1.238 0.0000e+00      19.00
   1869.000     3.8587   3.323871   1849.802    35.0000    27.8010  1036.3388    1496.97      1.536 0.0000e+00      16.00
   1870.000     3.8583   3.323865   1850.787    34.9999    27.8010  1036.3432    1496.99      1.713 0.0000e+00      13.00
   1871.000     3.8568   3.323750   1851.773    34.9996    27.8009  1036.3477    1496.99      1.758 0.0000e+00      14.00
   1872.000     3.8574   3.323871   1852.758    34.9999    27.8011  1036.3523    1497.01      1.645 0.0000e+00      15.00
   1873.000     3.8581   3.323971   1853.743    34.9999    27.8011  1036.3567    1497.03      1.402 0.0000e+00      16.00
   1874.000     3.8573   3.323922   1854.729    34.9998    27.8010  1036.3612    1497.05      1.284 0.0000e+00      20.00
   1875.000     3.8563   3.323885   1855.714    34.9999    27.8012  1036.3659    1497.06      1.403 0.0000e+00      17.00
   1876.000     3.8556   3.323866   1856.699    34.9999    27.8013  1036.3705    1497.07      1.313 0.0000e+00      16.00
   1877.000     3.8555   3.323889   1857.685    34.9998    27.8012  1036.3749    1497.09      0.714 0.0000e+00      44.00
   1878.000     3.8557   3.323974   1858.670    35.0001    27.8015  1036.3796    1497.11      1.706 0.0000e+00      14.00
   1879.000     3.8556   3.324026   1859.655    35.0003    27.8016  1036.3842    1497.12      2.313 0.0000e+00      10.00
   1880.000     3.8559   3.324077   1860.641    35.0002    27.8015  1036.3886    1497.14      2.675 0.0000e+00       9.00
   1881.000     3.8558   3.324141   1861.626    35.0005    27.8017  1036.3933    1497.16      2.852 0.0000e+00       7.00
   1882.000     3.8559   3.324161   1862.611    35.0002    27.8015  1036.3975    1497.17      2.905 0.0000e+00       8.00
   1883.000     3.8550   3.324112   1863.597    35.0000    27.8015  1036.4020    1497.19      2.783 0.0000e+00       9.00
   1884.000     3.8544   3.324108   1864.582    35.0002    27.8016  1036.4067    1497.20      2.459 0.0000e+00       8.00
   1885.000     3.8539   3.324078   1865.567    34.9998    27.8014  1036.4110    1497.22      1.783 0.0000e+00      15.00
   1886.000     3.8533   3.324035   1866.553    34.9995    27.8012  1036.4153    1497.23      0.433 0.0000e+00      48.00
   1887.000     3.8522   3.324018   1867.538    35.0000    27.8017  1036.4203    1497.24      1.869 0.0000e+00      11.00
   1888.000     3.8523   3.324072   1868.523    35.0000    27.8017  1036.4248    1497.26      1.997 0.0000e+00      11.00
   1889.000     3.8521   3.324072   1869.508    34.9998    27.8016  1036.4291    1497.28      1.708 0.0000e+00      14.00
   1890.000     3.8511   3.324020   1870.494    34.9997    27.8016  1036.4337    1497.29      1.130 0.0000e+00      24.00
   1891.000     3.8501   3.323977   1871.479    34.9998    27.8018  1036.4384    1497.30      0.844 0.0000e+00      29.00
   1892.000     3.8489   3.323933   1872.464    35.0001    27.8021  1036.4432    1497.32      1.462 0.0000e+00      17.00
   1893.000     3.8473   3.323853   1873.450    35.0003    27.8025  1036.4482    1497.32      1.787 0.0000e+00      12.00
   1894.000     3.8464   3.323780   1874.435    35.0000    27.8023  1036.4525    1497.34      1.898 0.0000e+00      13.00
   1895.000     3.8454   3.323736   1875.420    35.0000    27.8024  1036.4571    1497.35      1.825 0.0000e+00      12.00
   1896.000     3.8450   3.323734   1876.405    35.0000    27.8024  1036.4616    1497.37      1.515 0.0000e+00      16.00
   1897.000     3.8448   3.323735   1877.391    34.9997    27.8023  1036.4659    1497.38      1.111 0.0000e+00      27.00
   1898.000     3.8443   3.323757   1878.376    35.0000    27.8025  1036.4707    1497.39      1.454 0.0000e+00      16.00
   1899.000     3.8445   3.323819   1879.361    35.0000    27.8025  1036.4752    1497.41      2.002 0.0000e+00      11.00
   1900.000     3.8443   3.323837   1880.346    34.9999    27.8025  1036.4796    1497.43      2.290 0.0000e+00      10.00
   1901.000     3.8436   3.323788   1881.332    34.9997    27.8024  1036.4840    1497.44      2.365 0.0000e+00      11.00
   1902.000     3.8421   3.323696   1882.317    34.9997    27.8025  1036.4887    1497.45      2.293 0.0000e+00      10.00
   1903.000     3.8400   3.323533   1883.302    34.9994    27.8025  1036.4933    1497.46      2.071 0.0000e+00      11.00
   1904.000     3.8381   3.323385   1884.287    34.9993    27.8026  1036.4979    1497.47      1.667 0.0000e+00      15.00
   1905.000     3.8353   3.323127   1885.273    34.9987    27.8025  1036.5024    1497.47      0.846 0.0000e+00      31.00
   1906.000     3.8338   3.323057   1886.258    34.9989    27.8027  1036.5072    1497.49      1.023 0.0000e+00      23.00
   1907.000     3.8341   3.323149   1887.243    34.9992    27.8030  1036.5119    1497.50      1.892 0.0000e+00      13.00
   1908.000     3.8341   3.323176   1888.228    34.9990    27.8028  1036.5162    1497.52      2.187 0.0000e+00      11.00
   1909.000     3.8338   3.323201   1889.213    34.9992    27.8030  1036.5209    1497.53      2.298 0.0000e+00       9.00
   1910.000     3.8339   3.323259   1890.199    34.9993    27.8031  1036.5255    1497.55      2.199 0.0000e+00      11.00
   1911.000     3.8334   3.323213   1891.184    34.9988    27.8027  1036.5296    1497.57      1.863 0.0000e+00      12.00
   1912.000     3.8329   3.323192   1892.169    34.9986    27.8026  1036.5340    1497.58      1.036 0.0000e+00      31.00
   1913.000     3.8322   3.323162   1893.154    34.9985    27.8026  1036.5385    1497.59      0.868 0.0000e+00      27.00
   1914.000     3.8294   3.322972   1894.139    34.9988    27.8031  1036.5436    1497.60      1.582 0.0000e+00      14.00
   1915.000     3.8285   3.322915   1895.124    34.9986    27.8031  1036.5481    1497.61      1.816 0.0000e+00      14.00
   1916.000     3.8271   3.322846   1896.110    34.9987    27.8033  1036.5528    1497.62      1.958 0.0000e+00      11.00
   1917.000     3.8258   3.322753   1897.095    34.9985    27.8033  1036.5573    1497.64      2.052 0.0000e+00      13.00
   1918.000     3.8256   3.322788   1898.080    34.9987    27.8034  1036.5619    1497.65      2.070 0.0000e+00      11.00
   1919.000     3.8256   3.322820   1899.065    34.9986    27.8033  1036.5663    1497.67      2.054 0.0000e+00      11.00
   1920.000     3.8244   3.322735   1900.050    34.9983    27.8033  1036.5708    1497.68      1.988 0.0000e+00      11.00
   1921.000     3.8184   3.322168   1901.035    34.9976    27.8033  1036.5756    1497.67      1.863 0.0000e+00      13.00
   1922.000     3.8166   3.322062   1902.021    34.9977    27.8035  1036.5804    1497.68      1.624 0.0000e+00      15.00
   1923.000     3.8141   3.321832   1903.006    34.9971    27.8033  1036.5848    1497.68      1.173 0.0000e+00      21.00
   1924.000     3.8120   3.321692   1903.991    34.9973    27.8037  1036.5897    1497.69      0.704 0.0000e+00      38.00
   1925.000     3.8119   3.321768   1904.976    34.9977    27.8041  1036.5946    1497.71      1.217 0.0000e+00      19.00
   1926.000     3.8123   3.321834   1905.961    34.9977    27.8040  1036.5989    1497.73      1.570 0.0000e+00      16.00
   1927.000     3.8095   3.321592   1906.946    34.9973    27.8039  1036.6035    1497.73      1.794 0.0000e+00      12.00
   1928.000     3.8057   3.321297   1907.931    34.9973    27.8043  1036.6086    1497.73      1.907 0.0000e+00      13.00
   1929.000     3.8036   3.321136   1908.916    34.9971    27.8044  1036.6132    1497.74      1.940 0.0000e+00      12.00
   1930.000     3.8032   3.321137   1909.901    34.9971    27.8044  1036.6177    1497.76      1.893 0.0000e+00      13.00
   1931.000     3.8011   3.320956   1910.887    34.9967    27.8043  1036.6222    1497.76      1.742 0.0000e+00      12.00
   1932.000     3.7994   3.320838   1911.872    34.9966    27.8044  1036.6269    1497.77      1.399 0.0000e+00      17.00
   1933.000     3.7982   3.320747   1912.857    34.9964    27.8044  1036.6313    1497.79      0.843 0.0000e+00      32.00
   1934.000     3.7963   3.320630   1913.842    34.9965    27.8047  1036.6362    1497.79      1.116 0.0000e+00      23.00
   1935.000     3.7953   3.320578   1914.827    34.9964    27.8047  1036.6407    1497.81      1.596 0.0000e+00      15.00
   1936.000     3.7928   3.320380   1915.812    34.9963    27.8049  1036.6455    1497.81      1.797 0.0000e+00      12.00
   1937.000     3.7914   3.320287   1916.797    34.9962    27.8049  1036.6501    1497.82      1.859 0.0000e+00      13.00
   1938.000     3.7882   3.320058   1917.782    34.9964    27.8054  1036.6552    1497.83      1.811 0.0000e+00      12.00
   1939.000     3.7873   3.320019   1918.767    34.9964    27.8055  1036.6598    1497.84      1.698 0.0000e+00      16.00
   1940.000     3.7859   3.319910   1919.752    34.9961    27.8055  1036.6643    1497.85      1.596 0.0000e+00      14.00
   1941.000     3.7832   3.319697   1920.737    34.9959    27.8056  1036.6690    1497.86      1.582 0.0000e+00      16.00
   1942.000     3.7813   3.319571   1921.722    34.9960    27.8058  1036.6738    1497.87      1.652 0.0000e+00      14.00
   1943.000     3.7801   3.319490   1922.708    34.9958    27.8057  1036.6783    1497.88      1.771 0.0000e+00      14.00
   1944.000     3.7768   3.319246   1923.693    34.9959    27.8062  1036.6833    1497.88      1.822 0.0000e+00      12.00
   1945.000     3.7767   3.319276   1924.678    34.9959    27.8062  1036.6878    1497.90      1.730 0.0000e+00      15.00
   1946.000     3.7761   3.319230   1925.663    34.9956    27.8060  1036.6922    1497.91      1.405 0.0000e+00      15.00
   1947.000     3.7738   3.319073   1926.648    34.9956    27.8062  1036.6970    1497.92      0.661 0.0000e+00      47.00
   1948.000     3.7730   3.319072   1927.633    34.9960    27.8067  1036.7019    1497.93      1.324 0.0000e+00      17.00
   1949.000     3.7728   3.319120   1928.618    34.9962    27.8069  1036.7065    1497.95      1.899 0.0000e+00      13.00
   1950.000     3.7727   3.319144   1929.603    34.9961    27.8068  1036.7110    1497.96      2.240 0.0000e+00      10.00
   1951.000     3.7728   3.319200   1930.588    34.9963    27.8069  1036.7156    1497.98      2.441 0.0000e+00      10.00
   1952.000     3.7728   3.319245   1931.573    34.9963    27.8070  1036.7201    1498.00      2.467 0.0000e+00       9.00
   1953.000     3.7726   3.319263   1932.558    34.9962    27.8069  1036.7245    1498.01      2.308 0.0000e+00      10.00
   1954.000     3.7721   3.319258   1933.543    34.9962    27.8069  1036.7290    1498.03      1.851 0.0000e+00      11.00
   1955.000     3.7720   3.319270   1934.528    34.9960    27.8068  1036.7333    1498.04      0.612 0.0000e+00      54.00
   1956.000     3.7714   3.319304   1935.513    34.9966    27.8073  1036.7383    1498.06      1.768 0.0000e+00      11.00
   1957.000     3.7713   3.319346   1936.498    34.9966    27.8073  1036.7429    1498.08      2.039 0.0000e+00      12.00
   1958.000     3.7715   3.319398   1937.483    34.9966    27.8073  1036.7473    1498.09      2.017 0.0000e+00      12.00
   1959.000     3.7715   3.319428   1938.468    34.9965    27.8072  1036.7516    1498.11      1.904 0.0000e+00      12.00
   1960.000     3.7708   3.319408   1939.453    34.9965    27.8073  1036.7563    1498.12      1.735 0.0000e+00      14.00
   1961.000     3.7703   3.319405   1940.438    34.9965    27.8073  1036.7608    1498.14      1.481 0.0000e+00      16.00
   1962.000     3.7703   3.319434   1941.423    34.9964    27.8073  1036.7652    1498.15      1.296 0.0000e+00      20.00
   1963.000     3.7703   3.319491   1942.407    34.9966    27.8074  1036.7698    1498.17      1.564 0.0000e+00      17.00
   1964.000     3.7703   3.319538   1943.392    34.9967    27.8075  1036.7743    1498.19      1.869 0.0000e+00      11.00
   1965.000     3.7703   3.319566   1944.377    34.9965    27.8073  1036.7787    1498.21      1.922 0.0000e+00      12.00
   1966.000     3.7705   3.319615   1945.362    34.9964    27.8073  1036.7831    1498.22      1.692 0.0000e+00      15.00
   1967.000     3.7702   3.319616   1946.347    34.9963    27.8072  1036.7875    1498.24      1.233 0.0000e+00      20.00
   1968.000     3.7691   3.319567   1947.332    34.9964    27.8073  1036.7922    1498.25      1.087 0.0000e+00      22.00
