dados/ctd/rad1_doei008.cnv
* Sea-Bird SBE 9 Raw Data File:
* FileName = C:\OceanoEI\OEI008.dat
* Software Version Seasave Win32 v1.10
* Temperature SN = 2326
* Conductivity SN = 2149
* Number of Bytes Per Scan = 12
* Number of Voltage Words = 0
* System UpLoad Time = Nov 03 2001 18:46:30
** H-40 
** Navio Oceanografico ANTARES 
** 173a Comissao Oceanografica 
** OCEANO LESTE I 
** Estacao: OEI008
** Latitude: 11 17.66 S
** Longitude: 034 56.20 W
** Data-Hora (DDHHMMZ/MMM/AA): 031844Z/NOV/01
** Profundidade Local (m): 4304
** N/S do CTD: 11282 
** Operador: 1T ALEX URBANCG
# nquan = 11
# nvalues = 2537                        
# units = specified
# name 0 = prDM: Pressure, Digiquartz [db]
# name 1 = t068C: Temperature [ITS-68, deg C]
# name 2 = c0S/m: Conductivity [S/m]
# name 3 = depSM: Depth [salt water, m], lat = -15
# name 4 = sal00: Salinity [PSU]
# name 5 = sigma-t00: Density [sigma-t, Kg/m^3 ]
# name 6 = density00: Density [density, Kg/m^3]
# name 7 = svCM: Sound Velocity [Chen-Millero, m/s]
# name 8 = dz/dtM: Descent Rate [m/s], WS = 2
# name 9 = flag: flag
# name 10 = nbin: number of scans per bin
# span 0 =      2.000,   2538.000       
# span 1 =     2.9962,    27.1112       
# span 2 =   3.256552,   5.760269       
# span 3 =      1.988,   2508.006       
# span 4 =    34.4183,    37.1167       
# span 5 =    23.9351,    27.8573       
# span 6 =  1023.9501,  1039.4225       
# span 7 =    1479.63,    1541.29       
# span 8 =     -0.136,      3.503       
# span 9 = 0.0000e+00, 0.0000e+00       
# span 10 =       6.00,     240.00      
# interval = decibars: 1                
# start_time = Nov 03 2001 18:46:30
# bad_flag = -9.990e-29
*END*
[from data line 1312]
   1314.000     4.3959   3.336356   1302.208    34.8527    27.6268  1033.6491    1489.74      2.231 0.0000e+00      11.00
   1315.000     4.3947   3.336245   1303.196    34.8522    27.6265  1033.6535    1489.75      2.247 0.0000e+00      10.00
   1316.000     4.3872   3.335543   1304.184    34.8513    27.6266  1033.6583    1489.74      2.095 0.0000e+00      11.00
   1317.000     4.3776   3.334704   1305.172    34.8510    27.6275  1033.6640    1489.71      1.751 0.0000e+00      15.00
   1318.000     4.3681   3.333814   1306.160    34.8501    27.6278  1033.6691    1489.69      1.406 0.0000e+00      19.00
   1319.000     4.3554   3.332669   1307.148    34.8496    27.6287  1033.6750    1489.65      1.245 0.0000e+00      17.00
   1320.000     4.3509   3.332302   1308.136    34.8495    27.6292  1033.6801    1489.65      1.266 0.0000e+00      20.00
   1321.000     4.3507   3.332312   1309.123    34.8494    27.6291  1033.6845    1489.67      1.376 0.0000e+00      17.00
   1322.000     4.3494   3.332231   1310.111    34.8493    27.6291  1033.6891    1489.68      1.476 0.0000e+00      18.00
   1323.000     4.3486   3.332218   1311.099    34.8494    27.6293  1033.6939    1489.69      1.624 0.0000e+00      14.00
   1324.000     4.3477   3.332243   1312.087    34.8502    27.6301  1033.6992    1489.71      1.834 0.0000e+00      14.00
   1325.000     4.3473   3.332287   1313.075    34.8506    27.6305  1033.7041    1489.72      2.011 0.0000e+00      10.00
   1326.000     4.3471   3.332366   1314.063    34.8513    27.6310  1033.7091    1489.74      2.050 0.0000e+00      12.00
   1327.000     4.3467   3.332466   1315.051    34.8523    27.6319  1033.7145    1489.75      1.902 0.0000e+00      11.00
   1328.000     4.3466   3.332547   1316.039    34.8529    27.6323  1033.7195    1489.77      1.463 0.0000e+00      17.00
   1329.000     4.3463   3.332670   1317.027    34.8541    27.6333  1033.7250    1489.79      0.886 0.0000e+00      33.00
   1330.000     4.3465   3.332785   1318.014    34.8548    27.6339  1033.7301    1489.81      1.313 0.0000e+00      18.00
   1331.000     4.3468   3.332911   1319.002    34.8554    27.6343  1033.7350    1489.82      1.858 0.0000e+00      12.00
   1332.000     4.3472   3.333028   1319.990    34.8560    27.6347  1033.7399    1489.85      2.097 0.0000e+00      11.00
   1333.000     4.3477   3.333181   1320.978    34.8566    27.6352  1033.7449    1489.86      2.089 0.0000e+00      11.00
   1334.000     4.3485   3.333337   1321.966    34.8572    27.6355  1033.7497    1489.88      1.834 0.0000e+00      11.00
   1335.000     4.3491   3.333454   1322.954    34.8574    27.6357  1033.7544    1489.90      1.360 0.0000e+00      20.00
   1336.000     4.3498   3.333621   1323.942    34.8581    27.6362  1033.7594    1489.92      1.345 0.0000e+00      19.00
   1337.000     4.3504   3.333899   1324.929    34.8603    27.6378  1033.7654    1489.95      1.805 0.0000e+00      12.00
   1338.000     4.3509   3.334079   1325.917    34.8613    27.6386  1033.7707    1489.97      1.899 0.0000e+00      12.00
   1339.000     4.3538   3.334532   1326.905    34.8631    27.6397  1033.7762    1490.00      1.605 0.0000e+00      14.00
   1340.000     4.3586   3.335137   1327.893    34.8647    27.6404  1033.7813    1490.04      0.991 0.0000e+00      31.00
   1341.000     4.3615   3.335576   1328.881    34.8662    27.6413  1033.7866    1490.07      1.400 0.0000e+00      18.00
   1342.000     4.3626   3.335776   1329.868    34.8670    27.6418  1033.7916    1490.09      1.980 0.0000e+00      11.00
   1343.000     4.3642   3.336037   1330.856    34.8679    27.6423  1033.7966    1490.11      2.208 0.0000e+00      10.00
   1344.000     4.3655   3.336226   1331.844    34.8682    27.6424  1033.8011    1490.14      2.202 0.0000e+00      10.00
   1345.000     4.3657   3.336286   1332.832    34.8682    27.6424  1033.8056    1490.15      1.974 0.0000e+00      12.00
   1346.000     4.3663   3.336386   1333.820    34.8683    27.6424  1033.8101    1490.17      1.500 0.0000e+00      17.00
   1347.000     4.3671   3.336531   1334.807    34.8686    27.6426  1033.8148    1490.19      1.140 0.0000e+00      22.00
   1348.000     4.3680   3.336693   1335.795    34.8691    27.6429  1033.8196    1490.21      1.474 0.0000e+00      15.00
   1349.000     4.3693   3.336934   1336.783    34.8700    27.6434  1033.8246    1490.24      1.643 0.0000e+00      15.00
   1350.000     4.3704   3.337111   1337.771    34.8704    27.6437  1033.8293    1490.26      1.627 0.0000e+00      15.00
   1351.000     4.3710   3.337235   1338.759    34.8707    27.6438  1033.8340    1490.28      1.517 0.0000e+00      15.00
   1352.000     4.3716   3.337365   1339.746    34.8712    27.6441  1033.8387    1490.30      1.365 0.0000e+00      18.00
   1353.000     4.3735   3.337687   1340.734    34.8724    27.6449  1033.8440    1490.32      1.276 0.0000e+00      19.00
   1354.000     4.3758   3.338075   1341.722    34.8741    27.6460  1033.8495    1490.35      1.258 0.0000e+00      19.00
   1355.000     4.3771   3.338311   1342.710    34.8750    27.6465  1033.8545    1490.38      1.340 0.0000e+00      19.00
   1356.000     4.3786   3.338580   1343.697    34.8760    27.6472  1033.8596    1490.40      1.596 0.0000e+00      14.00
   1357.000     4.3796   3.338777   1344.685    34.8768    27.6477  1033.8646    1490.42      1.882 0.0000e+00      13.00
   1358.000     4.3802   3.338932   1345.673    34.8775    27.6482  1033.8696    1490.44      2.081 0.0000e+00      12.00
   1359.000     4.3805   3.339005   1346.661    34.8775    27.6482  1033.8741    1490.46      2.189 0.0000e+00      10.00
   1360.000     4.3806   3.339068   1347.648    34.8776    27.6483  1033.8787    1490.48      2.164 0.0000e+00      11.00
   1361.000     4.3808   3.339124   1348.636    34.8776    27.6483  1033.8831    1490.49      1.969 0.0000e+00      12.00
   1362.000     4.3810   3.339206   1349.624    34.8779    27.6484  1033.8879    1490.51      1.523 0.0000e+00      15.00
   1363.000     4.3813   3.339302   1350.611    34.8782    27.6486  1033.8925    1490.53      0.878 0.0000e+00      34.00
   1364.000     4.3818   3.339434   1351.599    34.8787    27.6490  1033.8974    1490.55      1.335 0.0000e+00      18.00
   1365.000     4.3826   3.339684   1352.587    34.8803    27.6502  1033.9031    1490.57      1.845 0.0000e+00      13.00
   1366.000     4.3833   3.339919   1353.574    34.8818    27.6513  1033.9086    1490.59      2.130 0.0000e+00      10.00
   1367.000     4.3850   3.340364   1354.562    34.8847    27.6535  1033.9153    1490.62      2.210 0.0000e+00      11.00
   1368.000     4.3869   3.340661   1355.550    34.8857    27.6540  1033.9202    1490.65      2.094 0.0000e+00       9.00
   1369.000     4.3890   3.340895   1356.537    34.8858    27.6539  1033.9245    1490.67      1.731 0.0000e+00      16.00
   1370.000     4.3906   3.341125   1357.525    34.8863    27.6541  1033.9292    1490.70      1.166 0.0000e+00      22.00
   1371.000     4.3948   3.341670   1358.513    34.8877    27.6548  1033.9343    1490.73      0.857 0.0000e+00      30.00
   1372.000     4.3998   3.342278   1359.501    34.8892    27.6554  1033.9392    1490.77      1.275 0.0000e+00      19.00
   1373.000     4.4076   3.343252   1360.488    34.8919    27.6567  1033.9447    1490.82      1.707 0.0000e+00      15.00
   1374.000     4.4084   3.343265   1361.476    34.8907    27.6556  1033.9482    1490.84      1.995 0.0000e+00      11.00
   1375.000     4.4083   3.343400   1362.464    34.8919    27.6566  1033.9537    1490.86      2.125 0.0000e+00      10.00
   1376.000     4.4100   3.343599   1363.451    34.8919    27.6564  1033.9579    1490.88      2.093 0.0000e+00      11.00
   1377.000     4.4100   3.343632   1364.439    34.8918    27.6563  1033.9623    1490.90      1.856 0.0000e+00      12.00
   1378.000     4.4122   3.343899   1365.426    34.8921    27.6563  1033.9668    1490.93      1.390 0.0000e+00      18.00
   1379.000     4.4126   3.343974   1366.414    34.8920    27.6562  1033.9712    1490.94      1.018 0.0000e+00      28.00
   1380.000     4.4157   3.344401   1367.402    34.8933    27.6569  1033.9763    1490.98      1.502 0.0000e+00      15.00
   1381.000     4.4183   3.344700   1368.389    34.8936    27.6569  1033.9807    1491.00      1.920 0.0000e+00      12.00
   1382.000     4.4185   3.344780   1369.377    34.8938    27.6570  1033.9853    1491.02      2.124 0.0000e+00      12.00
   1383.000     4.4190   3.344889   1370.365    34.8941    27.6572  1033.9900    1491.04      2.187 0.0000e+00      10.00
   1384.000     4.4200   3.345099   1371.352    34.8950    27.6577  1033.9950    1491.06      2.129 0.0000e+00      12.00
   1385.000     4.4265   3.345837   1372.340    34.8964    27.6582  1033.9997    1491.11      1.998 0.0000e+00      11.00
   1386.000     4.4288   3.346136   1373.327    34.8969    27.6584  1034.0043    1491.13      1.784 0.0000e+00      12.00
   1387.000     4.4268   3.346086   1374.315    34.8980    27.6594  1034.0099    1491.14      1.479 0.0000e+00      17.00
   1388.000     4.4250   3.345992   1375.303    34.8983    27.6599  1034.0150    1491.15      0.814 0.0000e+00      35.00
   1389.000     4.4223   3.345810   1376.290    34.8985    27.6603  1034.0200    1491.16      0.880 0.0000e+00      31.00
   1390.000     4.4173   3.345417   1377.278    34.8986    27.6610  1034.0253    1491.15      1.748 0.0000e+00      13.00
   1391.000     4.4128   3.345067   1378.265    34.8987    27.6615  1034.0305    1491.15      2.223 0.0000e+00      11.00
   1392.000     4.4107   3.344954   1379.253    34.8991    27.6620  1034.0357    1491.16      2.529 0.0000e+00       8.00
   1393.000     4.4095   3.344879   1380.241    34.8990    27.6621  1034.0403    1491.17      2.642 0.0000e+00       9.00
   1394.000     4.4085   3.344816   1381.228    34.8989    27.6621  1034.0448    1491.18      2.574 0.0000e+00       9.00
   1395.000     4.4074   3.344763   1382.216    34.8989    27.6622  1034.0495    1491.20      2.289 0.0000e+00      10.00
   1396.000     4.4069   3.344752   1383.203    34.8988    27.6622  1034.0540    1491.21      1.617 0.0000e+00      14.00
   1397.000     4.4072   3.344796   1384.191    34.8985    27.6619  1034.0582    1491.23      0.343 0.0000e+00      53.00
   1398.000     4.4069   3.344840   1385.178    34.8989    27.6623  1034.0631    1491.24      1.907 0.0000e+00      12.00
   1399.000     4.4072   3.344933   1386.166    34.8991    27.6625  1034.0678    1491.26      2.443 0.0000e+00       9.00
   1400.000     4.4075   3.345015   1387.153    34.8993    27.6626  1034.0724    1491.28      2.720 0.0000e+00       9.00
   1401.000     4.4080   3.345173   1388.141    34.9001    27.6631  1034.0775    1491.30      2.810 0.0000e+00       7.00
   1402.000     4.4086   3.345301   1389.128    34.9005    27.6634  1034.0822    1491.32      2.686 0.0000e+00       9.00
   1403.000     4.4091   3.345365   1390.116    34.9002    27.6631  1034.0864    1491.34      2.308 0.0000e+00      10.00
   1404.000     4.4094   3.345397   1391.104    34.8998    27.6627  1034.0905    1491.36      1.606 0.0000e+00      14.00
   1405.000     4.4088   3.345466   1392.091    34.9007    27.6635  1034.0958    1491.37      0.930 0.0000e+00      32.00
   1406.000     4.4069   3.345337   1393.079    34.9007    27.6637  1034.1006    1491.38      1.501 0.0000e+00      14.00
   1407.000     4.4041   3.345113   1394.066    34.9006    27.6639  1034.1054    1491.39      1.724 0.0000e+00      13.00
   1408.000     4.4010   3.344859   1395.053    34.9003    27.6641  1034.1102    1491.39      1.648 0.0000e+00      15.00
   1409.000     4.3960   3.344512   1396.041    34.9011    27.6653  1034.1160    1491.39      1.373 0.0000e+00      15.00
   1410.000     4.3927   3.344358   1397.028    34.9022    27.6665  1034.1219    1491.39      0.920 0.0000e+00      28.00
   1411.000     4.3908   3.344219   1398.016    34.9020    27.6666  1034.1265    1491.40      0.993 0.0000e+00      24.00
   1412.000     4.3874   3.343943   1399.004    34.9019    27.6668  1034.1314    1491.40      1.301 0.0000e+00      20.00
   1413.000     4.3851   3.343785   1399.991    34.9020    27.6672  1034.1363    1491.41      1.733 0.0000e+00      13.00
   1414.000     4.3824   3.343581   1400.979    34.9020    27.6674  1034.1412    1491.41      2.089 0.0000e+00      12.00
   1415.000     4.3802   3.343460   1401.966    34.9024    27.6680  1034.1463    1491.42      2.309 0.0000e+00      10.00
   1416.000     4.3787   3.343359   1402.953    34.9023    27.6681  1034.1510    1491.43      2.394 0.0000e+00      10.00
   1417.000     4.3721   3.342822   1403.941    34.9024    27.6689  1034.1565    1491.42      2.342 0.0000e+00       9.00
   1418.000     4.3690   3.342693   1404.928    34.9036    27.6702  1034.1624    1491.43      2.141 0.0000e+00      12.00
   1419.000     4.3674   3.342603   1405.916    34.9038    27.6705  1034.1673    1491.44      1.793 0.0000e+00      13.00
   1420.000     4.3650   3.342465   1406.903    34.9042    27.6711  1034.1725    1491.45      1.374 0.0000e+00      18.00
   1421.000     4.3634   3.342405   1407.891    34.9047    27.6717  1034.1776    1491.46      1.053 0.0000e+00      25.00
   1422.000     4.3631   3.342439   1408.878    34.9049    27.6719  1034.1823    1491.47      1.208 0.0000e+00      21.00
   1423.000     4.3635   3.342545   1409.866    34.9052    27.6721  1034.1870    1491.49      1.538 0.0000e+00      15.00
   1424.000     4.3644   3.342712   1410.853    34.9057    27.6724  1034.1918    1491.51      1.866 0.0000e+00      12.00
   1425.000     4.3654   3.342867   1411.840    34.9060    27.6725  1034.1964    1491.53      2.069 0.0000e+00      12.00
   1426.000     4.3681   3.343270   1412.828    34.9074    27.6733  1034.2016    1491.56      2.113 0.0000e+00      11.00
   1427.000     4.3703   3.343560   1413.815    34.9080    27.6735  1034.2063    1491.59      1.972 0.0000e+00      10.00
   1428.000     4.3720   3.343775   1414.803    34.9083    27.6736  1034.2108    1491.61      1.570 0.0000e+00      15.00
   1429.000     4.3732   3.343934   1415.790    34.9083    27.6735  1034.2151    1491.63      0.925 0.0000e+00      34.00
   1430.000     4.3735   3.344041   1416.777    34.9088    27.6738  1034.2200    1491.65      1.281 0.0000e+00      18.00
   1431.000     4.3729   3.344059   1417.765    34.9092    27.6742  1034.2249    1491.67      1.772 0.0000e+00      12.00
   1432.000     4.3739   3.344412   1418.752    34.9117    27.6760  1034.2312    1491.69      1.927 0.0000e+00      11.00
   1433.000     4.3766   3.344835   1419.740    34.9133    27.6770  1034.2365    1491.72      1.756 0.0000e+00      14.00
   1434.000     4.3811   3.345436   1420.727    34.9151    27.6780  1034.2419    1491.76      1.114 0.0000e+00      23.00
   1435.000     4.3895   3.346526   1421.714    34.9185    27.6798  1034.2479    1491.82      0.887 0.0000e+00      26.00
   1436.000     4.3973   3.347519   1422.702    34.9215    27.6813  1034.2536    1491.87      1.896 0.0000e+00      13.00
   1437.000     4.4018   3.348102   1423.689    34.9230    27.6820  1034.2586    1491.91      2.351 0.0000e+00      11.00
   1438.000     4.4041   3.348401   1424.677    34.9236    27.6823  1034.2633    1491.93      2.620 0.0000e+00       8.00
   1439.000     4.4049   3.348518   1425.664    34.9237    27.6823  1034.2678    1491.95      2.684 0.0000e+00       9.00
   1440.000     4.4057   3.348707   1426.651    34.9246    27.6828  1034.2728    1491.97      2.567 0.0000e+00       8.00
   1441.000     4.4100   3.349196   1427.639    34.9253    27.6830  1034.2773    1492.01      2.197 0.0000e+00      12.00
   1442.000     4.4113   3.349382   1428.626    34.9256    27.6830  1034.2818    1492.03      1.504 0.0000e+00      14.00
   1443.000     4.4145   3.349753   1429.613    34.9261    27.6831  1034.2863    1492.06      0.585 0.0000e+00      43.00
