dados/ctd/rad1_doei008.cnv
* Sea-Bird SBE 9 Raw Data File:
* FileName = C:\OceanoEI\OEI008.dat
* Software Version Seasave Win32 v1.10
* Temperature SN = 2326
* Conductivity SN = 2149
* Number of Bytes Per Scan = 12
* Number of Voltage Words = 0
* System UpLoad Time = Nov 03 2001 18:46:30
** H-40 
** Navio Oceanografico ANTARES 
** 173a Comissao Oceanografica 
** OCEANO LESTE I 
** Estacao: OEI008
** Latitude: 11 17.66 S
** Longitude: 034 56.20 W
** Data-Hora (DDHHMMZ/MMM/AA): 031844Z/NOV/01
** Profundidade Local (m): 4304
** N/S do CTD: 11282 
** Operador: 1T ALEX URBANCG
# nquan = 11
# nvalues = 2537                        
# units = specified
# name 0 = prDM: Pressure, Digiquartz [db]
# name 1 = t068C: Temperature [ITS-68, deg C]
# name 2 = c0S/m: Conductivity [S/m]
# name 3 = depSM: Depth [salt water, m], lat = -15
# name 4 = sal00: Salinity [PSU]
# name 5 = sigma-t00: Density [sigma-t, Kg/m^3 ]
# name 6 = density00: Density [density, Kg/m^3]
# name 7 = svCM: Sound Velocity [Chen-Millero, m/s]
# name 8 = dz/dtM: Descent Rate [m/s], WS = 2
# name 9 = flag: flag
# name 10 = nbin: number of scans per bin
# span 0 =      2.000,   2538.000       
# span 1 =     2.9962,    27.1112       
# span 2 =   3.256552,   5.760269       
# span 3 =      1.988,   2508.006       
# span 4 =    34.4183,    37.1167       
# span 5 =    23.9351,    27.8573       
# span 6 =  1023.9501,  1039.4225       
# span 7 =    1479.63,    1541.29       
# span 8 =     -0.136,      3.503       
# span 9 = 0.0000e+00, 0.0000e+00       
# span 10 =       6.00,     240.00      
# interval = decibars: 1                
# start_time = Nov 03 2001 18:46:30
# bad_flag = -9.990e-29
*END*
[from data line 394]
    396.000     7.5044   3.558735    393.309    34.6300    27.0563  1028.8617    1486.64      2.068 0.0000e+00      11.00
    397.000     7.5037   3.558707    394.301    34.6299    27.0563  1028.8664    1486.65      1.925 0.0000e+00      13.00
    398.000     7.4980   3.558193    395.293    34.6295    27.0568  1028.8714    1486.65      1.677 0.0000e+00      14.00
    399.000     7.4906   3.557532    396.285    34.6292    27.0576  1028.8768    1486.63      1.481 0.0000e+00      16.00
    400.000     7.4854   3.557004    397.278    34.6282    27.0576  1028.8814    1486.63      1.587 0.0000e+00      16.00
    401.000     7.4762   3.556198    398.270    34.6281    27.0589  1028.8873    1486.61      1.887 0.0000e+00      14.00
    402.000     7.4658   3.555041    399.262    34.6255    27.0583  1028.8914    1486.58      2.129 0.0000e+00      11.00
    403.000     7.4449   3.553070    400.254    34.6245    27.0605  1028.8982    1486.52      2.252 0.0000e+00      10.00
    404.000     7.4294   3.551571    401.246    34.6231    27.0617  1028.9041    1486.47      2.219 0.0000e+00      10.00
    405.000     7.4020   3.548453    402.239    34.6161    27.0600  1028.9072    1486.38      2.023 0.0000e+00      11.00
    406.000     7.3617   3.544906    403.231    34.6171    27.0666  1028.9187    1486.24      1.653 0.0000e+00      15.00
    407.000     7.3324   3.542094    404.223    34.6152    27.0693  1028.9262    1486.14      1.188 0.0000e+00      22.00
    408.000     7.3077   3.539699    405.215    34.6134    27.0713  1028.9330    1486.06      0.974 0.0000e+00      26.00
    409.000     7.2891   3.537764    406.208    34.6104    27.0716  1028.9380    1486.00      1.317 0.0000e+00      18.00
    410.000     7.2758   3.536568    407.200    34.6101    27.0732  1028.9443    1485.97      1.753 0.0000e+00      14.00
    411.000     7.2737   3.536366    408.192    34.6096    27.0731  1028.9488    1485.97      2.017 0.0000e+00      11.00
    412.000     7.2609   3.534962    409.184    34.6065    27.0725  1028.9529    1485.94      2.096 0.0000e+00      12.00
    413.000     7.2462   3.533673    410.176    34.6066    27.0747  1028.9597    1485.90      1.997 0.0000e+00      12.00
    414.000     7.2337   3.532521    411.168    34.6061    27.0761  1028.9657    1485.86      1.715 0.0000e+00      13.00
    415.000     7.2235   3.531624    412.161    34.6059    27.0773  1028.9716    1485.84      1.315 0.0000e+00      19.00
    416.000     7.2147   3.530788    413.153    34.6051    27.0780  1028.9769    1485.82      1.222 0.0000e+00      21.00
    417.000     7.1939   3.528526    414.145    34.6008    27.0775  1028.9811    1485.75      1.641 0.0000e+00      14.00
    418.000     7.1643   3.525651    415.137    34.5985    27.0798  1028.9883    1485.65      2.035 0.0000e+00      11.00
    419.000     7.1458   3.523776    416.129    34.5959    27.0804  1028.9936    1485.59      2.217 0.0000e+00      11.00
    420.000     7.0912   3.518076    417.121    34.5877    27.0815  1028.9998    1485.39      2.184 0.0000e+00      11.00
    421.000     7.0640   3.516077    418.114    34.5925    27.0891  1029.0121    1485.31      1.971 0.0000e+00      12.00
    422.000     7.0447   3.514124    419.106    34.5900    27.0898  1029.0176    1485.24      1.617 0.0000e+00      15.00
    423.000     7.0284   3.512691    420.098    34.5901    27.0921  1029.0246    1485.20      1.311 0.0000e+00      16.00
    424.000     7.0127   3.511050    421.090    34.5873    27.0922  1029.0293    1485.15      1.391 0.0000e+00      17.00
    425.000     6.9992   3.509611    422.082    34.5845    27.0918  1029.0337    1485.11      1.556 0.0000e+00      15.00
    426.000     6.9663   3.506457    423.074    34.5824    27.0947  1029.0414    1485.00      1.600 0.0000e+00      15.00
    427.000     6.9467   3.504570    424.066    34.5808    27.0961  1029.0476    1484.94      1.503 0.0000e+00      16.00
    428.000     6.9307   3.503156    425.058    34.5808    27.0983  1029.0545    1484.89      1.346 0.0000e+00      17.00
    429.000     6.9257   3.502588    426.050    34.5791    27.0977  1029.0584    1484.88      1.425 0.0000e+00      17.00
    430.000     6.9035   3.500378    427.043    34.5766    27.0987  1029.0642    1484.81      1.808 0.0000e+00      13.00
    431.000     6.8964   3.499848    428.035    34.5774    27.1004  1029.0705    1484.80      2.204 0.0000e+00      11.00
    432.000     6.8955   3.499787    429.027    34.5772    27.1003  1029.0750    1484.82      2.454 0.0000e+00       9.00
    433.000     6.8925   3.499413    430.019    34.5756    27.0995  1029.0787    1484.82      2.530 0.0000e+00       9.00
    434.000     6.8904   3.499325    431.011    34.5762    27.1003  1029.0841    1484.83      2.386 0.0000e+00      10.00
    435.000     6.8893   3.499230    432.003    34.5758    27.1001  1029.0885    1484.84      2.037 0.0000e+00      10.00
    436.000     6.8874   3.499091    432.995    34.5757    27.1003  1029.0932    1484.85      1.343 0.0000e+00      18.00
    437.000     6.8834   3.498706    433.987    34.5749    27.1002  1029.0978    1484.85      0.731 0.0000e+00      33.00
    438.000     6.8713   3.497475    434.979    34.5730    27.1004  1029.1026    1484.82      1.527 0.0000e+00      16.00
    439.000     6.8632   3.496711    435.971    34.5723    27.1009  1029.1077    1484.80      1.924 0.0000e+00      12.00
    440.000     6.8545   3.495872    436.963    34.5712    27.1013  1029.1127    1484.78      2.033 0.0000e+00      10.00
    441.000     6.8440   3.494849    437.955    34.5700    27.1017  1029.1179    1484.76      1.884 0.0000e+00      14.00
    442.000     6.8326   3.493822    438.947    34.5697    27.1030  1029.1239    1484.73      1.580 0.0000e+00      15.00
    443.000     6.8255   3.493162    439.939    34.5690    27.1035  1029.1289    1484.72      1.400 0.0000e+00      19.00
    444.000     6.8111   3.491738    440.931    34.5673    27.1041  1029.1342    1484.67      1.579 0.0000e+00      16.00
    445.000     6.7998   3.490747    441.923    34.5673    27.1056  1029.1404    1484.64      1.829 0.0000e+00      12.00
    446.000     6.7963   3.490484    442.915    34.5674    27.1062  1029.1456    1484.65      1.945 0.0000e+00      11.00
    447.000     6.7933   3.490203    443.907    34.5668    27.1061  1029.1501    1484.65      1.910 0.0000e+00      13.00
    448.000     6.7762   3.488322    444.899    34.5628    27.1053  1029.1540    1484.60      1.765 0.0000e+00      13.00
    449.000     6.7405   3.485046    445.891    34.5619    27.1095  1029.1630    1484.47      1.613 0.0000e+00      17.00
    450.000     6.7205   3.483216    446.884    34.5613    27.1117  1029.1700    1484.41      1.548 0.0000e+00      16.00
    451.000     6.7102   3.482262    447.875    34.5607    27.1126  1029.1756    1484.39      1.609 0.0000e+00      15.00
    452.000     6.7032   3.481654    448.867    34.5605    27.1133  1029.1810    1484.37      1.749 0.0000e+00      13.00
    453.000     6.6990   3.481276    449.859    34.5600    27.1136  1029.1858    1484.38      1.876 0.0000e+00      13.00
    454.000     6.6952   3.480912    450.851    34.5594    27.1136  1029.1904    1484.38      1.901 0.0000e+00      11.00
    455.000     6.6740   3.478558    451.843    34.5542    27.1123  1029.1939    1484.30      1.780 0.0000e+00      14.00
    456.000     6.6469   3.476347    452.835    34.5565    27.1178  1029.2042    1484.22      1.526 0.0000e+00      16.00
    457.000     6.6482   3.476726    453.827    34.5589    27.1195  1029.2104    1484.24      1.265 0.0000e+00      19.00
    458.000     6.6569   3.477715    454.819    34.5606    27.1197  1029.2151    1484.29      1.273 0.0000e+00      20.00
    459.000     6.6613   3.478187    455.811    34.5609    27.1193  1029.2192    1484.33      1.593 0.0000e+00      16.00
    460.000     6.6611   3.478374    456.803    34.5626    27.1207  1029.2252    1484.34      1.827 0.0000e+00      12.00
    461.000     6.6630   3.478703    457.795    34.5639    27.1214  1029.2304    1484.37      1.845 0.0000e+00      13.00
    462.000     6.6578   3.478204    458.787    34.5631    27.1215  1029.2351    1484.37      1.629 0.0000e+00      15.00
    463.000     6.6284   3.475490    459.779    34.5622    27.1247  1029.2432    1484.27      1.263 0.0000e+00      19.00
    464.000     6.6319   3.476078    460.771    34.5646    27.1262  1029.2492    1484.30      1.206 0.0000e+00      21.00
    465.000     6.6125   3.473821    461.763    34.5587    27.1242  1029.2519    1484.23      1.567 0.0000e+00      15.00
    466.000     6.5801   3.470694    462.755    34.5562    27.1265  1029.2592    1484.12      1.873 0.0000e+00      13.00
    467.000     6.5791   3.471104    463.747    34.5613    27.1307  1029.2679    1484.14      2.050 0.0000e+00      11.00
    468.000     6.6070   3.474130    464.739    34.5663    27.1309  1029.2723    1484.27      2.108 0.0000e+00      10.00
    469.000     6.6126   3.474836    465.731    34.5679    27.1314  1029.2773    1484.31      2.021 0.0000e+00      12.00
    470.000     6.6396   3.477740    466.723    34.5724    27.1313  1029.2815    1484.44      1.839 0.0000e+00      13.00
    471.000     6.6586   3.479940    467.714    34.5771    27.1325  1029.2870    1484.53      1.634 0.0000e+00      15.00
    472.000     6.6681   3.481039    468.706    34.5792    27.1328  1029.2918    1484.59      1.545 0.0000e+00      17.00
    473.000     6.6646   3.480795    469.698    34.5796    27.1336  1029.2972    1484.60      1.673 0.0000e+00      14.00
    474.000     6.6628   3.480666    470.690    34.5794    27.1338  1029.3019    1484.60      1.933 0.0000e+00      13.00
    475.000     6.6608   3.480594    471.682    34.5802    27.1346  1029.3073    1484.61      2.126 0.0000e+00      10.00
    476.000     6.6588   3.480410    472.674    34.5797    27.1344  1029.3117    1484.62      2.150 0.0000e+00      11.00
    477.000     6.6517   3.479701    473.666    34.5785    27.1345  1029.3164    1484.61      1.943 0.0000e+00      11.00
    478.000     6.6402   3.478534    474.657    34.5766    27.1346  1029.3211    1484.58      1.349 0.0000e+00      20.00
    479.000     6.6286   3.477543    475.649    34.5769    27.1363  1029.3276    1484.55      0.537 0.0000e+00      47.00
    480.000     6.6343   3.478234    476.641    34.5783    27.1367  1029.3324    1484.59      1.748 0.0000e+00      14.00
    481.000     6.6380   3.478718    477.633    34.5795    27.1371  1029.3374    1484.62      2.289 0.0000e+00       9.00
    482.000     6.6425   3.479328    478.625    34.5812    27.1379  1029.3426    1484.66      2.581 0.0000e+00       9.00
    483.000     6.6536   3.480490    479.617    34.5824    27.1373  1029.3464    1484.72      2.678 0.0000e+00       9.00
    484.000     6.6454   3.479349    480.609    34.5776    27.1346  1029.3484    1484.70      2.617 0.0000e+00       8.00
    485.000     6.6151   3.476073    481.600    34.5713    27.1337  1029.3524    1484.59      2.396 0.0000e+00      10.00
    486.000     6.6213   3.477907    482.592    34.5848    27.1435  1029.3667    1484.65      2.014 0.0000e+00      13.00
    487.000     6.6410   3.479770    483.584    34.5852    27.1412  1029.3687    1484.74      1.519 0.0000e+00      17.00
    488.000     6.6464   3.480311    484.576    34.5852    27.1405  1029.3724    1484.78      1.112 0.0000e+00      22.00
    489.000     6.6476   3.480460    485.568    34.5852    27.1403  1029.3769    1484.80      1.134 0.0000e+00      21.00
    490.000     6.6388   3.479411    486.560    34.5819    27.1389  1029.3801    1484.78      1.472 0.0000e+00      17.00
    491.000     6.6064   3.476002    487.551    34.5763    27.1388  1029.3849    1484.66      1.790 0.0000e+00      14.00
    492.000     6.5750   3.472623    488.543    34.5700    27.1381  1029.3891    1484.55      1.972 0.0000e+00      11.00
    493.000     6.5591   3.471420    489.535    34.5722    27.1420  1029.3977    1484.50      1.981 0.0000e+00      12.00
    494.000     6.5561   3.471157    490.527    34.5718    27.1420  1029.4024    1484.50      1.830 0.0000e+00      11.00
    495.000     6.5541   3.470953    491.519    34.5711    27.1417  1029.4066    1484.51      1.585 0.0000e+00      17.00
    496.000     6.5535   3.470913    492.510    34.5707    27.1415  1029.4109    1484.53      1.484 0.0000e+00      16.00
    497.000     6.5519   3.470781    493.502    34.5704    27.1415  1029.4155    1484.54      1.667 0.0000e+00      16.00
    498.000     6.5559   3.471346    494.494    34.5722    27.1424  1029.4209    1484.57      1.878 0.0000e+00      11.00
    499.000     6.5159   3.466686    495.486    34.5603    27.1383  1029.4219    1484.42      1.932 0.0000e+00      13.00
    500.000     6.4553   3.460526    496.477    34.5525    27.1402  1029.4290    1484.18      1.841 0.0000e+00      12.00
    501.000     6.3711   3.451949    497.469    34.5415    27.1426  1029.4369    1483.86      1.678 0.0000e+00      15.00
    502.000     6.3062   3.445551    498.461    34.5353    27.1462  1029.4458    1483.61      1.506 0.0000e+00      17.00
    503.000     6.2584   3.440711    499.453    34.5290    27.1475  1029.4522    1483.43      1.380 0.0000e+00      17.00
    504.000     6.2171   3.436639    500.445    34.5248    27.1495  1029.4593    1483.28      1.290 0.0000e+00      18.00
    505.000     6.1927   3.434059    501.436    34.5202    27.1490  1029.4637    1483.19      1.236 0.0000e+00      21.00
    506.000     6.1684   3.431701    502.428    34.5179    27.1503  1029.4698    1483.11      1.385 0.0000e+00      18.00
    507.000     6.1602   3.430936    503.419    34.5171    27.1507  1029.4749    1483.09      1.709 0.0000e+00      14.00
    508.000     6.1553   3.430449    504.411    34.5162    27.1507  1029.4794    1483.09      2.020 0.0000e+00      11.00
    509.000     6.1497   3.429849    505.403    34.5146    27.1501  1029.4835    1483.08      2.232 0.0000e+00      11.00
    510.000     6.1381   3.428681    506.395    34.5128    27.1502  1029.4883    1483.05      2.292 0.0000e+00       9.00
    511.000     6.1317   3.428182    507.387    34.5132    27.1513  1029.4941    1483.04      2.145 0.0000e+00      11.00
    512.000     6.1242   3.427478    508.378    34.5123    27.1516  1029.4990    1483.02      1.732 0.0000e+00      14.00
    513.000     6.1258   3.427812    509.370    34.5140    27.1528  1029.5047    1483.05      1.044 0.0000e+00      24.00
    514.000     6.1331   3.428541    510.362    34.5142    27.1520  1029.5084    1483.10      1.026 0.0000e+00      27.00
    515.000     6.1287   3.428067    511.353    34.5129    27.1515  1029.5125    1483.09      1.857 0.0000e+00      13.00
    516.000     6.1215   3.427363    512.345    34.5118    27.1516  1029.5172    1483.08      2.269 0.0000e+00       9.00
    517.000     6.1178   3.427010    513.337    34.5111    27.1515  1029.5217    1483.08      2.498 0.0000e+00       9.00
    518.000     6.1109   3.426405    514.328    34.5108    27.1521  1029.5270    1483.07      2.497 0.0000e+00      10.00
    519.000     6.1077   3.426141    515.320    34.5106    27.1524  1029.5319    1483.07      2.352 0.0000e+00       9.00
    520.000     6.0994   3.425276    516.312    34.5089    27.1521  1029.5362    1483.06      2.062 0.0000e+00      12.00
    521.000     6.0942   3.424841    517.303    34.5088    27.1527  1029.5415    1483.05      1.644 0.0000e+00      14.00
    522.000     6.0700   3.422314    518.295    34.5044    27.1523  1029.5460    1482.96      1.264 0.0000e+00      21.00
    523.000     6.0388   3.419352    519.287    34.5023    27.1547  1029.5532    1482.85      0.971 0.0000e+00      24.00
    524.000     6.0160   3.417171    520.278    34.5004    27.1560  1029.5594    1482.78      1.001 0.0000e+00      25.00
    525.000     5.9817   3.413678    521.270    34.4955    27.1565  1029.5649    1482.65      1.686 0.0000e+00      16.00
