dados/ctd/rad1_doei006.cnv
* Sea-Bird SBE 9 Raw Data File:
* FileName = C:\OceanoEI\OEI006.dat
* Software Version Seasave Win32 v1.10
* Temperature SN = 2326
* Conductivity SN = 2149
* Number of Bytes Per Scan = 12
* Number of Voltage Words = 0
* System UpLoad Time = Nov 03 2001 07:04:01
** H-40 
** Navio Oceanografico ANTARES 
** 173a Comissao Oceanografica 
** OCEANO LESTE I 
** Estacao: OEI006
** Latitude: 12 29.9 S
** Longitude: 035 40.4 W
** Data-Hora (DDHHMMZ/MMM/AA): 030701Z/NOV/01
** Profundidade Local (m): 4197
** N/S do CTD: 11282 
** Operador: 1T-ALEX URBANCG
# nquan = 11
# nvalues = 2538                        
# units = specified
# name 0 = prDM: Pressure, Digiquartz [db]
# name 1 = t068C: Temperature [ITS-68, deg C]
# name 2 = c0S/m: Conductivity [S/m]
# name 3 = depSM: Depth [salt water, m], lat = -15
# name 4 = sal00: Salinity [PSU]
# name 5 = sigma-t00: Density [sigma-t, Kg/m^3 ]
# name 6 = density00: Density [density, Kg/m^3]
# name 7 = svCM: Sound Velocity [Chen-Millero, m/s]
# name 8 = dz/dtM: Descent Rate [m/s], WS = 2
# name 9 = flag: flag
# name 10 = nbin: number of scans per bin
# span 0 =      2.000,   2539.000       
# span 1 =     3.0883,    26.9946       
# span 2 =   3.248367,   5.738357       
# span 3 =      1.988,   2508.989       
# span 4 =    34.4120,    37.3107       
# span 5 =    23.8639,    27.8483       
# span 6 =  1023.8794,  1039.4100       
# span 7 =    1478.03,    1541.32       
# span 8 =     -0.476,      3.105       
# span 9 = 0.0000e+00, 0.0000e+00       
# span 10 =       1.00,     988.00      
# interval = decibars: 1                
# start_time = Nov 03 2001 07:04:01
# bad_flag = -9.990e-29
*END*
[from data line 1574]
   1576.000     4.2270   3.344192   1560.888    34.9927    27.7564  1034.9642    1493.59      0.615 0.0000e+00      33.00
   1577.000     4.2255   3.344098   1561.875    34.9927    27.7566  1034.9690    1493.60      2.038 0.0000e+00      11.00
   1578.000     4.2190   3.343438   1562.862    34.9913    27.7561  1034.9733    1493.59      2.342 0.0000e+00      10.00
   1579.000     4.2073   3.342332   1563.849    34.9901    27.7565  1034.9786    1493.55      2.438 0.0000e+00      10.00
   1580.000     4.1982   3.341502   1564.835    34.9896    27.7570  1034.9839    1493.53      2.394 0.0000e+00       9.00
   1581.000     4.1919   3.340962   1565.822    34.9894    27.7575  1034.9892    1493.52      2.205 0.0000e+00      10.00
   1582.000     4.1885   3.340741   1566.809    34.9899    27.7583  1034.9946    1493.53      1.835 0.0000e+00      14.00
   1583.000     4.1855   3.340532   1567.795    34.9900    27.7587  1034.9996    1493.53      1.389 0.0000e+00      17.00
   1584.000     4.1820   3.340209   1568.782    34.9895    27.7587  1035.0042    1493.53      1.144 0.0000e+00      22.00
   1585.000     4.1739   3.339461   1569.769    34.9887    27.7589  1035.0093    1493.52      1.160 0.0000e+00      20.00
   1586.000     4.1694   3.339109   1570.756    34.9889    27.7595  1035.0145    1493.51      1.303 0.0000e+00      21.00
   1587.000     4.1685   3.339092   1571.742    34.9891    27.7598  1035.0193    1493.53      1.549 0.0000e+00      15.00
   1588.000     4.1690   3.339212   1572.729    34.9895    27.7601  1035.0241    1493.55      1.765 0.0000e+00      13.00
   1589.000     4.1718   3.339596   1573.716    34.9905    27.7606  1035.0290    1493.58      1.905 0.0000e+00      12.00
   1590.000     4.1735   3.339874   1574.702    34.9915    27.7612  1035.0340    1493.60      1.940 0.0000e+00      12.00
   1591.000     4.1740   3.339928   1575.689    34.9912    27.7609  1035.0382    1493.62      1.837 0.0000e+00      12.00
   1592.000     4.1726   3.339863   1576.675    34.9914    27.7612  1035.0431    1493.63      1.474 0.0000e+00      17.00
   1593.000     4.1718   3.339840   1577.662    34.9915    27.7614  1035.0478    1493.64      0.774 0.0000e+00      40.00
   1594.000     4.1713   3.339898   1578.649    34.9922    27.7620  1035.0529    1493.66      1.402 0.0000e+00      17.00
   1595.000     4.1706   3.339873   1579.635    34.9921    27.7620  1035.0574    1493.67      1.936 0.0000e+00      10.00
   1596.000     4.1680   3.339639   1580.622    34.9917    27.7619  1035.0619    1493.68      2.229 0.0000e+00      11.00
   1597.000     4.1656   3.339463   1581.609    34.9916    27.7621  1035.0667    1493.68      2.371 0.0000e+00       9.00
   1598.000     4.1652   3.339474   1582.595    34.9916    27.7622  1035.0713    1493.70      2.349 0.0000e+00      10.00
   1599.000     4.1620   3.339147   1583.582    34.9908    27.7618  1035.0756    1493.70      2.140 0.0000e+00      11.00
   1600.000     4.1626   3.339443   1584.569    34.9931    27.7636  1035.0818    1493.72      1.690 0.0000e+00      15.00
   1601.000     4.1617   3.339359   1585.555    34.9925    27.7633  1035.0860    1493.74      0.947 0.0000e+00      35.00
   1602.000     4.1564   3.338858   1586.542    34.9917    27.7632  1035.0906    1493.73      1.132 0.0000e+00      17.00
   1603.000     4.1479   3.337993   1587.528    34.9901    27.7628  1035.0951    1493.71      1.530 0.0000e+00      16.00
   1604.000     4.1420   3.337458   1588.515    34.9895    27.7630  1035.1000    1493.70      1.703 0.0000e+00      15.00
   1605.000     4.1383   3.337034   1589.502    34.9880    27.7622  1035.1038    1493.70      1.779 0.0000e+00      11.00
   1606.000     4.1297   3.336288   1590.488    34.9878    27.7629  1035.1094    1493.68      1.703 0.0000e+00      15.00
   1607.000     4.1343   3.336867   1591.475    34.9893    27.7636  1035.1144    1493.72      1.492 0.0000e+00      16.00
   1608.000     4.1212   3.335452   1592.461    34.9860    27.7624  1035.1182    1493.68      1.260 0.0000e+00      21.00
   1609.000     4.1109   3.334554   1593.448    34.9858    27.7633  1035.1240    1493.65      1.293 0.0000e+00      19.00
   1610.000     4.1051   3.334045   1594.434    34.9853    27.7636  1035.1290    1493.64      1.638 0.0000e+00      15.00
   1611.000     4.1039   3.333972   1595.421    34.9853    27.7637  1035.1337    1493.65      1.935 0.0000e+00      11.00
   1612.000     4.1006   3.333651   1596.408    34.9845    27.7634  1035.1380    1493.66      2.049 0.0000e+00      11.00
   1613.000     4.0942   3.333119   1597.394    34.9845    27.7641  1035.1434    1493.65      1.962 0.0000e+00      12.00
   1614.000     4.0918   3.332948   1598.381    34.9846    27.7644  1035.1483    1493.65      1.622 0.0000e+00      14.00
   1615.000     4.0875   3.332589   1599.367    34.9844    27.7646  1035.1533    1493.65      0.771 0.0000e+00      46.00
   1616.000     4.0847   3.332421   1600.354    34.9848    27.7654  1035.1585    1493.66      1.438 0.0000e+00      17.00
   1617.000     4.0849   3.332516   1601.340    34.9853    27.7657  1035.1634    1493.68      2.019 0.0000e+00      10.00
   1618.000     4.0851   3.332561   1602.327    34.9851    27.7655  1035.1677    1493.69      2.305 0.0000e+00       9.00
   1619.000     4.0852   3.332632   1603.313    34.9854    27.7657  1035.1724    1493.71      2.378 0.0000e+00      11.00
   1620.000     4.0888   3.333202   1604.300    34.9877    27.7672  1035.1782    1493.75      2.295 0.0000e+00       9.00
   1621.000     4.0964   3.334069   1605.287    34.9895    27.7678  1035.1830    1493.80      2.023 0.0000e+00      12.00
   1622.000     4.0985   3.334282   1606.273    34.9893    27.7674  1035.1870    1493.82      1.510 0.0000e+00      15.00
   1623.000     4.0940   3.333914   1607.259    34.9892    27.7678  1035.1921    1493.82      0.990 0.0000e+00      28.00
   1624.000     4.0892   3.333510   1608.246    34.9891    27.7682  1035.1972    1493.82      0.928 0.0000e+00      26.00
   1625.000     4.0868   3.333339   1609.233    34.9891    27.7685  1035.2021    1493.82      1.152 0.0000e+00      21.00
   1626.000     4.0842   3.333160   1610.219    34.9892    27.7689  1035.2070    1493.83      1.589 0.0000e+00      14.00
   1627.000     4.0828   3.333072   1611.205    34.9892    27.7690  1035.2117    1493.84      1.825 0.0000e+00      14.00
   1628.000     4.0808   3.332923   1612.192    34.9890    27.7691  1035.2163    1493.85      1.916 0.0000e+00      11.00
   1629.000     4.0774   3.332606   1613.178    34.9884    27.7689  1035.2208    1493.85      1.911 0.0000e+00      13.00
   1630.000     4.0738   3.332327   1614.165    34.9884    27.7694  1035.2259    1493.85      1.817 0.0000e+00      14.00
   1631.000     4.0720   3.332198   1615.151    34.9883    27.7695  1035.2306    1493.86      1.644 0.0000e+00      13.00
   1632.000     4.0710   3.332135   1616.138    34.9882    27.7694  1035.2351    1493.87      1.412 0.0000e+00      18.00
   1633.000     4.0704   3.332118   1617.124    34.9881    27.7694  1035.2396    1493.89      1.274 0.0000e+00      19.00
   1634.000     4.0705   3.332177   1618.111    34.9882    27.7696  1035.2442    1493.90      1.194 0.0000e+00      20.00
   1635.000     4.0727   3.332469   1619.097    34.9888    27.7698  1035.2488    1493.93      1.001 0.0000e+00      24.00
   1636.000     4.0734   3.332594   1620.084    34.9890    27.7699  1035.2534    1493.95      1.043 0.0000e+00      24.00
   1637.000     4.0737   3.332695   1621.070    34.9894    27.7701  1035.2581    1493.97      1.571 0.0000e+00      16.00
   1638.000     4.0744   3.332828   1622.057    34.9897    27.7703  1035.2628    1493.99      2.000 0.0000e+00      12.00
   1639.000     4.0748   3.332936   1623.043    34.9901    27.7706  1035.2675    1494.01      2.292 0.0000e+00       9.00
   1640.000     4.0749   3.332989   1624.030    34.9902    27.7706  1035.2721    1494.03      2.418 0.0000e+00      10.00
   1641.000     4.0743   3.332960   1625.016    34.9900    27.7705  1035.2765    1494.04      2.417 0.0000e+00       9.00
   1642.000     4.0726   3.332816   1626.002    34.9896    27.7704  1035.2809    1494.05      2.213 0.0000e+00      11.00
   1643.000     4.0686   3.332464   1626.989    34.9891    27.7705  1035.2857    1494.05      1.719 0.0000e+00      13.00
   1644.000     4.0659   3.332243   1627.975    34.9890    27.7706  1035.2904    1494.05      0.416 0.0000e+00      60.00
   1645.000     4.0637   3.332089   1628.962    34.9890    27.7709  1035.2952    1494.06      1.575 0.0000e+00      16.00
   1646.000     4.0622   3.331965   1629.948    34.9886    27.7707  1035.2997    1494.07      2.019 0.0000e+00      11.00
   1647.000     4.0597   3.331777   1630.934    34.9885    27.7709  1035.3044    1494.08      2.331 0.0000e+00      10.00
   1648.000     4.0594   3.331790   1631.921    34.9885    27.7709  1035.3089    1494.09      2.533 0.0000e+00       9.00
   1649.000     4.0586   3.331741   1632.907    34.9883    27.7709  1035.3134    1494.10      2.599 0.0000e+00       9.00
   1650.000     4.0554   3.331417   1633.894    34.9874    27.7705  1035.3177    1494.11      2.492 0.0000e+00       8.00
   1651.000     4.0461   3.330500   1634.880    34.9859    27.7703  1035.3223    1494.08      2.152 0.0000e+00      12.00
   1652.000     4.0353   3.329545   1635.866    34.9855    27.7711  1035.3281    1494.06      1.397 0.0000e+00      17.00
   1653.000     4.0210   3.328229   1636.853    34.9847    27.7720  1035.3340    1494.01      0.320 0.0000e+00      50.00
   1654.000     4.0144   3.327642   1637.839    34.9842    27.7723  1035.3391    1494.00      1.476 0.0000e+00      15.00
   1655.000     4.0120   3.327446   1638.825    34.9839    27.7723  1035.3437    1494.01      1.769 0.0000e+00      14.00
   1656.000     4.0103   3.327330   1639.812    34.9839    27.7725  1035.3484    1494.02      2.049 0.0000e+00      12.00
   1657.000     4.0084   3.327202   1640.798    34.9839    27.7726  1035.3531    1494.02      2.214 0.0000e+00       9.00
   1658.000     4.0076   3.327186   1641.785    34.9841    27.7729  1035.3579    1494.04      2.225 0.0000e+00      11.00
   1659.000     4.0082   3.327322   1642.771    34.9846    27.7732  1035.3627    1494.06      2.076 0.0000e+00      11.00
   1660.000     4.0093   3.327465   1643.757    34.9846    27.7731  1035.3671    1494.08      1.751 0.0000e+00      14.00
   1661.000     4.0098   3.327566   1644.744    34.9848    27.7733  1035.3717    1494.10      1.177 0.0000e+00      23.00
   1662.000     4.0056   3.327198   1645.730    34.9844    27.7734  1035.3765    1494.10      0.794 0.0000e+00      29.00
   1663.000     4.0027   3.326967   1646.716    34.9842    27.7735  1035.3812    1494.10      1.165 0.0000e+00      21.00
   1664.000     3.9981   3.326566   1647.703    34.9838    27.7737  1035.3861    1494.10      1.478 0.0000e+00      16.00
   1665.000     3.9966   3.326484   1648.689    34.9840    27.7739  1035.3909    1494.11      1.750 0.0000e+00      14.00
   1666.000     3.9953   3.326394   1649.675    34.9839    27.7740  1035.3955    1494.12      1.924 0.0000e+00      13.00
   1667.000     3.9930   3.326246   1650.661    34.9841    27.7744  1035.4005    1494.13      1.994 0.0000e+00      11.00
   1668.000     3.9919   3.326239   1651.648    34.9847    27.7750  1035.4056    1494.14      1.897 0.0000e+00      11.00
   1669.000     3.9916   3.326250   1652.634    34.9846    27.7749  1035.4100    1494.16      1.493 0.0000e+00      17.00
   1670.000     3.9917   3.326328   1653.620    34.9849    27.7752  1035.4148    1494.17      0.798 0.0000e+00      38.00
   1671.000     3.9923   3.326514   1654.607    34.9860    27.7760  1035.4200    1494.19      1.566 0.0000e+00      14.00
   1672.000     3.9915   3.326524   1655.593    34.9864    27.7764  1035.4250    1494.21      2.003 0.0000e+00      12.00
   1673.000     3.9915   3.326596   1656.579    34.9868    27.7767  1035.4298    1494.22      2.145 0.0000e+00      11.00
   1674.000     3.9912   3.326613   1657.566    34.9868    27.7768  1035.4344    1494.24      2.088 0.0000e+00      10.00
   1675.000     3.9901   3.326558   1658.552    34.9869    27.7769  1035.4390    1494.25      1.835 0.0000e+00      13.00
   1676.000     3.9908   3.326715   1659.538    34.9875    27.7774  1035.4439    1494.27      1.270 0.0000e+00      22.00
   1677.000     3.9905   3.326736   1660.524    34.9875    27.7774  1035.4485    1494.29      0.908 0.0000e+00      29.00
   1678.000     3.9916   3.326997   1661.510    34.9889    27.7784  1035.4539    1494.31      1.462 0.0000e+00      14.00
   1679.000     3.9938   3.327258   1662.497    34.9892    27.7784  1035.4583    1494.34      1.622 0.0000e+00      15.00
   1680.000     3.9933   3.327256   1663.483    34.9892    27.7785  1035.4629    1494.35      1.518 0.0000e+00      16.00
   1681.000     3.9916   3.327114   1664.469    34.9889    27.7784  1035.4674    1494.36      1.361 0.0000e+00      18.00
   1682.000     3.9909   3.327101   1665.455    34.9890    27.7786  1035.4720    1494.38      1.365 0.0000e+00      18.00
   1683.000     3.9906   3.327117   1666.442    34.9890    27.7786  1035.4766    1494.39      1.544 0.0000e+00      16.00
   1684.000     3.9905   3.327146   1667.428    34.9890    27.7786  1035.4811    1494.41      1.731 0.0000e+00      13.00
   1685.000     3.9905   3.327186   1668.414    34.9890    27.7786  1035.4856    1494.42      1.790 0.0000e+00      14.00
   1686.000     3.9904   3.327226   1669.401    34.9891    27.7787  1035.4901    1494.44      1.663 0.0000e+00      12.00
   1687.000     3.9904   3.327255   1670.387    34.9889    27.7785  1035.4945    1494.46      1.252 0.0000e+00      21.00
   1688.000     3.9905   3.327300   1671.373    34.9889    27.7785  1035.4989    1494.47      0.934 0.0000e+00      30.00
   1689.000     3.9906   3.327353   1672.359    34.9889    27.7785  1035.5035    1494.49      1.462 0.0000e+00      15.00
   1690.000     3.9907   3.327432   1673.345    34.9893    27.7788  1035.5082    1494.51      1.817 0.0000e+00      13.00
   1691.000     3.9908   3.327496   1674.331    34.9894    27.7789  1035.5128    1494.53      1.925 0.0000e+00      11.00
   1692.000     3.9882   3.327258   1675.318    34.9889    27.7787  1035.5173    1494.53      1.812 0.0000e+00      14.00
   1693.000     3.9851   3.327043   1676.304    34.9891    27.7792  1035.5223    1494.54      1.449 0.0000e+00      18.00
   1694.000     3.9831   3.326883   1677.290    34.9889    27.7792  1035.5270    1494.54      0.959 0.0000e+00      27.00
   1695.000     3.9811   3.326758   1678.276    34.9890    27.7796  1035.5319    1494.55      1.360 0.0000e+00      18.00
   1696.000     3.9805   3.326784   1679.262    34.9894    27.7800  1035.5368    1494.57      1.905 0.0000e+00      13.00
   1697.000     3.9827   3.327102   1680.248    34.9904    27.7805  1035.5417    1494.59      2.141 0.0000e+00      10.00
   1698.000     3.9821   3.327050   1681.235    34.9900    27.7802  1035.5460    1494.61      2.160 0.0000e+00      11.00
   1699.000     3.9805   3.326988   1682.221    34.9904    27.7807  1035.5510    1494.62      1.978 0.0000e+00      12.00
   1700.000     3.9881   3.327980   1683.207    34.9936    27.7825  1035.5569    1494.67      1.552 0.0000e+00      14.00
   1701.000     3.9974   3.328976   1684.193    34.9950    27.7826  1035.5611    1494.73      0.807 0.0000e+00      38.00
   1702.000     3.9985   3.329157   1685.179    34.9954    27.7829  1035.5658    1494.75      0.937 0.0000e+00      27.00
   1703.000     3.9966   3.329002   1686.165    34.9952    27.7829  1035.5704    1494.76      1.536 0.0000e+00      14.00
   1704.000     3.9960   3.328998   1687.152    34.9952    27.7830  1035.5750    1494.77      2.017 0.0000e+00      12.00
   1705.000     3.9957   3.329026   1688.138    34.9955    27.7832  1035.5797    1494.79      2.298 0.0000e+00      10.00
