dados/ctd/rad1_doei004.cnv
* Sea-Bird SBE 9 Raw Data File:
* FileName = C:\OceanoEI\OEI004.dat
* Software Version Seasave Win32 v1.10
* Temperature SN = 2326
* Conductivity SN = 2149
* Number of Bytes Per Scan = 12
* Number of Voltage Words = 0
* System UpLoad Time = Nov 02 2001 18:40:30
** H-40 
** Navio Oceanografico ANTARES 
** 173a Comissao Oceanografica 
** OCEANO LESTE I 
** Estacao: OEI004
** Latitude: 13 42.0 S
** Longitude: 036 30.4 W
** Data-Hora (DDHHMMZ/MMM/AA): 021838Z/NOV/01
** Profundidade Local (m): 42456
** N/S do CTD: 11282 
** Operador: 1T ALEX URBANCG
# nquan = 11
# nvalues = 2542                        
# units = specified
# name 0 = prDM: Pressure, Digiquartz [db]
# name 1 = t068C: Temperature [ITS-68, deg C]
# name 2 = c0S/m: Conductivity [S/m]
# name 3 = depSM: Depth [salt water, m], lat = -15
# name 4 = sal00: Salinity [PSU]
# name 5 = sigma-t00: Density [sigma-t, Kg/m^3 ]
# name 6 = density00: Density [density, Kg/m^3]
# name 7 = svCM: Sound Velocity [Chen-Millero, m/s]
# name 8 = dz/dtM: Descent Rate [m/s], WS = 2
# name 9 = flag: flag
# name 10 = nbin: number of scans per bin
# span 0 =      2.000,   2543.000       
# span 1 =     3.2762,    26.6196       
# span 2 =   3.246126,   5.763318       
# span 3 =      1.988,   2512.918       
# span 4 =    34.4291,    37.2387       
# span 5 =    24.4052,    27.8436       
# span 6 =  1024.4180,  1039.4132       
# span 7 =    1479.31,    1540.47       
# span 8 =     -0.083,      3.165       
# span 9 = 0.0000e+00, 0.0000e+00       
# span 10 =       5.00,     245.00      
# interval = decibars: 1                
# start_time = Nov 02 2001 18:40:30
# bad_flag = -9.990e-29
*END*
[from data line 787]
    789.000     4.2160   3.264559    782.898    34.4636    27.3369  1030.9790    1479.79      1.148 0.0000e+00      23.00
    790.000     4.2163   3.264651    783.889    34.4639    27.3371  1030.9838    1479.81      1.336 0.0000e+00      17.00
    791.000     4.2173   3.264830    784.879    34.4644    27.3374  1030.9887    1479.83      1.601 0.0000e+00      15.00
    792.000     4.2176   3.264892    785.869    34.4643    27.3373  1030.9931    1479.84      1.709 0.0000e+00      14.00
    793.000     4.2172   3.264892    786.860    34.4642    27.3373  1030.9976    1479.86      1.694 0.0000e+00      13.00
    794.000     4.2139   3.264637    787.850    34.4641    27.3376  1031.0026    1479.86      1.618 0.0000e+00      15.00
    795.000     4.2077   3.264058    788.840    34.4632    27.3375  1031.0072    1479.85      1.529 0.0000e+00      14.00
    796.000     4.2051   3.263938    789.831    34.4640    27.3384  1031.0127    1479.86      1.477 0.0000e+00      17.00
    797.000     4.2097   3.264491    790.821    34.4652    27.3389  1031.0177    1479.90      1.502 0.0000e+00      16.00
    798.000     4.2078   3.264378    791.812    34.4654    27.3392  1031.0226    1479.91      1.509 0.0000e+00      15.00
    799.000     4.1981   3.263508    792.802    34.4647    27.3397  1031.0279    1479.88      1.427 0.0000e+00      17.00
    800.000     4.1916   3.263037    793.792    34.4654    27.3410  1031.0339    1479.87      1.347 0.0000e+00      19.00
    801.000     4.1849   3.262391    794.783    34.4644    27.3408  1031.0384    1479.86      1.443 0.0000e+00      16.00
    802.000     4.1741   3.261450    795.773    34.4640    27.3417  1031.0441    1479.83      1.689 0.0000e+00      15.00
    803.000     4.1713   3.261219    796.763    34.4637    27.3418  1031.0488    1479.83      1.912 0.0000e+00      12.00
    804.000     4.1672   3.260844    797.753    34.4630    27.3416  1031.0533    1479.83      2.050 0.0000e+00      12.00
    805.000     4.1627   3.260463    798.744    34.4628    27.3419  1031.0583    1479.83      2.105 0.0000e+00      11.00
    806.000     4.1573   3.259987    799.734    34.4623    27.3421  1031.0631    1479.82      2.048 0.0000e+00      12.00
    807.000     4.1496   3.259263    800.725    34.4613    27.3421  1031.0679    1479.81      1.884 0.0000e+00      11.00
    808.000     4.1380   3.258281    801.715    34.4612    27.3433  1031.0739    1479.77      1.587 0.0000e+00      16.00
    809.000     4.1315   3.257749    802.705    34.4613    27.3440  1031.0793    1479.76      1.224 0.0000e+00      18.00
    810.000     4.1264   3.257352    803.695    34.4614    27.3446  1031.0846    1479.76      0.997 0.0000e+00      28.00
    811.000     4.1245   3.257209    804.686    34.4613    27.3447  1031.0893    1479.77      1.269 0.0000e+00      19.00
    812.000     4.1223   3.257049    805.676    34.4611    27.3449  1031.0940    1479.77      1.567 0.0000e+00      14.00
    813.000     4.1180   3.256775    806.666    34.4619    27.3459  1031.0997    1479.77      1.743 0.0000e+00      14.00
    814.000     4.1147   3.256715    807.656    34.4640    27.3480  1031.1064    1479.78      1.829 0.0000e+00      13.00
    815.000     4.1143   3.256782    808.647    34.4648    27.3486  1031.1117    1479.80      1.878 0.0000e+00      12.00
    816.000     4.1117   3.256581    809.637    34.4646    27.3487  1031.1164    1479.80      1.921 0.0000e+00      13.00
    817.000     4.1069   3.256212    810.628    34.4647    27.3493  1031.1217    1479.80      1.927 0.0000e+00      12.00
    818.000     4.1040   3.256017    811.618    34.4650    27.3498  1031.1268    1479.80      1.861 0.0000e+00      14.00
    819.000     4.1021   3.255900    812.608    34.4651    27.3501  1031.1317    1479.81      1.709 0.0000e+00      13.00
    820.000     4.0982   3.255603    813.598    34.4651    27.3505  1031.1368    1479.81      1.454 0.0000e+00      17.00
    821.000     4.0945   3.255337    814.588    34.4654    27.3511  1031.1421    1479.81      1.132 0.0000e+00      22.00
    822.000     4.0878   3.254830    815.579    34.4658    27.3522  1031.1478    1479.80      1.080 0.0000e+00      22.00
    823.000     4.0794   3.254145    816.569    34.4660    27.3532  1031.1536    1479.78      1.360 0.0000e+00      19.00
    824.000     4.0752   3.253840    817.559    34.4663    27.3539  1031.1589    1479.78      1.651 0.0000e+00      14.00
    825.000     4.0719   3.253647    818.549    34.4669    27.3547  1031.1644    1479.79      1.871 0.0000e+00      13.00
    826.000     4.0718   3.253741    819.540    34.4677    27.3553  1031.1695    1479.80      2.000 0.0000e+00      11.00
    827.000     4.0722   3.253816    820.530    34.4676    27.3553  1031.1741    1479.82      2.059 0.0000e+00      12.00
    828.000     4.0718   3.253837    821.520    34.4678    27.3554  1031.1788    1479.84      2.060 0.0000e+00      11.00
    829.000     4.0861   3.255925    822.510    34.4769    27.3612  1031.1888    1479.93      1.982 0.0000e+00      12.00
    830.000     4.1088   3.258197    823.500    34.4795    27.3609  1031.1926    1480.04      1.772 0.0000e+00      14.00
    831.000     4.1147   3.258855    824.491    34.4806    27.3611  1031.1973    1480.08      1.422 0.0000e+00      16.00
    832.000     4.1217   3.259601    825.481    34.4816    27.3612  1031.2018    1480.13      1.077 0.0000e+00      23.00
    833.000     4.1217   3.259664    826.471    34.4818    27.3613  1031.2065    1480.15      1.159 0.0000e+00      22.00
    834.000     4.1210   3.259663    827.461    34.4820    27.3616  1031.2113    1480.16      1.491 0.0000e+00      16.00
    835.000     4.1224   3.259886    828.451    34.4826    27.3619  1031.2162    1480.18      1.704 0.0000e+00      14.00
    836.000     4.1192   3.259503    829.441    34.4810    27.3610  1031.2200    1480.19      1.833 0.0000e+00      12.00
    837.000     4.1044   3.258369    830.432    34.4825    27.3637  1031.2275    1480.14      1.895 0.0000e+00      13.00
    838.000     4.1039   3.258418    831.422    34.4831    27.3642  1031.2326    1480.16      1.881 0.0000e+00      12.00
    839.000     4.0942   3.257445    832.412    34.4813    27.3638  1031.2370    1480.13      1.800 0.0000e+00      14.00
    840.000     4.0727   3.255443    833.402    34.4796    27.3647  1031.2429    1480.05      1.685 0.0000e+00      14.00
    841.000     4.0596   3.254313    834.392    34.4795    27.3660  1031.2491    1480.02      1.608 0.0000e+00      15.00
    842.000     4.0612   3.254567    835.382    34.4803    27.3665  1031.2541    1480.04      1.578 0.0000e+00      15.00
    843.000     4.0577   3.254411    836.373    34.4816    27.3679  1031.2601    1480.04      1.478 0.0000e+00      17.00
    844.000     4.0770   3.256416    837.363    34.4846    27.3682  1031.2646    1480.14      1.295 0.0000e+00      19.00
    845.000     4.0942   3.258303    838.353    34.4883    27.3694  1031.2700    1480.24      1.275 0.0000e+00      18.00
    846.000     4.0941   3.258299    839.343    34.4879    27.3690  1031.2742    1480.25      1.441 0.0000e+00      17.00
    847.000     4.0812   3.257023    840.333    34.4857    27.3687  1031.2787    1480.21      1.622 0.0000e+00      15.00
    848.000     4.0654   3.255633    841.323    34.4854    27.3701  1031.2850    1480.16      1.773 0.0000e+00      13.00
    849.000     4.0551   3.254450    842.313    34.4817    27.3682  1031.2880    1480.13      1.842 0.0000e+00      12.00
    850.000     4.0259   3.251893    843.303    34.4815    27.3711  1031.2960    1480.03      1.800 0.0000e+00      13.00
    851.000     4.0223   3.251634    844.294    34.4816    27.3716  1031.3012    1480.03      1.644 0.0000e+00      15.00
    852.000     4.0243   3.251972    845.284    34.4831    27.3725  1031.3067    1480.06      1.487 0.0000e+00      18.00
    853.000     4.0263   3.252192    846.274    34.4831    27.3723  1031.3110    1480.08      1.527 0.0000e+00      15.00
    854.000     4.0259   3.252219    847.264    34.4833    27.3726  1031.3158    1480.10      1.710 0.0000e+00      14.00
    855.000     4.0219   3.251850    848.254    34.4826    27.3724  1031.3203    1480.10      1.786 0.0000e+00      13.00
    856.000     4.0107   3.250783    849.244    34.4812    27.3724  1031.3251    1480.06      1.678 0.0000e+00      14.00
    857.000     3.9991   3.249746    850.234    34.4806    27.3732  1031.3307    1480.03      1.414 0.0000e+00      17.00
    858.000     3.9878   3.248741    851.224    34.4800    27.3738  1031.3362    1480.00      1.205 0.0000e+00      21.00
    859.000     3.9776   3.247936    852.214    34.4806    27.3754  1031.3425    1479.97      1.332 0.0000e+00      19.00
    860.000     3.9898   3.249355    853.204    34.4841    27.3769  1031.3483    1480.05      1.553 0.0000e+00      14.00
    861.000     3.9953   3.249966    854.194    34.4851    27.3771  1031.3530    1480.09      1.729 0.0000e+00      15.00
    862.000     4.0138   3.252030    855.184    34.4896    27.3788  1031.3588    1480.19      1.902 0.0000e+00      12.00
    863.000     4.0166   3.252256    856.175    34.4888    27.3779  1031.3624    1480.21      2.037 0.0000e+00      11.00
    864.000     4.0190   3.252540    857.164    34.4892    27.3779  1031.3670    1480.24      2.087 0.0000e+00      11.00
    865.000     4.0728   3.259233    858.155    34.5114    27.3900  1031.3824    1480.51      1.988 0.0000e+00      12.00
    866.000     4.1153   3.262802    859.145    34.5086    27.3833  1031.3794    1480.70      1.665 0.0000e+00      15.00
    867.000     4.1212   3.263424    860.134    34.5092    27.3832  1031.3837    1480.74      1.037 0.0000e+00      26.00
    868.000     4.1183   3.263200    861.125    34.5091    27.3834  1031.3886    1480.75      0.986 0.0000e+00      26.00
    869.000     4.1165   3.263042    862.115    34.5086    27.3832  1031.3929    1480.75      1.755 0.0000e+00      14.00
    870.000     4.1105   3.262498    863.105    34.5080    27.3834  1031.3978    1480.74      2.254 0.0000e+00      10.00
    871.000     4.0984   3.261148    864.095    34.5042    27.3816  1031.4009    1480.71      2.519 0.0000e+00       9.00
    872.000     4.0702   3.258184    865.085    34.4982    27.3798  1031.4043    1480.60      2.588 0.0000e+00       8.00
    873.000     4.0241   3.253726    866.074    34.4932    27.3806  1031.4107    1480.41      2.456 0.0000e+00      10.00
    874.000     3.9898   3.251179    867.065    34.4985    27.3884  1031.4238    1480.30      2.094 0.0000e+00      12.00
    875.000     3.9844   3.250861    868.055    34.4998    27.3900  1031.4300    1480.29      1.471 0.0000e+00      17.00
    876.000     3.9813   3.250582    869.045    34.4993    27.3899  1031.4346    1480.29      0.722 0.0000e+00      39.00
    877.000     3.9801   3.250479    870.035    34.4988    27.3897  1031.4389    1480.30      1.184 0.0000e+00      21.00
    878.000     3.9781   3.250451    871.024    34.5000    27.3908  1031.4447    1480.32      1.803 0.0000e+00      13.00
    879.000     3.9776   3.250490    872.015    34.5006    27.3913  1031.4498    1480.33      2.189 0.0000e+00      12.00
    880.000     3.9778   3.250664    873.004    34.5018    27.3923  1031.4553    1480.35      2.420 0.0000e+00       8.00
    881.000     3.9807   3.251032    873.995    34.5027    27.3927  1031.4602    1480.38      2.484 0.0000e+00      10.00
    882.000     3.9818   3.251184    874.984    34.5028    27.3926  1031.4647    1480.40      2.393 0.0000e+00       9.00
    883.000     3.9795   3.251009    875.974    34.5027    27.3928  1031.4695    1480.41      2.125 0.0000e+00      12.00
    884.000     3.9754   3.250752    876.964    34.5034    27.3938  1031.4751    1480.41      1.678 0.0000e+00      14.00
    885.000     3.9718   3.250485    877.954    34.5035    27.3942  1031.4803    1480.41      1.111 0.0000e+00      25.00
    886.000     3.9699   3.250353    878.944    34.5035    27.3944  1031.4850    1480.42      0.940 0.0000e+00      25.00
    887.000     3.9702   3.250511    879.934    34.5044    27.3951  1031.4903    1480.44      1.074 0.0000e+00      23.00
    888.000     3.9697   3.250556    880.924    34.5049    27.3956  1031.4954    1480.45      1.419 0.0000e+00      17.00
    889.000     3.9693   3.250574    881.914    34.5051    27.3957  1031.5001    1480.47      1.840 0.0000e+00      14.00
    890.000     3.9650   3.250259    882.904    34.5054    27.3964  1031.5055    1480.47      2.215 0.0000e+00      11.00
    891.000     3.9629   3.250141    883.894    34.5057    27.3969  1031.5105    1480.47      2.454 0.0000e+00      10.00
    892.000     3.9618   3.250090    884.884    34.5057    27.3970  1031.5153    1480.48      2.561 0.0000e+00       7.00
    893.000     3.9608   3.250071    885.874    34.5060    27.3973  1031.5202    1480.50      2.521 0.0000e+00       9.00
    894.000     3.9602   3.250099    886.863    34.5065    27.3978  1031.5252    1480.51      2.343 0.0000e+00       9.00
    895.000     3.9525   3.249488    887.853    34.5068    27.3989  1031.5310    1480.50      1.995 0.0000e+00      12.00
    896.000     3.9626   3.251041    888.843    34.5140    27.4035  1031.5400    1480.56      1.420 0.0000e+00      18.00
    897.000     3.9803   3.252862    889.833    34.5165    27.4037  1031.5443    1480.66      0.803 0.0000e+00      32.00
    898.000     4.0021   3.255201    890.823    34.5209    27.4049  1031.5496    1480.77      1.016 0.0000e+00      24.00
    899.000     4.0218   3.257390    891.813    34.5256    27.4066  1031.5554    1480.88      1.520 0.0000e+00      15.00
    900.000     4.0403   3.259320    892.803    34.5285    27.4070  1031.5600    1480.98      1.879 0.0000e+00      14.00
    901.000     4.0452   3.259825    893.793    34.5288    27.4067  1031.5641    1481.01      2.093 0.0000e+00      11.00
    902.000     4.0496   3.260337    894.782    34.5298    27.4071  1031.5690    1481.05      2.170 0.0000e+00       9.00
    903.000     4.0542   3.260829    895.772    34.5302    27.4069  1031.5733    1481.08      2.051 0.0000e+00      11.00
    904.000     4.0568   3.261165    896.762    34.5309    27.4072  1031.5781    1481.11      1.697 0.0000e+00      14.00
    905.000     4.0489   3.260407    897.752    34.5298    27.4071  1031.5827    1481.09      1.199 0.0000e+00      23.00
    906.000     4.0352   3.259155    898.742    34.5289    27.4078  1031.5883    1481.05      1.060 0.0000e+00      23.00
    907.000     4.0254   3.258201    899.732    34.5273    27.4076  1031.5929    1481.03      1.260 0.0000e+00      19.00
    908.000     4.0023   3.255933    900.722    34.5242    27.4075  1031.5979    1480.94      1.462 0.0000e+00      16.00
    909.000     3.9700   3.252961    901.712    34.5223    27.4094  1031.6051    1480.82      1.667 0.0000e+00      14.00
    910.000     3.9661   3.252737    902.701    34.5233    27.4105  1031.6109    1480.82      1.905 0.0000e+00      12.00
    911.000     3.9602   3.252089    903.691    34.5213    27.4096  1031.6146    1480.81      2.135 0.0000e+00      12.00
    912.000     3.9547   3.251589    904.681    34.5207    27.4097  1031.6194    1480.81      2.330 0.0000e+00      10.00
    913.000     3.9493   3.251099    905.671    34.5199    27.4096  1031.6241    1480.80      2.438 0.0000e+00       9.00
    914.000     3.9457   3.250761    906.660    34.5192    27.4094  1031.6285    1480.80      2.406 0.0000e+00      11.00
    915.000     3.9366   3.249917    907.650    34.5183    27.4096  1031.6335    1480.78      2.216 0.0000e+00       9.00
    916.000     3.9241   3.248732    908.640    34.5169    27.4098  1031.6385    1480.74      1.797 0.0000e+00      12.00
    917.000     3.9095   3.247483    909.630    34.5168    27.4113  1031.6449    1480.69      0.939 0.0000e+00      36.00
    918.000     3.8986   3.246542    910.620    34.5166    27.4122  1031.6506    1480.67      0.896 0.0000e+00      27.00
    919.000     3.8968   3.246453    911.609    34.5169    27.4126  1031.6556    1480.67      1.543 0.0000e+00      15.00
