dados/ctd/rad1_doei007.cnv
* Sea-Bird SBE 9 Raw Data File:
* FileName = C:\OceanoEI\OEI007.dat
* Software Version Seasave Win32 v1.10
* Temperature SN = 2326
* Conductivity SN = 2149
* Number of Bytes Per Scan = 12
* Number of Voltage Words = 0
* System UpLoad Time = Nov 03 2001 13:15:23
** H-40 
** Navio Oceanografico ANTARES 
** 173a Comissao Oceanografica 
** OCEANO LESTE I 
** Estacao: OEI007
** Latitude: 11 51.8 S
** Longitude: 035 18.3 W
** Data-Hora (DDHHMMZ/MMM/AA): 031313Z/NOV/01
** Profundidade Local (m): 4337
** N/S do CTD: 11282 
** Operador: 1T E. ALMEIDA
# nquan = 11
# nvalues = 2539                        
# units = specified
# name 0 = prDM: Pressure, Digiquartz [db]
# name 1 = t068C: Temperature [ITS-68, deg C]
# name 2 = c0S/m: Conductivity [S/m]
# name 3 = depSM: Depth [salt water, m], lat = -15
# name 4 = sal00: Salinity [PSU]
# name 5 = sigma-t00: Density [sigma-t, Kg/m^3 ]
# name 6 = density00: Density [density, Kg/m^3]
# name 7 = svCM: Sound Velocity [Chen-Millero, m/s]
# name 8 = dz/dtM: Descent Rate [m/s], WS = 2
# name 9 = flag: flag
# name 10 = nbin: number of scans per bin
# span 0 =      2.000,   2540.000       
# span 1 =     3.1212,    27.0665       
# span 2 =   3.243401,   5.741605       
# span 3 =      1.988,   2509.971       
# span 4 =    34.4431,    37.2062       
# span 5 =    23.8758,    27.8510       
# span 6 =  1023.8843,  1039.4170       
# span 7 =    1480.90,    1541.22       
# span 8 =     -0.083,      3.168       
# span 9 = 0.0000e+00, 0.0000e+00       
# span 10 =       4.00,     298.00      
# interval = decibars: 1                
# start_time = Nov 03 2001 13:15:23
# bad_flag = -9.990e-29
*END*
[from data line 132]
    134.000    23.5037   5.415102    133.173    36.9821    25.2918  1025.8696    1535.11      1.559 0.0000e+00      15.00
    135.000    23.4122   5.401161    134.167    36.9508    25.2951  1025.8773    1534.87      1.866 0.0000e+00      12.00
    136.000    23.2811   5.382867    135.161    36.9190    25.3094  1025.8961    1534.52      2.002 0.0000e+00      12.00
    137.000    23.1522   5.368068    136.154    36.9121    25.3419  1025.9331    1534.20      1.958 0.0000e+00      12.00
    138.000    23.0577   5.356521    137.147    36.9015    25.3614  1025.9571    1533.97      1.768 0.0000e+00      12.00
    139.000    22.8872   5.333520    138.141    36.8656    25.3837  1025.9839    1533.51      1.457 0.0000e+00      18.00
    140.000    22.6805   5.308346    139.134    36.8429    25.4262  1026.0311    1532.98      1.251 0.0000e+00      18.00
    141.000    22.5942   5.296246    140.128    36.8206    25.4341  1026.0434    1532.75      1.432 0.0000e+00      16.00
    142.000    22.4712   5.280306    141.121    36.7991    25.4530  1026.0669    1532.43      1.922 0.0000e+00      14.00
    143.000    22.4194   5.272353    142.115    36.7800    25.4533  1026.0716    1532.29      2.318 0.0000e+00      10.00
    144.000    22.1814   5.239328    143.108    36.7207    25.4760  1026.0991    1531.62      2.559 0.0000e+00       9.00
    145.000    21.9152   5.202585    144.102    36.6551    25.5014  1026.1293    1530.87      2.613 0.0000e+00       8.00
    146.000    21.6302   5.171679    145.095    36.6510    25.5783  1026.2110    1530.14      2.485 0.0000e+00      10.00
    147.000    21.5147   5.158572    146.089    36.6444    25.6055  1026.2427    1529.84      2.135 0.0000e+00       9.00
    148.000    21.4176   5.147548    147.082    36.6386    25.6281  1026.2698    1529.60      1.426 0.0000e+00      20.00
    149.000    21.2954   5.131663    148.076    36.6152    25.6442  1026.2904    1529.26      0.435 0.0000e+00      54.00
    150.000    21.1829   5.116819    149.069    36.5916    25.6573  1026.3080    1528.95      1.790 0.0000e+00      14.00
    151.000    21.1252   5.108265    150.062    36.5718    25.6580  1026.3133    1528.79      2.345 0.0000e+00       9.00
    152.000    21.0020   5.091229    151.056    36.5394    25.6673  1026.3270    1528.44      2.669 0.0000e+00       9.00
    153.000    20.7907   5.058491    152.049    36.4550    25.6606  1026.3251    1527.80      2.780 0.0000e+00       8.00
    154.000    20.4833   5.025038    153.043    36.4467    25.7377  1026.4072    1526.97      2.707 0.0000e+00       7.00
    155.000    20.3635   5.013173    154.036    36.4526    25.7744  1026.4484    1526.67      2.408 0.0000e+00       9.00
    156.000    20.2424   4.997217    155.030    36.4260    25.7865  1026.4652    1526.32      1.810 0.0000e+00      15.00
    157.000    20.1066   4.981587    156.023    36.4147    25.8142  1026.4975    1525.96      0.880 0.0000e+00      33.00
    158.000    20.0739   4.977121    157.016    36.4058    25.8162  1026.5038    1525.87      1.238 0.0000e+00      21.00
    159.000    20.0546   4.973429    158.010    36.3918    25.8106  1026.5027    1525.82      2.012 0.0000e+00      13.00
    160.000    19.9844   4.962774    159.003    36.3643    25.8083  1026.5049    1525.61      2.417 0.0000e+00       8.00
    161.000    19.8404   4.943347    159.997    36.3284    25.8190  1026.5202    1525.19      2.633 0.0000e+00       8.00
    162.000    19.7993   4.941095    160.990    36.3450    25.8425  1026.5481    1525.11      2.663 0.0000e+00       9.00
    163.000    19.7911   4.940128    161.983    36.3437    25.8437  1026.5537    1525.10      2.511 0.0000e+00      10.00
    164.000    19.7809   4.938304    162.977    36.3370    25.8413  1026.5557    1525.09      2.223 0.0000e+00      11.00
    165.000    19.7285   4.931116    163.970    36.3226    25.8441  1026.5629    1524.94      1.763 0.0000e+00      13.00
    166.000    19.6497   4.920935    164.963    36.3062    25.8523  1026.5756    1524.72      1.221 0.0000e+00      22.00
    167.000    19.3616   4.885517    165.957    36.2615    25.8933  1026.6217    1523.88      1.048 0.0000e+00      25.00
    168.000    19.2449   4.871627    166.950    36.2468    25.9125  1026.6455    1523.55      1.398 0.0000e+00      17.00
    169.000    19.1518   4.858803    167.944    36.2202    25.9162  1026.6538    1523.28      1.658 0.0000e+00      13.00
    170.000    19.0604   4.846968    168.937    36.2003    25.9246  1026.6668    1523.01      1.694 0.0000e+00      14.00
    171.000    18.9205   4.828838    169.930    36.1697    25.9371  1026.6840    1522.60      1.478 0.0000e+00      16.00
    172.000    18.6330   4.794467    170.923    36.1307    25.9805  1026.7324    1521.75      1.033 0.0000e+00      26.00
    173.000    18.4599   4.773567    171.917    36.1049    26.0046  1026.7613    1521.24      1.091 0.0000e+00      24.00
    174.000    18.2826   4.749786    172.910    36.0579    26.0132  1026.7747    1520.69      1.847 0.0000e+00      13.00
    175.000    18.1122   4.728252    173.903    36.0235    26.0294  1026.7957    1520.18      2.407 0.0000e+00      10.00
    176.000    17.9688   4.711961    174.897    36.0099    26.0546  1026.8257    1519.76      2.792 0.0000e+00       8.00
    177.000    17.9053   4.704605    175.890    36.0023    26.0646  1026.8401    1519.58      3.001 0.0000e+00       9.00
    178.000    17.8514   4.697714    176.883    35.9903    26.0687  1026.8487    1519.43      3.068 0.0000e+00       6.00
    179.000    17.7874   4.688840    177.877    35.9701    26.0690  1026.8536    1519.23      2.973 0.0000e+00       8.00
    180.000    17.6456   4.669643    178.870    35.9295    26.0726  1026.8620    1518.79      2.705 0.0000e+00       8.00
    181.000    17.4165   4.643210    179.863    35.9030    26.1082  1026.9026    1518.10      2.181 0.0000e+00      12.00
    182.000    17.2584   4.627024    180.856    35.9022    26.1458  1026.9450    1517.64      1.160 0.0000e+00      26.00
    183.000    17.0150   4.598812    181.850    35.8722    26.1814  1026.9856    1516.90      0.637 0.0000e+00      37.00
    184.000    16.9875   4.593150    182.843    35.8467    26.1683  1026.9770    1516.81      2.011 0.0000e+00      12.00
    185.000    16.8748   4.579348    183.836    35.8257    26.1791  1026.9925    1516.46      2.386 0.0000e+00       8.00
    186.000    16.8077   4.572475    184.829    35.8248    26.1943  1027.0123    1516.27      2.502 0.0000e+00      10.00
    187.000    16.7598   4.566201    185.823    35.8120    26.1959  1027.0184    1516.13      2.398 0.0000e+00       9.00
    188.000    16.6900   4.557969    186.816    35.8015    26.2043  1027.0314    1515.93      2.081 0.0000e+00      12.00
    189.000    16.6096   4.548507    187.809    35.7895    26.2141  1027.0458    1515.69      1.565 0.0000e+00      16.00
    190.000    16.4872   4.533603    188.802    35.7669    26.2255  1027.0619    1515.30      1.143 0.0000e+00      24.00
    191.000    16.3094   4.512780    189.796    35.7413    26.2474  1027.0888    1514.75      1.118 0.0000e+00      21.00
    192.000    16.1782   4.496546    190.789    35.7143    26.2570  1027.1032    1514.34      1.232 0.0000e+00      20.00
    193.000    16.0143   4.477129    191.782    35.6881    26.2747  1027.1258    1513.82      1.517 0.0000e+00      15.00
    194.000    15.8994   4.463146    192.775    35.6660    26.2841  1027.1399    1513.46      1.931 0.0000e+00      13.00
    195.000    15.7528   4.445198    193.769    35.6366    26.2949  1027.1556    1512.99      2.260 0.0000e+00      11.00
    196.000    15.6268   4.429577    194.762    35.6094    26.3026  1027.1681    1512.58      2.454 0.0000e+00       9.00
    197.000    15.4117   4.402518    195.755    35.5590    26.3123  1027.1829    1511.87      2.478 0.0000e+00       9.00
    198.000    15.2455   4.386826    196.748    35.5669    26.3555  1027.2310    1511.38      2.331 0.0000e+00      10.00
    199.000    15.1687   4.378905    197.742    35.5642    26.3706  1027.2507    1511.15      2.001 0.0000e+00      10.00
    200.000    15.1347   4.375117    198.735    35.5601    26.3750  1027.2597    1511.05      1.503 0.0000e+00      17.00
    201.000    15.0957   4.370392    199.728    35.5521    26.3774  1027.2667    1510.94      1.094 0.0000e+00      25.00
    202.000    15.0640   4.366359    200.721    35.5438    26.3780  1027.2718    1510.84      1.359 0.0000e+00      18.00
    203.000    15.0200   4.361168    201.714    35.5360    26.3818  1027.2801    1510.71      1.692 0.0000e+00      14.00
    204.000    14.9765   4.355679    202.707    35.5250    26.3829  1027.2857    1510.58      1.781 0.0000e+00      11.00
    205.000    14.9312   4.350608    203.701    35.5195    26.3886  1027.2961    1510.45      1.601 0.0000e+00      16.00
    206.000    14.8249   4.338304    204.694    35.5032    26.3993  1027.3116    1510.11      1.233 0.0000e+00      22.00
    207.000    14.7507   4.330162    205.687    35.4958    26.4098  1027.3267    1509.88      1.275 0.0000e+00      21.00
    208.000    14.7067   4.324708    206.680    35.4854    26.4114  1027.3329    1509.75      1.788 0.0000e+00      13.00
    209.000    14.6590   4.318195    207.673    35.4686    26.4088  1027.3349    1509.59      2.190 0.0000e+00       9.00
    210.000    14.5919   4.311175    208.666    35.4648    26.4205  1027.3512    1509.39      2.361 0.0000e+00      10.00
    211.000    14.5663   4.308344    209.660    35.4618    26.4237  1027.3589    1509.32      2.327 0.0000e+00       9.00
    212.000    14.4660   4.295310    210.653    35.4327    26.4229  1027.3629    1508.98      2.055 0.0000e+00      13.00
    213.000    14.3043   4.278121    211.646    35.4212    26.4488  1027.3938    1508.47      1.583 0.0000e+00      16.00
    214.000    14.1196   4.257229    212.639    35.3961    26.4687  1027.4188    1507.86      1.178 0.0000e+00      22.00
    215.000    13.9240   4.235279    213.632    35.3707    26.4905  1027.4457    1507.21      1.339 0.0000e+00      18.00
    216.000    13.8577   4.227562    214.625    35.3592    26.4954  1027.4553    1507.00      1.687 0.0000e+00      15.00
    217.000    13.7563   4.215459    215.618    35.3388    26.5009  1027.4656    1506.66      1.883 0.0000e+00      11.00
    218.000    13.6509   4.204601    216.611    35.3336    26.5188  1027.4884    1506.33      1.915 0.0000e+00      13.00
    219.000    13.6049   4.199850    217.605    35.3310    26.5264  1027.5005    1506.19      1.823 0.0000e+00      12.00
    220.000    13.5888   4.198118    218.597    35.3290    26.5282  1027.5069    1506.15      1.692 0.0000e+00      16.00
    221.000    13.5808   4.197218    219.591    35.3276    26.5287  1027.5119    1506.14      1.573 0.0000e+00      14.00
    222.000    13.5783   4.196835    220.584    35.3259    26.5279  1027.5155    1506.15      1.457 0.0000e+00      17.00
    223.000    13.5642   4.194911    221.577    35.3203    26.5266  1027.5186    1506.11      1.350 0.0000e+00      19.00
    224.000    13.5328   4.191383    222.570    35.3157    26.5295  1027.5261    1506.02      1.361 0.0000e+00      17.00
    225.000    13.4901   4.185790    223.563    35.3019    26.5276  1027.5289    1505.88      1.515 0.0000e+00      16.00
    226.000    13.3472   4.168519    224.556    35.2705    26.5326  1027.5389    1505.39      1.717 0.0000e+00      14.00
    227.000    13.1055   4.142858    225.549    35.2506    26.5664  1027.5781    1504.58      1.834 0.0000e+00      13.00
    228.000    13.0498   4.137271    226.542    35.2487    26.5762  1027.5926    1504.41      1.855 0.0000e+00      13.00
    229.000    12.9574   4.126580    227.535    35.2322    26.5820  1027.6032    1504.10      1.812 0.0000e+00      13.00
    230.000    12.8532   4.115130    228.528    35.2193    26.5929  1027.6190    1503.75      1.684 0.0000e+00      14.00
    231.000    12.7669   4.106246    229.521    35.2141    26.6061  1027.6370    1503.48      1.491 0.0000e+00      16.00
    232.000    12.7039   4.099258    230.514    35.2054    26.6119  1027.6474    1503.27      1.426 0.0000e+00      17.00
    233.000    12.6325   4.091496    231.507    35.1970    26.6195  1027.6598    1503.04      1.608 0.0000e+00      16.00
    234.000    12.6066   4.088774    232.500    35.1945    26.6228  1027.6676    1502.96      1.831 0.0000e+00      13.00
    235.000    12.5922   4.087118    233.494    35.1917    26.6234  1027.6728    1502.93      1.993 0.0000e+00      11.00
    236.000    12.5762   4.085256    234.487    35.1882    26.6238  1027.6778    1502.89      2.031 0.0000e+00      12.00
    237.000    12.5531   4.082691    235.480    35.1847    26.6257  1027.6842    1502.82      1.919 0.0000e+00      12.00
    238.000    12.5121   4.078164    236.472    35.1790    26.6293  1027.6924    1502.70      1.664 0.0000e+00      15.00
    239.000    12.4721   4.074056    237.466    35.1763    26.6351  1027.7029    1502.57      1.335 0.0000e+00      18.00
    240.000    12.4403   4.070577    238.459    35.1721    26.6381  1027.7104    1502.48      1.179 0.0000e+00      19.00
    241.000    12.4005   4.066061    239.451    35.1652    26.6405  1027.7175    1502.35      1.345 0.0000e+00      18.00
    242.000    12.3271   4.057755    240.444    35.1531    26.6454  1027.7272    1502.11      1.517 0.0000e+00      17.00
    243.000    12.2074   4.044447    241.437    35.1359    26.6553  1027.7420    1501.70      1.626 0.0000e+00      13.00
    244.000    12.0815   4.031196    242.431    35.1248    26.6710  1027.7628    1501.27      1.722 0.0000e+00      14.00
    245.000    12.0154   4.023895    243.423    35.1154    26.6764  1027.7729    1501.05      1.807 0.0000e+00      14.00
    246.000    11.8575   4.005557    244.417    35.0844    26.6824  1027.7841    1500.49      1.839 0.0000e+00      11.00
    247.000    11.7286   3.993687    245.409    35.0892    26.7106  1027.8173    1500.07      1.797 0.0000e+00      14.00
    248.000    11.6980   3.990438    246.402    35.0857    26.7137  1027.8250    1499.98      1.719 0.0000e+00      13.00
    249.000    11.6468   3.984555    247.395    35.0758    26.7156  1027.8316    1499.81      1.656 0.0000e+00      16.00
    250.000    11.5486   3.973447    248.388    35.0589    26.7208  1027.8418    1499.46      1.693 0.0000e+00      14.00
    251.000    11.4681   3.965947    249.381    35.0606    26.7372  1027.8630    1499.20      1.781 0.0000e+00      13.00
    252.000    11.4392   3.962649    250.374    35.0550    26.7382  1027.8686    1499.12      1.823 0.0000e+00      13.00
    253.000    11.4014   3.958448    251.367    35.0488    26.7404  1027.8755    1498.99      1.762 0.0000e+00      13.00
    254.000    11.3670   3.955134    252.360    35.0481    26.7462  1027.8860    1498.89      1.615 0.0000e+00      16.00
    255.000    11.3556   3.953823    253.353    35.0456    26.7464  1027.8906    1498.86      1.506 0.0000e+00      15.00
    256.000    11.3403   3.952042    254.346    35.0420    26.7464  1027.8952    1498.82      1.536 0.0000e+00      17.00
    257.000    11.3161   3.949351    255.339    35.0378    26.7476  1027.9011    1498.75      1.602 0.0000e+00      15.00
    258.000    11.2870   3.946627    256.332    35.0380    26.7532  1027.9112    1498.67      1.560 0.0000e+00      13.00
    259.000    11.3049   3.951410    257.325    35.0679    26.7732  1027.9355    1498.78      1.353 0.0000e+00      18.00
    260.000    11.3416   3.956966    258.318    35.0877    26.7817  1027.9484    1498.95      1.114 0.0000e+00      23.00
    261.000    11.3365   3.956599    259.311    35.0885    26.7833  1027.9545    1498.95      1.237 0.0000e+00      20.00
    262.000    11.3203   3.954795    260.303    35.0855    26.7840  1027.9597    1498.91      1.705 0.0000e+00      14.00
    263.000    11.3013   3.952824    261.296    35.0836    26.7861  1027.9663    1498.85      2.165 0.0000e+00      12.00
