dados/ctd/rad1_doei005.cnv
* Sea-Bird SBE 9 Raw Data File:
* FileName = C:\OceanoEI\OEI005.dat
* Software Version Seasave Win32 v1.10
* Temperature SN = 2326
* Conductivity SN = 2149
* Number of Bytes Per Scan = 12
* Number of Voltage Words = 0
* System UpLoad Time = Nov 03 2001 00:41:26
** H-40 
** Navio Oceanografico ANTARES 
** 173a Comissao Oceanografica 
** OCEANO LESTE I 
** Estacao: OEI005
** Latitude: 13 08.0 S
** Longitude: 036 05.2 W
** Data-Hora (DDHHMMZ/MMM/AA): 020037Z/NOV/01
** Profundidade Local (m): 4284
** N/S do CTD: 11282 
** Operador: CT BARREIRA
# nquan = 11
# nvalues = 2532                        
# units = specified
# name 0 = prDM: Pressure, Digiquartz [db]
# name 1 = t068C: Temperature [ITS-68, deg C]
# name 2 = c0S/m: Conductivity [S/m]
# name 3 = depSM: Depth [salt water, m], lat = -15
# name 4 = sal00: Salinity [PSU]
# name 5 = sigma-t00: Density [sigma-t, Kg/m^3 ]
# name 6 = density00: Density [density, Kg/m^3]
# name 7 = svCM: Sound Velocity [Chen-Millero, m/s]
# name 8 = dz/dtM: Descent Rate [m/s], WS = 2
# name 9 = flag: flag
# name 10 = nbin: number of scans per bin
# span 0 =      1.000,   2532.000       
# span 1 =     3.2576,    26.6502       
# span 2 =   3.237448,   5.747012       
# span 3 =      0.994,   2502.112       
# span 4 =    34.4526,    37.1561       
# span 5 =    24.1035,    27.8400       
# span 6 =  1024.1087,  1039.3617       
# span 7 =    1479.20,    1541.07       
# span 8 =      0.032,      3.405       
# span 9 = 0.0000e+00, 0.0000e+00       
# span 10 =       6.00,      86.00      
# interval = decibars: 1                
# start_time = Nov 03 2001 00:41:26
# bad_flag = -9.990e-29
*END*
[from data line 525]
    526.000     5.8347   3.402579    522.262    34.5192    27.1938  1029.6084    1482.11      2.137 0.0000e+00      11.00
    527.000     5.8325   3.402374    523.253    34.5187    27.1936  1029.6128    1482.12      1.820 0.0000e+00      13.00
    528.000     5.8110   3.400276    524.245    34.5164    27.1945  1029.6186    1482.05      1.490 0.0000e+00      16.00
    529.000     5.7942   3.398769    525.237    34.5160    27.1963  1029.6251    1482.00      1.253 0.0000e+00      20.00
    530.000     5.7840   3.397807    526.228    34.5150    27.1967  1029.6302    1481.97      1.223 0.0000e+00      20.00
    531.000     5.7691   3.396301    527.220    34.5126    27.1968  1029.6350    1481.92      1.156 0.0000e+00      21.00
    532.000     5.7559   3.395187    528.211    34.5129    27.1986  1029.6416    1481.89      1.007 0.0000e+00      25.00
    533.000     5.7561   3.395230    529.203    34.5127    27.1984  1029.6460    1481.91      1.323 0.0000e+00      19.00
    534.000     5.7568   3.395308    530.194    34.5124    27.1981  1029.6502    1481.93      1.951 0.0000e+00      13.00
    535.000     5.7515   3.394801    531.186    34.5115    27.1981  1029.6548    1481.92      2.424 0.0000e+00       9.00
    536.000     5.7509   3.395189    532.178    34.5160    27.2017  1029.6630    1481.94      2.677 0.0000e+00       8.00
    537.000     5.7472   3.394614    533.169    34.5129    27.1996  1029.6656    1481.94      2.753 0.0000e+00       8.00
    538.000     5.7361   3.393806    534.161    34.5146    27.2024  1029.6730    1481.91      2.635 0.0000e+00      10.00
    539.000     5.7336   3.393742    535.152    34.5159    27.2037  1029.6789    1481.92      2.313 0.0000e+00      10.00
    540.000     5.7321   3.393591    536.144    34.5151    27.2033  1029.6831    1481.93      1.754 0.0000e+00      13.00
    541.000     5.7040   3.390915    537.135    34.5129    27.2051  1029.6898    1481.83      0.854 0.0000e+00      39.00
    542.000     5.6905   3.389762    538.127    34.5133    27.2070  1029.6964    1481.79      1.178 0.0000e+00      21.00
    543.000     5.6908   3.389837    539.119    34.5132    27.2069  1029.7009    1481.81      1.851 0.0000e+00      12.00
    544.000     5.6908   3.389852    540.110    34.5129    27.2067  1029.7053    1481.83      2.182 0.0000e+00      11.00
    545.000     5.6907   3.389881    541.102    34.5129    27.2066  1029.7098    1481.84      2.300 0.0000e+00      10.00
    546.000     5.6894   3.389836    542.093    34.5132    27.2070  1029.7148    1481.85      2.249 0.0000e+00      10.00
    547.000     5.6891   3.389919    543.085    34.5139    27.2077  1029.7200    1481.87      2.039 0.0000e+00      11.00
    548.000     5.6904   3.390139    544.077    34.5146    27.2080  1029.7249    1481.89      1.661 0.0000e+00      15.00
    549.000     5.6913   3.390309    545.068    34.5151    27.2084  1029.7298    1481.91      1.182 0.0000e+00      22.00
    550.000     5.6672   3.387889    546.059    34.5118    27.2087  1029.7350    1481.83      1.080 0.0000e+00      24.00
    551.000     5.6454   3.385816    547.051    34.5100    27.2100  1029.7411    1481.76      1.405 0.0000e+00      16.00
    552.000     5.6329   3.384773    548.042    34.5103    27.2118  1029.7476    1481.72      1.667 0.0000e+00      15.00
    553.000     5.6372   3.385554    549.034    34.5144    27.2144  1029.7548    1481.76      1.836 0.0000e+00      12.00
    554.000     5.6486   3.386662    550.026    34.5149    27.2134  1029.7582    1481.82      1.967 0.0000e+00      13.00
    555.000     5.6431   3.386102    551.017    34.5135    27.2131  1029.7625    1481.82      2.055 0.0000e+00      12.00
    556.000     5.6373   3.385617    552.008    34.5135    27.2137  1029.7678    1481.81      2.063 0.0000e+00      11.00
    557.000     5.6394   3.385999    553.000    34.5152    27.2149  1029.7735    1481.84      1.927 0.0000e+00      12.00
    558.000     5.6435   3.386444    553.992    34.5156    27.2146  1029.7777    1481.87      1.633 0.0000e+00      14.00
    559.000     5.6455   3.386678    554.983    34.5157    27.2144  1029.7821    1481.90      1.240 0.0000e+00      21.00
    560.000     5.6463   3.386776    555.974    34.5155    27.2142  1029.7864    1481.92      1.075 0.0000e+00      22.00
    561.000     5.6424   3.386490    556.966    34.5157    27.2149  1029.7917    1481.92      1.299 0.0000e+00      19.00
    562.000     5.6434   3.386651    557.957    34.5160    27.2149  1029.7963    1481.94      1.678 0.0000e+00      15.00
    563.000     5.6279   3.384779    558.949    34.5101    27.2122  1029.7983    1481.88      1.985 0.0000e+00      11.00
    564.000     5.5973   3.382080    559.940    34.5102    27.2160  1029.8071    1481.78      2.105 0.0000e+00      11.00
    565.000     5.5964   3.382307    560.932    34.5132    27.2185  1029.8142    1481.79      2.030 0.0000e+00      12.00
    566.000     5.5858   3.381214    561.923    34.5111    27.2181  1029.8185    1481.77      1.748 0.0000e+00      13.00
    567.000     5.5735   3.380133    562.915    34.5108    27.2195  1029.8246    1481.73      1.343 0.0000e+00      20.00
    568.000     5.5620   3.379045    563.906    34.5098    27.2200  1029.8299    1481.70      1.246 0.0000e+00      20.00
    569.000     5.5488   3.377771    564.898    34.5083    27.2204  1029.8350    1481.66      1.635 0.0000e+00      15.00
    570.000     5.5317   3.376059    565.889    34.5058    27.2205  1029.8399    1481.61      2.045 0.0000e+00      11.00
    571.000     5.5246   3.375487    566.880    34.5061    27.2216  1029.8457    1481.60      2.256 0.0000e+00      10.00
    572.000     5.5116   3.374203    567.872    34.5042    27.2218  1029.8506    1481.56      2.266 0.0000e+00       9.00
    573.000     5.4969   3.372871    568.863    34.5036    27.2230  1029.8566    1481.51      1.971 0.0000e+00      12.00
    574.000     5.4798   3.371263    569.855    34.5023    27.2240  1029.8624    1481.46      1.152 0.0000e+00      25.00
    575.000     5.4327   3.366767    570.846    34.4987    27.2269  1029.8705    1481.28      0.631 0.0000e+00      38.00
    576.000     5.4403   3.367501    571.838    34.4988    27.2261  1029.8741    1481.33      1.976 0.0000e+00      12.00
    577.000     5.4378   3.367272    572.829    34.4982    27.2260  1029.8786    1481.33      2.483 0.0000e+00       9.00
    578.000     5.4358   3.367085    573.820    34.4977    27.2258  1029.8830    1481.34      2.749 0.0000e+00       8.00
    579.000     5.4348   3.367051    574.812    34.4978    27.2260  1029.8878    1481.36      2.833 0.0000e+00       9.00
    580.000     5.4306   3.366502    575.803    34.4953    27.2245  1029.8909    1481.35      2.772 0.0000e+00       7.00
    581.000     5.4109   3.364243    576.794    34.4892    27.2220  1029.8934    1481.28      2.523 0.0000e+00      10.00
    582.000     5.3728   3.360933    577.786    34.4900    27.2272  1029.9036    1481.14      2.079 0.0000e+00      12.00
    583.000     5.3565   3.359621    578.777    34.4912    27.2301  1029.9113    1481.10      1.326 0.0000e+00      20.00
    584.000     5.3448   3.358537    579.769    34.4903    27.2308  1029.9167    1481.07      0.666 0.0000e+00      40.00
    585.000     5.3361   3.357663    580.760    34.4887    27.2306  1029.9212    1481.04      1.322 0.0000e+00      19.00
    586.000     5.3208   3.356227    581.751    34.4875    27.2315  1029.9269    1481.00      1.834 0.0000e+00      12.00
    587.000     5.3114   3.355394    582.743    34.4871    27.2323  1029.9324    1480.98      2.150 0.0000e+00      11.00
    588.000     5.3020   3.354518    583.734    34.4862    27.2327  1029.9375    1480.95      2.329 0.0000e+00       9.00
    589.000     5.2990   3.354299    584.725    34.4862    27.2330  1029.9425    1480.96      2.390 0.0000e+00      11.00
    590.000     5.2931   3.353668    585.716    34.4845    27.2324  1029.9465    1480.95      2.367 0.0000e+00      10.00
    591.000     5.2807   3.352438    586.708    34.4827    27.2324  1029.9513    1480.91      2.245 0.0000e+00      10.00
    592.000     5.2673   3.351253    587.699    34.4824    27.2338  1029.9574    1480.87      1.989 0.0000e+00      12.00
    593.000     5.2566   3.350306    588.691    34.4820    27.2347  1029.9630    1480.85      1.508 0.0000e+00      17.00
    594.000     5.2340   3.348202    589.682    34.4806    27.2362  1029.9694    1480.77      0.843 0.0000e+00      32.00
    595.000     5.2152   3.346508    590.673    34.4799    27.2380  1029.9760    1480.71      1.039 0.0000e+00      24.00
    596.000     5.2110   3.345991    591.665    34.4778    27.2368  1029.9795    1480.71      1.637 0.0000e+00      14.00
    597.000     5.1865   3.343702    592.656    34.4763    27.2385  1029.9860    1480.62      1.908 0.0000e+00      13.00
    598.000     5.1764   3.343002    593.647    34.4781    27.2410  1029.9933    1480.60      2.025 0.0000e+00      11.00
    599.000     5.1701   3.342319    594.638    34.4762    27.2403  1029.9973    1480.59      2.047 0.0000e+00      11.00
    600.000     5.1575   3.341230    595.630    34.4761    27.2417  1030.0034    1480.55      2.011 0.0000e+00      11.00
    601.000     5.1574   3.341488    596.621    34.4787    27.2438  1030.0101    1480.57      1.930 0.0000e+00      13.00
    602.000     5.1792   3.343919    597.612    34.4837    27.2452  1030.0157    1480.68      1.783 0.0000e+00      14.00
    603.000     5.1805   3.343966    598.603    34.4824    27.2440  1030.0191    1480.70      1.564 0.0000e+00      15.00
    604.000     5.1586   3.341685    599.595    34.4782    27.2432  1030.0232    1480.63      1.383 0.0000e+00      17.00
    605.000     5.1379   3.339958    600.586    34.4791    27.2464  1030.0313    1480.56      1.398 0.0000e+00      16.00
    606.000     5.1392   3.340124    601.577    34.4792    27.2463  1030.0357    1480.58      1.503 0.0000e+00      16.00
    607.000     5.1327   3.339448    602.569    34.4776    27.2458  1030.0399    1480.57      1.586 0.0000e+00      15.00
    608.000     5.1238   3.338641    603.560    34.4771    27.2464  1030.0452    1480.55      1.681 0.0000e+00      15.00
    609.000     5.1140   3.337709    604.551    34.4759    27.2466  1030.0501    1480.52      1.853 0.0000e+00      12.00
    610.000     5.1089   3.337323    605.542    34.4762    27.2475  1030.0556    1480.52      2.016 0.0000e+00      13.00
    611.000     5.1101   3.337557    606.533    34.4772    27.2481  1030.0608    1480.54      2.091 0.0000e+00      11.00
    612.000     5.1158   3.338234    607.525    34.4785    27.2485  1030.0657    1480.58      2.019 0.0000e+00      11.00
    613.000     5.1244   3.339151    608.516    34.4797    27.2485  1030.0701    1480.64      1.747 0.0000e+00      13.00
    614.000     5.1307   3.339810    609.507    34.4803    27.2482  1030.0743    1480.68      1.196 0.0000e+00      22.00
    615.000     5.1232   3.339108    610.498    34.4794    27.2484  1030.0792    1480.66      0.752 0.0000e+00      38.00
    616.000     5.1104   3.337989    611.490    34.4792    27.2497  1030.0852    1480.63      1.222 0.0000e+00      17.00
    617.000     5.1037   3.337343    612.481    34.4782    27.2497  1030.0899    1480.62      1.639 0.0000e+00      14.00
    618.000     5.0922   3.336234    613.472    34.4767    27.2499  1030.0948    1480.58      1.889 0.0000e+00      12.00
    619.000     5.0755   3.334616    614.463    34.4748    27.2503  1030.1001    1480.53      2.049 0.0000e+00      13.00
    620.000     5.0660   3.333862    615.454    34.4754    27.2518  1030.1064    1480.51      2.156 0.0000e+00      10.00
    621.000     5.0624   3.333492    616.446    34.4744    27.2514  1030.1106    1480.51      2.228 0.0000e+00      11.00
    622.000     5.0508   3.332445    617.437    34.4737    27.2523  1030.1162    1480.48      2.292 0.0000e+00      11.00
    623.000     5.0346   3.330875    618.428    34.4719    27.2527  1030.1214    1480.43      2.361 0.0000e+00      11.00
    624.000     5.0241   3.329970    619.419    34.4717    27.2538  1030.1272    1480.40      2.370 0.0000e+00       9.00
    625.000     5.0112   3.328717    620.410    34.4701    27.2540  1030.1322    1480.36      2.256 0.0000e+00      11.00
    626.000     4.9981   3.327566    621.402    34.4697    27.2552  1030.1382    1480.32      1.935 0.0000e+00      10.00
    627.000     4.9909   3.327073    622.393    34.4710    27.2571  1030.1447    1480.31      1.138 0.0000e+00      24.00
    628.000     4.9902   3.327086    623.384    34.4714    27.2574  1030.1496    1480.33      0.524 0.0000e+00      42.00
    629.000     4.9907   3.327092    624.375    34.4704    27.2566  1030.1534    1480.34      1.822 0.0000e+00      13.00
    630.000     4.9631   3.324353    625.366    34.4668    27.2569  1030.1587    1480.24      2.222 0.0000e+00       9.00
    631.000     4.9448   3.322857    626.357    34.4678    27.2598  1030.1665    1480.19      2.407 0.0000e+00      10.00
    632.000     4.9403   3.322657    627.348    34.4697    27.2618  1030.1731    1480.19      2.389 0.0000e+00      10.00
    633.000     4.9379   3.322445    628.339    34.4692    27.2617  1030.1776    1480.19      2.236 0.0000e+00      10.00
    634.000     4.9359   3.322490    629.331    34.4712    27.2635  1030.1840    1480.20      1.963 0.0000e+00      12.00
    635.000     4.9362   3.322538    630.322    34.4710    27.2633  1030.1884    1480.22      1.623 0.0000e+00      16.00
    636.000     4.9183   3.320889    631.313    34.4699    27.2645  1030.1944    1480.16      1.342 0.0000e+00      17.00
    637.000     4.9120   3.320478    632.304    34.4712    27.2662  1030.2008    1480.16      1.151 0.0000e+00      23.00
    638.000     4.9122   3.320523    633.295    34.4709    27.2660  1030.2052    1480.17      1.079 0.0000e+00      24.00
    639.000     4.9099   3.320278    634.286    34.4699    27.2655  1030.2092    1480.18      1.423 0.0000e+00      16.00
    640.000     4.9035   3.319726    635.277    34.4696    27.2660  1030.2144    1480.17      1.906 0.0000e+00      13.00
    641.000     4.9001   3.319415    636.268    34.4691    27.2659  1030.2190    1480.17      2.208 0.0000e+00      10.00
    642.000     4.8923   3.318595    637.259    34.4671    27.2653  1030.2230    1480.15      2.370 0.0000e+00      11.00
    643.000     4.8743   3.316836    638.251    34.4649    27.2656  1030.2282    1480.09      2.378 0.0000e+00       8.00
    644.000     4.8599   3.315659    639.242    34.4656    27.2677  1030.2351    1480.05      2.222 0.0000e+00      11.00
    645.000     4.8532   3.315117    640.233    34.4657    27.2686  1030.2407    1480.04      1.842 0.0000e+00      12.00
    646.000     4.8374   3.313685    641.224    34.4650    27.2698  1030.2467    1479.99      1.054 0.0000e+00      27.00
    647.000     4.8267   3.312731    642.215    34.4645    27.2707  1030.2523    1479.96      0.789 0.0000e+00      33.00
    648.000     4.8204   3.312187    643.206    34.4642    27.2711  1030.2574    1479.95      1.898 0.0000e+00      12.00
    649.000     4.8205   3.312292    644.197    34.4648    27.2716  1030.2625    1479.97      2.386 0.0000e+00      10.00
    650.000     4.8209   3.312344    645.188    34.4644    27.2713  1030.2667    1479.99      2.643 0.0000e+00       9.00
    651.000     4.8173   3.311951    646.179    34.4631    27.2706  1030.2707    1479.99      2.705 0.0000e+00       8.00
    652.000     4.8063   3.310831    647.170    34.4610    27.2702  1030.2750    1479.96      2.579 0.0000e+00       8.00
    653.000     4.7939   3.309912    648.161    34.4626    27.2728  1030.2825    1479.92      2.230 0.0000e+00      11.00
    654.000     4.7811   3.308723    649.152    34.4615    27.2734  1030.2878    1479.89      1.591 0.0000e+00      16.00
    655.000     4.7666   3.307737    650.143    34.4646    27.2775  1030.2967    1479.85      0.879 0.0000e+00      32.00
