dados/ctd/rad1_doei009.cnv
* Sea-Bird SBE 9 Raw Data File:
* FileName = C:\OceanoEI\OEI009.dat
* Software Version Seasave Win32 v1.10
* Temperature SN = 2326
* Conductivity SN = 2149
* Number of Bytes Per Scan = 12
* Number of Voltage Words = 0
* System UpLoad Time = Nov 03 2001 23:28:47
** H-40 
** Navio Oceanografico ANTARES 
** 173a Comissao Oceanografica 
** OCEANO LESTE I 
** Estacao: OEI009
** Latitude: 10 46.6  S
** Longitude: 034 43.2  W
** Data-Hora (DDHHMMZ/MMM/AA): 032327Z/NOV/01
** Profundidade Local (m): 
** N/S do CTD: 11282 
** Operador: 1T E. ALMEIDA
# nquan = 11
# nvalues = 2537                        
# units = specified
# name 0 = prDM: Pressure, Digiquartz [db]
# name 1 = t068C: Temperature [ITS-68, deg C]
# name 2 = c0S/m: Conductivity [S/m]
# name 3 = depSM: Depth [salt water, m], lat = -15
# name 4 = sal00: Salinity [PSU]
# name 5 = sigma-t00: Density [sigma-t, Kg/m^3 ]
# name 6 = density00: Density [density, Kg/m^3]
# name 7 = svCM: Sound Velocity [Chen-Millero, m/s]
# name 8 = dz/dtM: Descent Rate [m/s], WS = 2
# name 9 = flag: flag
# name 10 = nbin: number of scans per bin
# span 0 =      2.000,   2538.000       
# span 1 =     3.1016,    26.8783       
# span 2 =   3.249684,   5.741730       
# span 3 =      1.988,   2508.006       
# span 4 =    34.4684,    37.1043       
# span 5 =    24.0442,    27.8506       
# span 6 =  1024.0591,  1039.4067       
# span 7 =    1479.76,    1541.17       
# span 8 =     -0.008,      3.534       
# span 9 = 0.0000e+00, 0.0000e+00       
# span 10 =       5.00,     675.00      
# interval = decibars: 1                
# start_time = Nov 03 2001 23:28:47
# bad_flag = -9.990e-29
*END*
[from data line 2492]
   2494.000     3.1768   3.285949   2464.778    34.9756    27.8492  1039.2083    1504.59      1.739 0.0000e+00      14.00
   2495.000     3.1768   3.285982   2465.761    34.9756    27.8491  1039.2127    1504.61      1.787 0.0000e+00      13.00
   2496.000     3.1771   3.286024   2466.743    34.9753    27.8489  1039.2169    1504.62      1.756 0.0000e+00      13.00
   2497.000     3.1772   3.286082   2467.726    34.9754    27.8489  1039.2214    1504.64      1.774 0.0000e+00      14.00
   2498.000     3.1771   3.286119   2468.708    34.9754    27.8490  1039.2259    1504.66      1.769 0.0000e+00      13.00
   2499.000     3.1770   3.286157   2469.691    34.9755    27.8491  1039.2304    1504.67      1.678 0.0000e+00      14.00
   2500.000     3.1767   3.286135   2470.674    34.9752    27.8489  1039.2346    1504.69      1.526 0.0000e+00      16.00
   2501.000     3.1765   3.286158   2471.656    34.9752    27.8488  1039.2390    1504.71      1.426 0.0000e+00      18.00
   2502.000     3.1765   3.286194   2472.639    34.9752    27.8489  1039.2435    1504.72      1.433 0.0000e+00      17.00
   2503.000     3.1766   3.286231   2473.621    34.9751    27.8488  1039.2478    1504.74      1.475 0.0000e+00      16.00
   2504.000     3.1764   3.286261   2474.604    34.9752    27.8489  1039.2524    1504.76      1.453 0.0000e+00      16.00
   2505.000     3.1760   3.286247   2475.586    34.9750    27.8487  1039.2567    1504.77      1.358 0.0000e+00      16.00
   2506.000     3.1760   3.286287   2476.569    34.9750    27.8488  1039.2612    1504.79      1.282 0.0000e+00      20.00
   2507.000     3.1749   3.286229   2477.551    34.9750    27.8489  1039.2658    1504.80      1.406 0.0000e+00      17.00
   2508.000     3.1737   3.286166   2478.534    34.9750    27.8490  1039.2704    1504.81      1.694 0.0000e+00      14.00
   2509.000     3.1725   3.286108   2479.516    34.9751    27.8492  1039.2751    1504.83      1.886 0.0000e+00      12.00
   2510.000     3.1716   3.286056   2480.499    34.9750    27.8492  1039.2796    1504.84      1.910 0.0000e+00      13.00
   2511.000     3.1713   3.286060   2481.481    34.9749    27.8492  1039.2840    1504.85      1.741 0.0000e+00      14.00
   2512.000     3.1698   3.285948   2482.463    34.9747    27.8491  1039.2884    1504.86      1.355 0.0000e+00      15.00
   2513.000     3.1647   3.285497   2483.446    34.9742    27.8492  1039.2933    1504.86      0.788 0.0000e+00      35.00
   2514.000     3.1597   3.285100   2484.428    34.9743    27.8497  1039.2986    1504.85      0.904 0.0000e+00      25.00
   2515.000     3.1601   3.285219   2485.411    34.9749    27.8501  1039.3034    1504.87      1.232 0.0000e+00      22.00
   2516.000     3.1602   3.285290   2486.393    34.9752    27.8504  1039.3081    1504.89      1.673 0.0000e+00      13.00
   2517.000     3.1602   3.285338   2487.376    34.9753    27.8505  1039.3126    1504.91      2.027 0.0000e+00      11.00
   2518.000     3.1601   3.285349   2488.358    34.9750    27.8503  1039.3168    1504.92      2.234 0.0000e+00      10.00
   2519.000     3.1598   3.285360   2489.341    34.9750    27.8503  1039.3213    1504.94      2.271 0.0000e+00      11.00
   2520.000     3.1589   3.285309   2490.323    34.9748    27.8503  1039.3258    1504.95      2.173 0.0000e+00      11.00
   2521.000     3.1582   3.285301   2491.306    34.9750    27.8505  1039.3304    1504.97      1.957 0.0000e+00      12.00
   2522.000     3.1579   3.285301   2492.288    34.9749    27.8504  1039.3348    1504.98      1.600 0.0000e+00      14.00
   2523.000     3.1571   3.285258   2493.270    34.9748    27.8504  1039.3393    1505.00      0.810 0.0000e+00      50.00
   2524.000     3.1568   3.285284   2494.253    34.9749    27.8505  1039.3439    1505.01      1.249 0.0000e+00      19.00
   2525.000     3.1558   3.285200   2495.235    34.9746    27.8503  1039.3482    1505.02      2.050 0.0000e+00      11.00
   2526.000     3.1519   3.284886   2496.218    34.9745    27.8506  1039.3532    1505.02      2.448 0.0000e+00      10.00
   2527.000     3.1486   3.284589   2497.200    34.9739    27.8505  1039.3577    1505.03      2.634 0.0000e+00       8.00
   2528.000     3.1459   3.284349   2498.182    34.9735    27.8505  1039.3623    1505.03      2.700 0.0000e+00       9.00
   2529.000     3.1394   3.283640   2499.165    34.9715    27.8494  1039.3661    1505.02      2.608 0.0000e+00       9.00
   2530.000     3.1337   3.283034   2500.147    34.9698    27.8486  1039.3701    1505.01      2.335 0.0000e+00      10.00
   2531.000     3.1164   3.281337   2501.130    34.9674    27.8484  1039.3754    1504.95      1.777 0.0000e+00      14.00
   2532.000     3.1153   3.281302   2502.112    34.9677    27.8487  1039.3802    1504.96      0.360 0.0000e+00      49.00
   2533.000     3.1135   3.281137   2503.095    34.9671    27.8484  1039.3845    1504.97      0.446 0.0000e+00      65.00
   2534.000     3.1098   3.280782   2504.077    34.9664    27.8481  1039.3889    1504.97      1.181 0.0000e+00      18.00
   2535.000     3.1069   3.280534   2505.059    34.9660    27.8481  1039.3935    1504.97      1.195 0.0000e+00      20.00
   2536.000     3.1059   3.280465   2506.041    34.9657    27.8480  1039.3978    1504.99      0.822 0.0000e+00      30.00
   2537.000     3.1052   3.280392   2507.024    34.9652    27.8476  1039.4020    1505.00      0.133 0.0000e+00      79.00
   2538.000     3.1016   3.280077   2508.006    34.9648    27.8477  1039.4067    1505.00      0.422 0.0000e+00       7.00
