dados/ctd/rad1_doei005.cnv
* Sea-Bird SBE 9 Raw Data File:
* FileName = C:\OceanoEI\OEI005.dat
* Software Version Seasave Win32 v1.10
* Temperature SN = 2326
* Conductivity SN = 2149
* Number of Bytes Per Scan = 12
* Number of Voltage Words = 0
* System UpLoad Time = Nov 03 2001 00:41:26
** H-40 
** Navio Oceanografico ANTARES 
** 173a Comissao Oceanografica 
** OCEANO LESTE I 
** Estacao: OEI005
** Latitude: 13 08.0 S
** Longitude: 036 05.2 W
** Data-Hora (DDHHMMZ/MMM/AA): 020037Z/NOV/01
** Profundidade Local (m): 4284
** N/S do CTD: 11282 
** Operador: CT BARREIRA
# nquan = 11
# nvalues = 2532                        
# units = specified
# name 0 = prDM: Pressure, Digiquartz [db]
# name 1 = t068C: Temperature [ITS-68, deg C]
# name 2 = c0S/m: Conductivity [S/m]
# name 3 = depSM: Depth [salt water, m], lat = -15
# name 4 = sal00: Salinity [PSU]
# name 5 = sigma-t00: Density [sigma-t, Kg/m^3 ]
# name 6 = density00: Density [density, Kg/m^3]
# name 7 = svCM: Sound Velocity [Chen-Millero, m/s]
# name 8 = dz/dtM: Descent Rate [m/s], WS = 2
# name 9 = flag: flag
# name 10 = nbin: number of scans per bin
# span 0 =      1.000,   2532.000       
# span 1 =     3.2576,    26.6502       
# span 2 =   3.237448,   5.747012       
# span 3 =      0.994,   2502.112       
# span 4 =    34.4526,    37.1561       
# span 5 =    24.1035,    27.8400       
# span 6 =  1024.1087,  1039.3617       
# span 7 =    1479.20,    1541.07       
# span 8 =      0.032,      3.405       
# span 9 = 0.0000e+00, 0.0000e+00       
# span 10 =       6.00,      86.00      
# interval = decibars: 1                
# start_time = Nov 03 2001 00:41:26
# bad_flag = -9.990e-29
*END*
      1.000    26.6472   5.712941      0.994    36.6874    24.1044  1024.1087    1540.08      0.879 0.0000e+00      27.00
      2.000    26.6484   5.713110      1.988    36.6874    24.1040  1024.1126    1540.10      0.542 0.0000e+00      51.00
      3.000    26.6488   5.713130      2.982    36.6869    24.1035  1024.1163    1540.12      1.472 0.0000e+00      14.00
      4.000    26.6483   5.713154      3.977    36.6872    24.1039  1024.1210    1540.14      1.908 0.0000e+00      13.00
      5.000    26.6490   5.713329      4.971    36.6875    24.1039  1024.1253    1540.15      2.015 0.0000e+00      10.00
      6.000    26.6498   5.713626      5.965    36.6888    24.1046  1024.1303    1540.17      1.853 0.0000e+00      13.00
      7.000    26.6502   5.713704      6.959    36.6887    24.1044  1024.1344    1540.19      1.417 0.0000e+00      16.00
      8.000    26.6493   5.714663      7.953    36.6960    24.1102  1024.1445    1540.21      0.972 0.0000e+00      32.00
      9.000    26.6462   5.716209      8.947    36.7094    24.1213  1024.1599    1540.24      1.238 0.0000e+00      17.00
     10.000    26.6384   5.717984      9.941    36.7281    24.1379  1024.1808    1540.26      1.643 0.0000e+00      14.00
     11.000    26.6323   5.719063     10.935    36.7405    24.1492  1024.1964    1540.27      1.848 0.0000e+00      14.00
     12.000    26.6281   5.719290     11.930    36.7451    24.1540  1024.2055    1540.28      1.917 0.0000e+00      10.00
     13.000    26.6335   5.719369     12.924    36.7411    24.1493  1024.2050    1540.31      1.887 0.0000e+00      12.00
     14.000    26.6336   5.719806     13.918    36.7439    24.1514  1024.2114    1540.33      1.751 0.0000e+00      13.00
     15.000    26.6256   5.720388     14.912    36.7541    24.1616  1024.2259    1540.34      1.547 0.0000e+00      16.00
     16.000    26.6337   5.719943     15.906    36.7442    24.1515  1024.2201    1540.37      1.424 0.0000e+00      17.00
     17.000    26.6419   5.719386     16.900    36.7333    24.1407  1024.2136    1540.39      1.511 0.0000e+00      16.00
     18.000    26.6377   5.719849     17.894    36.7397    24.1468  1024.2240    1540.40      1.703 0.0000e+00      15.00
     19.000    26.6135   5.721124     18.888    36.7679    24.1758  1024.2573    1540.39      1.855 0.0000e+00      11.00
     20.000    26.5963   5.723871     19.882    36.8012    24.2064  1024.2922    1540.41      1.873 0.0000e+00      13.00
     21.000    26.5970   5.725569     20.876    36.8126    24.2148  1024.3049    1540.44      1.732 0.0000e+00      15.00
     22.000    26.5913   5.726352     21.870    36.8226    24.2242  1024.3185    1540.45      1.526 0.0000e+00      15.00
     23.000    26.5884   5.726453     22.864    36.8253    24.2271  1024.3257    1540.47      1.438 0.0000e+00      17.00
     24.000    26.5861   5.726634     23.858    36.8281    24.2300  1024.3329    1540.48      1.525 0.0000e+00      15.00
     25.000    26.5827   5.727258     24.852    36.8350    24.2363  1024.3435    1540.50      1.620 0.0000e+00      16.00
     26.000    26.5820   5.728218     25.846    36.8422    24.2419  1024.3534    1540.52      1.613 0.0000e+00      14.00
     27.000    26.5805   5.729078     26.841    36.8494    24.2478  1024.3636    1540.54      1.506 0.0000e+00      16.00
     28.000    26.5793   5.729411     27.834    36.8524    24.2505  1024.3705    1540.56      1.386 0.0000e+00      18.00
     29.000    26.5817   5.730226     28.828    36.8561    24.2525  1024.3769    1540.58      1.380 0.0000e+00      17.00
     30.000    26.5844   5.731002     29.823    36.8592    24.2540  1024.3826    1540.61      1.560 0.0000e+00      16.00
     31.000    26.5881   5.731828     30.817    36.8620    24.2549  1024.3879    1540.64      1.873 0.0000e+00      12.00
     32.000    26.5892   5.732191     31.811    36.8634    24.2557  1024.3928    1540.66      2.161 0.0000e+00      12.00
     33.000    26.5919   5.733062     32.805    36.8673    24.2577  1024.3992    1540.69      2.327 0.0000e+00       9.00
     34.000    26.5956   5.734317     33.799    36.8731    24.2609  1024.4067    1540.72      2.341 0.0000e+00      10.00
     35.000    26.5964   5.735550     34.792    36.8811    24.2667  1024.4167    1540.75      2.159 0.0000e+00      11.00
     36.000    26.5929   5.737589     35.787    36.8984    24.2808  1024.4352    1540.77      1.764 0.0000e+00      14.00
     37.000    26.6069   5.743458     36.780    36.9294    24.2998  1024.4584    1540.85      1.069 0.0000e+00      26.00
     38.000    26.6170   5.747012     37.774    36.9468    24.3098  1024.4726    1540.91      0.842 0.0000e+00      32.00
     39.000    26.6103   5.746349     38.768    36.9471    24.3120  1024.4792    1540.91      1.760 0.0000e+00      13.00
     40.000    26.6096   5.746528     39.762    36.9486    24.3134  1024.4849    1540.93      2.310 0.0000e+00      10.00
     41.000    26.6084   5.746504     40.756    36.9491    24.3142  1024.4899    1540.95      2.590 0.0000e+00       9.00
     42.000    26.6065   5.746389     41.750    36.9494    24.3150  1024.4950    1540.96      2.644 0.0000e+00       8.00
     43.000    26.6039   5.746001     42.744    36.9484    24.3151  1024.4994    1540.97      2.466 0.0000e+00      10.00
     44.000    26.5947   5.745093     43.738    36.9488    24.3184  1024.5069    1540.96      2.033 0.0000e+00      11.00
     45.000    26.5929   5.744991     44.732    36.9492    24.3192  1024.5121    1540.98      1.215 0.0000e+00      23.00
     46.000    26.5913   5.744848     45.726    36.9491    24.3197  1024.5168    1540.99      0.766 0.0000e+00      35.00
     47.000    26.5910   5.744881     46.720    36.9493    24.3199  1024.5214    1541.01      1.946 0.0000e+00      12.00
     48.000    26.5895   5.744783     47.714    36.9494    24.3205  1024.5262    1541.02      2.556 0.0000e+00       9.00
     49.000    26.5877   5.744828     48.708    36.9509    24.3222  1024.5322    1541.04      2.894 0.0000e+00       7.00
     50.000    26.5890   5.745252     49.702    36.9526    24.3230  1024.5373    1541.06      3.018 0.0000e+00       9.00
     51.000    26.5870   5.745093     50.696    36.9528    24.3238  1024.5424    1541.07      2.900 0.0000e+00       7.00
     52.000    26.5720   5.743001     51.689    36.9492    24.3259  1024.5487    1541.05      2.569 0.0000e+00       8.00
     53.000    26.4983   5.737272     52.683    36.9664    24.3623  1024.5895    1540.92      1.896 0.0000e+00      15.00
     54.000    26.4270   5.732841     53.677    36.9911    24.4036  1024.6351    1540.79      1.014 0.0000e+00      26.00
     55.000    26.4139   5.731774     54.671    36.9935    24.4095  1024.6453    1540.78      0.768 0.0000e+00      33.00
     56.000    26.3943   5.729757     55.665    36.9942    24.4163  1024.6564    1540.76      1.306 0.0000e+00      17.00
     57.000    26.2988   5.722341     56.659    37.0167    24.4635  1024.7079    1540.58      1.596 0.0000e+00      15.00
     58.000    26.1460   5.710609     57.653    37.0539    24.5399  1024.7886    1540.28      1.748 0.0000e+00      13.00
     59.000    25.9919   5.698918     58.647    37.0925    24.6176  1024.8707    1539.98      1.825 0.0000e+00      13.00
     60.000    25.9072   5.691680     59.640    37.1077    24.6556  1024.9130    1539.82      1.885 0.0000e+00      13.00
     61.000    25.8759   5.689388     60.634    37.1158    24.6716  1024.9333    1539.77      1.975 0.0000e+00      12.00
     62.000    25.8522   5.687099     61.628    37.1180    24.6806  1024.9467    1539.73      2.076 0.0000e+00      12.00
     63.000    25.8196   5.684612     62.622    37.1258    24.6968  1024.9671    1539.68      2.143 0.0000e+00      10.00
     64.000    25.7848   5.680625     63.616    37.1244    24.7066  1024.9812    1539.61      2.126 0.0000e+00      11.00
     65.000    25.7217   5.673590     64.610    37.1235    24.7256  1025.0046    1539.48      1.988 0.0000e+00      12.00
     66.000    25.7003   5.671655     65.604    37.1263    24.7344  1025.0177    1539.45      1.691 0.0000e+00      14.00
     67.000    25.6798   5.669245     66.597    37.1249    24.7397  1025.0273    1539.42      1.221 0.0000e+00      20.00
     68.000    25.6552   5.666466     67.591    37.1240    24.7467  1025.0386    1539.38      0.990 0.0000e+00      27.00
     69.000    25.6406   5.664834     68.585    37.1235    24.7509  1025.0471    1539.36      1.428 0.0000e+00      17.00
     70.000    25.6322   5.663796     69.579    37.1224    24.7526  1025.0531    1539.36      1.842 0.0000e+00      12.00
     71.000    25.6217   5.662595     70.573    37.1217    24.7555  1025.0603    1539.35      2.046 0.0000e+00      12.00
     72.000    25.6100   5.661211     71.567    37.1207    24.7583  1025.0674    1539.34      2.125 0.0000e+00      10.00
     73.000    25.5979   5.659871     72.560    37.1204    24.7619  1025.0752    1539.32      2.117 0.0000e+00      11.00
     74.000    25.5874   5.658858     73.554    37.1211    24.7656  1025.0833    1539.32      2.063 0.0000e+00      12.00
     75.000    25.5806   5.658391     74.548    37.1228    24.7691  1025.0910    1539.32      1.951 0.0000e+00      12.00
     76.000    25.5759   5.657899     75.542    37.1227    24.7704  1025.0967    1539.32      1.705 0.0000e+00      14.00
     77.000    25.5732   5.658302     76.536    37.1276    24.7750  1025.1055    1539.34      1.248 0.0000e+00      20.00
     78.000    25.5803   5.660965     77.529    37.1411    24.7830  1025.1178    1539.39      0.830 0.0000e+00      31.00
     79.000    25.5679   5.659139     78.523    37.1375    24.7841  1025.1232    1539.37      1.462 0.0000e+00      17.00
     80.000    25.5539   5.657099     79.517    37.1334    24.7854  1025.1288    1539.35      1.986 0.0000e+00      11.00
     81.000    25.5347   5.654699     80.511    37.1310    24.7895  1025.1373    1539.32      2.233 0.0000e+00      11.00
     82.000    25.5152   5.652389     81.504    37.1295    24.7944  1025.1465    1539.29      2.304 0.0000e+00       9.00
     83.000    25.5011   5.650974     82.498    37.1301    24.7993  1025.1556    1539.27      2.210 0.0000e+00      11.00
     84.000    25.4873   5.649277     83.492    37.1285    24.8023  1025.1630    1539.26      1.999 0.0000e+00      12.00
     85.000    25.4699   5.647405     84.486    37.1285    24.8078  1025.1727    1539.23      1.702 0.0000e+00      14.00
     86.000    25.4463   5.644676     85.479    37.1272    24.8141  1025.1833    1539.19      1.465 0.0000e+00      18.00
     87.000    25.4376   5.643928     86.473    37.1285    24.8177  1025.1913    1539.19      1.423 0.0000e+00      16.00
     88.000    25.4430   5.645586     87.467    37.1360    24.8218  1025.1996    1539.23      1.485 0.0000e+00      17.00
     89.000    25.4317   5.644236     88.461    37.1349    24.8244  1025.2066    1539.22      1.471 0.0000e+00      16.00
     90.000    25.4307   5.644192     89.454    37.1351    24.8249  1025.2113    1539.23      1.456 0.0000e+00      17.00
     91.000    25.4317   5.644701     90.448    37.1377    24.8265  1025.2173    1539.25      1.606 0.0000e+00      15.00
     92.000    25.4332   5.645091     91.442    37.1390    24.8271  1025.2221    1539.27      1.846 0.0000e+00      13.00
     93.000    25.4302   5.644886     92.436    37.1397    24.8285  1025.2278    1539.28      1.990 0.0000e+00      12.00
     94.000    25.4231   5.644267     93.429    37.1405    24.8313  1025.2349    1539.29      1.967 0.0000e+00      10.00
     95.000    25.4198   5.644313     94.423    37.1432    24.8344  1025.2423    1539.30      1.754 0.0000e+00      14.00
     96.000    25.4128   5.643480     95.417    37.1425    24.8360  1025.2482    1539.30      1.386 0.0000e+00      18.00
     97.000    25.3885   5.640513     96.410    37.1399    24.8416  1025.2581    1539.25      1.004 0.0000e+00      26.00
     98.000    25.3548   5.636368     97.404    37.1364    24.8494  1025.2702    1539.19      1.130 0.0000e+00      23.00
     99.000    25.3295   5.633197     98.398    37.1332    24.8548  1025.2799    1539.14      1.738 0.0000e+00      13.00
    100.000    25.3246   5.633010     99.391    37.1355    24.8580  1025.2874    1539.15      2.251 0.0000e+00      11.00
    101.000    25.3275   5.634150    100.385    37.1413    24.8615  1025.2952    1539.18      2.601 0.0000e+00       8.00
    102.000    25.3221   5.634042    101.379    37.1445    24.8656  1025.3036    1539.19      2.801 0.0000e+00       8.00
    103.000    25.3171   5.633874    102.372    37.1470    24.8691  1025.3114    1539.19      2.805 0.0000e+00       8.00
    104.000    25.3107   5.633941    103.366    37.1524    24.8751  1025.3217    1539.20      2.642 0.0000e+00       9.00
    105.000    25.2785   5.629421    104.360    37.1449    24.8794  1025.3303    1539.13      2.276 0.0000e+00      10.00
    106.000    25.2381   5.625162    105.353    37.1459    24.8926  1025.3479    1539.05      1.657 0.0000e+00      14.00
    107.000    25.2152   5.622759    106.347    37.1465    24.9001  1025.3597    1539.02      0.919 0.0000e+00      31.00
    108.000    25.1971   5.620382    107.341    37.1433    24.9033  1025.3672    1538.99      1.085 0.0000e+00      21.00
    109.000    25.1543   5.614873    108.334    37.1370    24.9117  1025.3799    1538.89      1.418 0.0000e+00      14.00
    110.000    25.1067   5.610007    109.328    37.1394    24.9281  1025.4007    1538.80      1.467 0.0000e+00      17.00
    111.000    25.0946   5.608450    110.321    37.1374    24.9304  1025.4072    1538.78      1.422 0.0000e+00      18.00
    112.000    25.0618   5.603974    111.315    37.1306    24.9353  1025.4165    1538.72      1.526 0.0000e+00      15.00
    113.000    24.9975   5.596708    112.309    37.1287    24.9537  1025.4392    1538.58      1.868 0.0000e+00      15.00
    114.000    25.0056   5.601296    113.302    37.1561    24.9719  1025.4617    1538.64      2.167 0.0000e+00      10.00
    115.000    24.9254   5.586931    114.296    37.1141    24.9647  1025.4589    1538.42      2.333 0.0000e+00       9.00
    116.000    24.7836   5.569656    115.290    37.1009    24.9980  1025.4967    1538.08      2.296 0.0000e+00      10.00
    117.000    24.6583   5.551729    116.283    37.0690    25.0119  1025.5151    1537.76      2.053 0.0000e+00      12.00
    118.000    24.4696   5.528224    117.277    37.0471    25.0526  1025.5603    1537.30      1.580 0.0000e+00      14.00
    119.000    24.3413   5.512751    118.270    37.0359    25.0829  1025.5950    1536.99      0.952 0.0000e+00      30.00
    120.000    24.2140   5.495891    119.264    37.0131    25.1040  1025.6206    1536.67      1.014 0.0000e+00      24.00
    121.000    24.0652   5.477010    120.257    36.9926    25.1330  1025.6541    1536.30      1.696 0.0000e+00      14.00
    122.000    23.9908   5.466967    121.251    36.9775    25.1438  1025.6693    1536.12      2.155 0.0000e+00      12.00
    123.000    23.8899   5.454226    122.245    36.9637    25.1635  1025.6934    1535.87      2.452 0.0000e+00       9.00
    124.000    23.7734   5.438564    123.238    36.9405    25.1805  1025.7149    1535.57      2.620 0.0000e+00       9.00
    125.000    23.6515   5.423893    124.232    36.9292    25.2081  1025.7469    1535.28      2.638 0.0000e+00       8.00
    126.000    23.4718   5.400515    125.225    36.8991    25.2383  1025.7817    1534.81      2.512 0.0000e+00       9.00
    127.000    23.2890   5.380862    126.219    36.9000    25.2927  1025.8406    1534.37      2.210 0.0000e+00      10.00
    128.000    23.2118   5.374892    127.212    36.9181    25.3290  1025.8814    1534.21      1.688 0.0000e+00      15.00
    129.000    23.1672   5.369438    128.206    36.9129    25.3381  1025.8948    1534.11      0.954 0.0000e+00      28.00
    130.000    23.0055   5.347533    129.200    36.8783    25.3590  1025.9203    1533.68      0.897 0.0000e+00      30.00
    131.000    22.9031   5.334882    130.193    36.8657    25.3791  1025.9449    1533.42      1.574 0.0000e+00      15.00
