dados/ctd/rad1_doei002.cnv
* Sea-Bird SBE 9 Raw Data File:
* FileName = C:\OceanoEI\OEI002.dat
* Software Version Seasave Win32 v1.10
* Temperature SN = 2326
* Conductivity SN = 2149
* Number of Bytes Per Scan = 12
* Number of Voltage Words = 0
* System UpLoad Time = Nov 02 2001 06:29:03
** H-40 
** Navio Oceanografico ANTARES 
** 173a Comissao Oceanografica 
** OCEANO LESTE I 
** Estacao: OEI002
** Latitude: 14 52.8 S
** Longitude: 037 20.1 W
** Data-Hora (DDHHMMZ/MMM/AA): 020626Z/NOV/01
** Profundidade Local (m): 4030
** N/S do CTD: 11282 
** Operador: 1T ALEX URBANCG
# nquan = 11
# nvalues = 2532                        
# units = specified
# name 0 = prDM: Pressure, Digiquartz [db]
# name 1 = t068C: Temperature [ITS-68, deg C]
# name 2 = c0S/m: Conductivity [S/m]
# name 3 = depSM: Depth [salt water, m], lat = -15
# name 4 = sal00: Salinity [PSU]
# name 5 = sigma-t00: Density [sigma-t, Kg/m^3 ]
# name 6 = density00: Density [density, Kg/m^3]
# name 7 = svCM: Sound Velocity [Chen-Millero, m/s]
# name 8 = dz/dtM: Descent Rate [m/s], WS = 2
# name 9 = flag: flag
# name 10 = nbin: number of scans per bin
# span 0 =      2.000,   2533.000       
# span 1 =     3.2777,    26.2755       
# span 2 =   3.242732,   5.737086       
# span 3 =      1.988,   2503.094       
# span 4 =    34.4198,    37.1903       
# span 5 =    24.5791,    27.8415       
# span 6 =  1024.5888,  1039.3672       
# span 7 =    1478.99,    1539.97       
# span 8 =      0.022,      3.458       
# span 9 = 0.0000e+00, 0.0000e+00       
# span 10 =       6.00,     326.00      
# interval = decibars: 1                
# start_time = Nov 02 2001 06:29:03
# bad_flag = -9.990e-29
*END*
[from data line 2230]
   2232.000     3.5116   3.306620   2207.195    34.9899    27.8281  1038.0038    1501.60      1.322 0.0000e+00      21.00
   2233.000     3.5115   3.306655   2208.179    34.9899    27.8281  1038.0082    1501.62      1.032 0.0000e+00      25.00
   2234.000     3.5114   3.306712   2209.163    34.9902    27.8284  1038.0129    1501.63      1.651 0.0000e+00      14.00
   2235.000     3.5116   3.306774   2210.147    34.9903    27.8284  1038.0174    1501.65      1.823 0.0000e+00      12.00
   2236.000     3.5113   3.306784   2211.130    34.9903    27.8284  1038.0219    1501.67      1.638 0.0000e+00      14.00
   2237.000     3.5104   3.306741   2212.114    34.9902    27.8285  1038.0264    1501.68      1.087 0.0000e+00      25.00
   2238.000     3.5084   3.306603   2213.098    34.9903    27.8287  1038.0312    1501.69      1.045 0.0000e+00      26.00
   2239.000     3.5048   3.306296   2214.081    34.9900    27.8288  1038.0360    1501.69      1.684 0.0000e+00      12.00
   2240.000     3.5023   3.306118   2215.065    34.9900    27.8291  1038.0408    1501.70      1.821 0.0000e+00      13.00
   2241.000     3.5009   3.306011   2216.049    34.9897    27.8290  1038.0453    1501.71      1.556 0.0000e+00      14.00
   2242.000     3.5005   3.305996   2217.032    34.9895    27.8289  1038.0497    1501.72      0.812 0.0000e+00      44.00
   2243.000     3.5005   3.306084   2218.016    34.9901    27.8294  1038.0546    1501.74      1.423 0.0000e+00      15.00
   2244.000     3.5001   3.306042   2218.999    34.9896    27.8290  1038.0587    1501.75      1.966 0.0000e+00      12.00
   2245.000     3.4972   3.305812   2219.983    34.9894    27.8291  1038.0634    1501.76      2.193 0.0000e+00      10.00
   2246.000     3.4960   3.305758   2220.967    34.9896    27.8294  1038.0682    1501.77      2.225 0.0000e+00      10.00
   2247.000     3.4953   3.305739   2221.951    34.9896    27.8295  1038.0727    1501.78      2.089 0.0000e+00      12.00
   2248.000     3.4944   3.305667   2222.934    34.9892    27.8293  1038.0771    1501.80      1.783 0.0000e+00      13.00
   2249.000     3.4941   3.305681   2223.918    34.9893    27.8293  1038.0816    1501.81      1.325 0.0000e+00      18.00
   2250.000     3.4942   3.305722   2224.902    34.9892    27.8293  1038.0860    1501.83      1.182 0.0000e+00      23.00
   2251.000     3.4942   3.305784   2225.885    34.9894    27.8294  1038.0906    1501.85      1.543 0.0000e+00      14.00
   2252.000     3.4941   3.305820   2226.869    34.9895    27.8295  1038.0951    1501.86      1.786 0.0000e+00      13.00
   2253.000     3.4940   3.305846   2227.853    34.9894    27.8295  1038.0995    1501.88      1.832 0.0000e+00      12.00
   2254.000     3.4941   3.305892   2228.836    34.9894    27.8295  1038.1040    1501.90      1.654 0.0000e+00      13.00
   2255.000     3.4943   3.305941   2229.820    34.9893    27.8293  1038.1083    1501.92      1.209 0.0000e+00      20.00
   2256.000     3.4944   3.305982   2230.804    34.9892    27.8293  1038.1127    1501.93      0.902 0.0000e+00      31.00
   2257.000     3.4948   3.306081   2231.787    34.9896    27.8295  1038.1173    1501.95      1.537 0.0000e+00      14.00
   2258.000     3.4950   3.306139   2232.771    34.9895    27.8294  1038.1217    1501.97      1.766 0.0000e+00      13.00
   2259.000     3.4948   3.306161   2233.754    34.9895    27.8294  1038.1262    1501.98      1.628 0.0000e+00      14.00
   2260.000     3.4949   3.306195   2234.738    34.9893    27.8293  1038.1305    1502.00      1.216 0.0000e+00      19.00
   2261.000     3.4882   3.305582   2235.722    34.9886    27.8294  1038.1354    1501.99      1.080 0.0000e+00      24.00
   2262.000     3.4854   3.305404   2236.705    34.9891    27.8300  1038.1406    1502.00      1.518 0.0000e+00      15.00
   2263.000     3.4847   3.305395   2237.689    34.9893    27.8302  1038.1453    1502.01      1.820 0.0000e+00      13.00
   2264.000     3.4844   3.305395   2238.673    34.9891    27.8302  1038.1497    1502.02      1.940 0.0000e+00      12.00
   2265.000     3.4842   3.305428   2239.656    34.9892    27.8303  1038.1543    1502.04      1.900 0.0000e+00      12.00
   2266.000     3.4841   3.305457   2240.639    34.9892    27.8303  1038.1587    1502.06      1.661 0.0000e+00      14.00
   2267.000     3.4842   3.305489   2241.623    34.9890    27.8301  1038.1630    1502.07      1.071 0.0000e+00      24.00
   2268.000     3.4846   3.305551   2242.606    34.9889    27.8300  1038.1673    1502.09      0.778 0.0000e+00      33.00
   2269.000     3.4843   3.305586   2243.590    34.9891    27.8301  1038.1719    1502.11      1.665 0.0000e+00      14.00
   2270.000     3.4844   3.305651   2244.574    34.9893    27.8303  1038.1765    1502.12      2.023 0.0000e+00      12.00
   2271.000     3.4844   3.305693   2245.557    34.9893    27.8303  1038.1810    1502.14      2.160 0.0000e+00      10.00
   2272.000     3.4843   3.305726   2246.541    34.9893    27.8303  1038.1855    1502.16      2.132 0.0000e+00      11.00
   2273.000     3.4844   3.305760   2247.524    34.9892    27.8302  1038.1898    1502.18      1.948 0.0000e+00      12.00
   2274.000     3.4837   3.305709   2248.508    34.9888    27.8300  1038.1941    1502.19      1.590 0.0000e+00      15.00
   2275.000     3.4815   3.305537   2249.492    34.9887    27.8301  1038.1988    1502.20      1.173 0.0000e+00      23.00
   2276.000     3.4805   3.305508   2250.475    34.9889    27.8304  1038.2035    1502.21      1.316 0.0000e+00      19.00
   2277.000     3.4803   3.305509   2251.459    34.9886    27.8302  1038.2078    1502.23      1.623 0.0000e+00      14.00
   2278.000     3.4795   3.305493   2252.442    34.9889    27.8304  1038.2125    1502.24      1.557 0.0000e+00      14.00
   2279.000     3.4792   3.305471   2253.425    34.9885    27.8302  1038.2167    1502.26      0.812 0.0000e+00      44.00
   2280.000     3.4777   3.305387   2254.409    34.9886    27.8304  1038.2215    1502.26      1.362 0.0000e+00      18.00
   2281.000     3.4775   3.305431   2255.393    34.9889    27.8307  1038.2262    1502.28      2.061 0.0000e+00      11.00
   2282.000     3.4782   3.305552   2256.376    34.9890    27.8307  1038.2306    1502.30      2.359 0.0000e+00       9.00
   2283.000     3.4786   3.305612   2257.360    34.9889    27.8306  1038.2350    1502.32      2.432 0.0000e+00       9.00
   2284.000     3.4781   3.305587   2258.343    34.9887    27.8304  1038.2393    1502.34      2.378 0.0000e+00      10.00
   2285.000     3.4774   3.305562   2259.327    34.9886    27.8305  1038.2438    1502.35      2.212 0.0000e+00      11.00
   2286.000     3.4775   3.305610   2260.310    34.9886    27.8305  1038.2482    1502.36      1.891 0.0000e+00      13.00
   2287.000     3.4772   3.305600   2261.294    34.9883    27.8302  1038.2525    1502.38      1.319 0.0000e+00      17.00
   2288.000     3.4774   3.305644   2262.277    34.9882    27.8301  1038.2569    1502.40      0.556 0.0000e+00      50.00
   2289.000     3.4770   3.305683   2263.261    34.9885    27.8304  1038.2616    1502.41      1.320 0.0000e+00      17.00
   2290.000     3.4767   3.305687   2264.244    34.9885    27.8304  1038.2661    1502.43      1.752 0.0000e+00      13.00
   2291.000     3.4742   3.305420   2265.227    34.9875    27.8299  1038.2701    1502.43      2.016 0.0000e+00      13.00
   2292.000     3.4693   3.305100   2266.211    34.9884    27.8311  1038.2760    1502.43      2.187 0.0000e+00      10.00
   2293.000     3.4677   3.304971   2267.194    34.9881    27.8310  1038.2804    1502.44      2.230 0.0000e+00      11.00
   2294.000     3.4657   3.304807   2268.178    34.9878    27.8310  1038.2850    1502.45      2.142 0.0000e+00      11.00
   2295.000     3.4645   3.304757   2269.161    34.9880    27.8312  1038.2897    1502.46      1.893 0.0000e+00      11.00
   2296.000     3.4640   3.304720   2270.145    34.9876    27.8310  1038.2940    1502.47      1.405 0.0000e+00      17.00
   2297.000     3.4624   3.304604   2271.128    34.9874    27.8310  1038.2985    1502.49      0.719 0.0000e+00      40.00
   2298.000     3.4613   3.304563   2272.112    34.9877    27.8313  1038.3034    1502.50      1.499 0.0000e+00      15.00
   2299.000     3.4611   3.304587   2273.095    34.9877    27.8313  1038.3078    1502.51      1.881 0.0000e+00      12.00
   2300.000     3.4616   3.304678   2274.079    34.9878    27.8314  1038.3123    1502.53      1.956 0.0000e+00      12.00
   2301.000     3.4618   3.304708   2275.062    34.9874    27.8311  1038.3164    1502.55      1.838 0.0000e+00      14.00
   2302.000     3.4605   3.304626   2276.045    34.9873    27.8311  1038.3210    1502.56      1.546 0.0000e+00      14.00
   2303.000     3.4592   3.304537   2277.029    34.9873    27.8312  1038.3256    1502.57      1.124 0.0000e+00      25.00
   2304.000     3.4581   3.304473   2278.012    34.9872    27.8312  1038.3302    1502.58      1.093 0.0000e+00      21.00
   2305.000     3.4554   3.304295   2278.995    34.9874    27.8317  1038.3352    1502.59      1.367 0.0000e+00      16.00
   2306.000     3.4575   3.304524   2279.979    34.9875    27.8315  1038.3393    1502.62      1.517 0.0000e+00      17.00
   2307.000     3.4562   3.304425   2280.963    34.9872    27.8314  1038.3438    1502.63      1.648 0.0000e+00      15.00
   2308.000     3.4543   3.304284   2281.946    34.9871    27.8315  1038.3484    1502.64      1.747 0.0000e+00      13.00
   2309.000     3.4523   3.304155   2282.929    34.9872    27.8318  1038.3533    1502.64      1.706 0.0000e+00      14.00
   2310.000     3.4513   3.304097   2283.913    34.9871    27.8318  1038.3578    1502.66      1.530 0.0000e+00      14.00
   2311.000     3.4471   3.303728   2284.896    34.9867    27.8319  1038.3626    1502.66      1.299 0.0000e+00      19.00
   2312.000     3.4427   3.303397   2285.879    34.9869    27.8326  1038.3679    1502.65      1.204 0.0000e+00      23.00
   2313.000     3.4414   3.303319   2286.863    34.9869    27.8326  1038.3725    1502.67      1.346 0.0000e+00      17.00
   2314.000     3.4401   3.303232   2287.846    34.9867    27.8326  1038.3770    1502.68      1.514 0.0000e+00      15.00
   2315.000     3.4397   3.303233   2288.829    34.9868    27.8327  1038.3816    1502.69      1.557 0.0000e+00      15.00
   2316.000     3.4391   3.303207   2289.813    34.9866    27.8326  1038.3859    1502.71      1.492 0.0000e+00      15.00
   2317.000     3.4387   3.303212   2290.796    34.9866    27.8327  1038.3905    1502.72      1.370 0.0000e+00      19.00
   2318.000     3.4387   3.303245   2291.780    34.9865    27.8326  1038.3948    1502.74      1.365 0.0000e+00      16.00
   2319.000     3.4377   3.303181   2292.763    34.9864    27.8326  1038.3994    1502.75      1.553 0.0000e+00      17.00
   2320.000     3.4357   3.303049   2293.746    34.9864    27.8328  1038.4041    1502.76      1.690 0.0000e+00      13.00
   2321.000     3.4342   3.302925   2294.730    34.9860    27.8327  1038.4085    1502.77      1.657 0.0000e+00      14.00
   2322.000     3.4332   3.302881   2295.713    34.9862    27.8329  1038.4133    1502.78      1.344 0.0000e+00      18.00
   2323.000     3.4325   3.302847   2296.696    34.9860    27.8328  1038.4176    1502.80      0.945 0.0000e+00      30.00
   2324.000     3.4322   3.302884   2297.680    34.9863    27.8330  1038.4223    1502.81      1.406 0.0000e+00      17.00
   2325.000     3.4322   3.302933   2298.663    34.9864    27.8332  1038.4269    1502.83      1.794 0.0000e+00      12.00
   2326.000     3.4320   3.302950   2299.646    34.9863    27.8331  1038.4313    1502.84      1.860 0.0000e+00      12.00
   2327.000     3.4322   3.302999   2300.629    34.9863    27.8330  1038.4357    1502.86      1.646 0.0000e+00      14.00
   2328.000     3.4320   3.303009   2301.613    34.9861    27.8330  1038.4400    1502.88      1.251 0.0000e+00      21.00
   2329.000     3.4317   3.303033   2302.596    34.9863    27.8331  1038.4446    1502.89      1.316 0.0000e+00      19.00
   2330.000     3.4302   3.302936   2303.579    34.9863    27.8332  1038.4493    1502.91      1.811 0.0000e+00      13.00
   2331.000     3.4282   3.302810   2304.563    34.9864    27.8336  1038.4542    1502.91      2.083 0.0000e+00      12.00
   2332.000     3.4280   3.302832   2305.546    34.9864    27.8335  1038.4586    1502.93      2.112 0.0000e+00      10.00
   2333.000     3.4295   3.303017   2306.529    34.9865    27.8335  1038.4630    1502.95      1.864 0.0000e+00      11.00
   2334.000     3.4298   3.303038   2307.513    34.9861    27.8331  1038.4670    1502.97      0.868 0.0000e+00      54.00
   2335.000     3.4304   3.303175   2308.496    34.9865    27.8334  1038.4717    1502.99      1.450 0.0000e+00      14.00
   2336.000     3.4299   3.303128   2309.479    34.9861    27.8331  1038.4759    1503.00      1.908 0.0000e+00      13.00
   2337.000     3.4271   3.302925   2310.462    34.9861    27.8334  1038.4808    1503.01      1.981 0.0000e+00      11.00
   2338.000     3.4261   3.302867   2311.445    34.9861    27.8335  1038.4853    1503.02      1.887 0.0000e+00      14.00
   2339.000     3.4248   3.302774   2312.429    34.9859    27.8335  1038.4898    1503.03      1.803 0.0000e+00      13.00
   2340.000     3.4234   3.302692   2313.412    34.9858    27.8336  1038.4945    1503.04      1.791 0.0000e+00      14.00
   2341.000     3.4226   3.302677   2314.395    34.9860    27.8338  1038.4992    1503.06      1.848 0.0000e+00      13.00
   2342.000     3.4219   3.302634   2315.378    34.9858    27.8337  1038.5036    1503.07      1.836 0.0000e+00      14.00
   2343.000     3.4212   3.302602   2316.362    34.9857    27.8336  1038.5080    1503.09      1.663 0.0000e+00      12.00
   2344.000     3.4204   3.302567   2317.345    34.9856    27.8337  1038.5125    1503.10      1.232 0.0000e+00      21.00
   2345.000     3.4196   3.302523   2318.328    34.9855    27.8337  1038.5170    1503.11      0.880 0.0000e+00      32.00
   2346.000     3.4190   3.302528   2319.312    34.9857    27.8339  1038.5217    1503.13      1.297 0.0000e+00      16.00
   2347.000     3.4191   3.302576   2320.294    34.9857    27.8339  1038.5262    1503.14      1.602 0.0000e+00      16.00
   2348.000     3.4193   3.302624   2321.278    34.9857    27.8338  1038.5305    1503.16      1.748 0.0000e+00      13.00
   2349.000     3.4190   3.302644   2322.261    34.9857    27.8339  1038.5350    1503.18      1.836 0.0000e+00      13.00
   2350.000     3.4177   3.302541   2323.244    34.9855    27.8338  1038.5395    1503.19      1.847 0.0000e+00      12.00
   2351.000     3.4164   3.302477   2324.227    34.9855    27.8340  1038.5442    1503.20      1.710 0.0000e+00      14.00
   2352.000     3.4160   3.302456   2325.211    34.9853    27.8338  1038.5485    1503.21      1.298 0.0000e+00      19.00
   2353.000     3.4138   3.302303   2326.194    34.9853    27.8341  1038.5533    1503.22      0.770 0.0000e+00      37.00
   2354.000     3.4135   3.302342   2327.177    34.9856    27.8343  1038.5580    1503.24      1.579 0.0000e+00      13.00
   2355.000     3.4138   3.302410   2328.160    34.9857    27.8344  1038.5625    1503.26      2.018 0.0000e+00      11.00
   2356.000     3.4137   3.302426   2329.143    34.9855    27.8342  1038.5668    1503.27      2.147 0.0000e+00      11.00
   2357.000     3.4129   3.302397   2330.127    34.9855    27.8343  1038.5714    1503.29      2.060 0.0000e+00      10.00
   2358.000     3.4121   3.302339   2331.110    34.9852    27.8342  1038.5757    1503.30      1.700 0.0000e+00      14.00
   2359.000     3.4121   3.302368   2332.093    34.9851    27.8341  1038.5801    1503.32      0.764 0.0000e+00      50.00
   2360.000     3.4118   3.302418   2333.076    34.9856    27.8345  1038.5849    1503.33      1.663 0.0000e+00      14.00
   2361.000     3.4113   3.302426   2334.059    34.9857    27.8347  1038.5895    1503.35      2.292 0.0000e+00      10.00
