dados/ctd/rad1_doei004.cnv
* Sea-Bird SBE 9 Raw Data File:
* FileName = C:\OceanoEI\OEI004.dat
* Software Version Seasave Win32 v1.10
* Temperature SN = 2326
* Conductivity SN = 2149
* Number of Bytes Per Scan = 12
* Number of Voltage Words = 0
* System UpLoad Time = Nov 02 2001 18:40:30
** H-40 
** Navio Oceanografico ANTARES 
** 173a Comissao Oceanografica 
** OCEANO LESTE I 
** Estacao: OEI004
** Latitude: 13 42.0 S
** Longitude: 036 30.4 W
** Data-Hora (DDHHMMZ/MMM/AA): 021838Z/NOV/01
** Profundidade Local (m): 42456
** N/S do CTD: 11282 
** Operador: 1T ALEX URBANCG
# nquan = 11
# nvalues = 2542                        
# units = specified
# name 0 = prDM: Pressure, Digiquartz [db]
# name 1 = t068C: Temperature [ITS-68, deg C]
# name 2 = c0S/m: Conductivity [S/m]
# name 3 = depSM: Depth [salt water, m], lat = -15
# name 4 = sal00: Salinity [PSU]
# name 5 = sigma-t00: Density [sigma-t, Kg/m^3 ]
# name 6 = density00: Density [density, Kg/m^3]
# name 7 = svCM: Sound Velocity [Chen-Millero, m/s]
# name 8 = dz/dtM: Descent Rate [m/s], WS = 2
# name 9 = flag: flag
# name 10 = nbin: number of scans per bin
# span 0 =      2.000,   2543.000       
# span 1 =     3.2762,    26.6196       
# span 2 =   3.246126,   5.763318       
# span 3 =      1.988,   2512.918       
# span 4 =    34.4291,    37.2387       
# span 5 =    24.4052,    27.8436       
# span 6 =  1024.4180,  1039.4132       
# span 7 =    1479.31,    1540.47       
# span 8 =     -0.083,      3.165       
# span 9 = 0.0000e+00, 0.0000e+00       
# span 10 =       5.00,     245.00      
# interval = decibars: 1                
# start_time = Nov 02 2001 18:40:30
# bad_flag = -9.990e-29
*END*
[from data line 525]
    527.000     5.9966   3.416662    523.253    34.5128    27.1683  1029.5856    1482.77      1.076 0.0000e+00      26.00
    528.000     5.9774   3.414833    524.245    34.5113    27.1695  1029.5916    1482.71      0.884 0.0000e+00      28.00
    529.000     5.9549   3.412540    525.236    34.5079    27.1697  1029.5966    1482.63      1.224 0.0000e+00      17.00
    530.000     5.9270   3.409810    526.228    34.5050    27.1709  1029.6027    1482.53      1.652 0.0000e+00      16.00
    531.000     5.9073   3.408068    527.220    34.5048    27.1733  1029.6099    1482.47      1.993 0.0000e+00      12.00
    532.000     5.8862   3.405937    528.211    34.5018    27.1735  1029.6150    1482.39      2.253 0.0000e+00      10.00
    533.000     5.8667   3.404237    529.203    34.5019    27.1761  1029.6224    1482.33      2.398 0.0000e+00       9.00
    534.000     5.8634   3.404166    530.194    34.5040    27.1782  1029.6290    1482.34      2.421 0.0000e+00      10.00
    535.000     5.8635   3.404177    531.186    34.5035    27.1777  1029.6332    1482.36      2.295 0.0000e+00      11.00
    536.000     5.8767   3.406235    532.178    34.5128    27.1834  1029.6432    1482.44      2.006 0.0000e+00      11.00
    537.000     5.8992   3.408535    533.169    34.5153    27.1826  1029.6466    1482.55      1.486 0.0000e+00      16.00
    538.000     5.8850   3.407165    534.161    34.5139    27.1833  1029.6521    1482.50      0.813 0.0000e+00      38.00
    539.000     5.8834   3.407068    535.152    34.5139    27.1835  1029.6569    1482.51      1.229 0.0000e+00      20.00
    540.000     5.8751   3.406171    536.144    34.5117    27.1828  1029.6608    1482.50      1.886 0.0000e+00      12.00
    541.000     5.8434   3.402938    537.135    34.5070    27.1831  1029.6661    1482.38      2.197 0.0000e+00      11.00
    542.000     5.8137   3.400373    538.127    34.5077    27.1873  1029.6753    1482.28      2.299 0.0000e+00       9.00
    543.000     5.8045   3.399530    539.119    34.5071    27.1880  1029.6806    1482.26      2.181 0.0000e+00      11.00
    544.000     5.7858   3.397677    540.110    34.5047    27.1884  1029.6858    1482.20      1.883 0.0000e+00      13.00
    545.000     5.7674   3.396087    541.102    34.5050    27.1909  1029.6931    1482.14      1.467 0.0000e+00      18.00
    546.000     5.7555   3.395062    542.093    34.5050    27.1924  1029.6994    1482.11      1.275 0.0000e+00      19.00
    547.000     5.7501   3.394607    543.085    34.5049    27.1930  1029.7045    1482.10      1.442 0.0000e+00      16.00
    548.000     5.7358   3.393248    544.077    34.5035    27.1937  1029.7100    1482.06      1.664 0.0000e+00      14.00
    549.000     5.7232   3.391989    545.068    34.5016    27.1937  1029.7148    1482.02      1.808 0.0000e+00      15.00
    550.000     5.7032   3.390118    546.059    34.5003    27.1952  1029.7211    1481.96      1.858 0.0000e+00      11.00
    551.000     5.6781   3.387554    547.051    34.4964    27.1952  1029.7260    1481.87      1.819 0.0000e+00      14.00
    552.000     5.6484   3.384757    548.043    34.4944    27.1973  1029.7330    1481.77      1.717 0.0000e+00      14.00
    553.000     5.6254   3.382677    549.034    34.4938    27.1996  1029.7402    1481.69      1.555 0.0000e+00      15.00
    554.000     5.6029   3.380499    550.026    34.4915    27.2005  1029.7460    1481.61      1.339 0.0000e+00      18.00
    555.000     5.5828   3.378654    551.017    34.4906    27.2023  1029.7525    1481.55      1.181 0.0000e+00      21.00
    556.000     5.5765   3.378056    552.008    34.4897    27.2023  1029.7573    1481.54      1.322 0.0000e+00      20.00
    557.000     5.5711   3.377508    553.000    34.4885    27.2021  1029.7616    1481.53      1.550 0.0000e+00      15.00
    558.000     5.5579   3.376195    553.992    34.4866    27.2021  1029.7664    1481.49      1.681 0.0000e+00      12.00
    559.000     5.5466   3.375218    554.983    34.4865    27.2035  1029.7725    1481.46      1.722 0.0000e+00      14.00
    560.000     5.5368   3.374321    555.974    34.4858    27.2041  1029.7779    1481.44      1.713 0.0000e+00      14.00
    561.000     5.5254   3.373256    556.966    34.4849    27.2048  1029.7832    1481.41      1.682 0.0000e+00      14.00
    562.000     5.5155   3.372477    557.957    34.4856    27.2066  1029.7897    1481.38      1.648 0.0000e+00      16.00
    563.000     5.5118   3.372196    558.949    34.4857    27.2071  1029.7948    1481.39      1.627 0.0000e+00      14.00
    564.000     5.5054   3.371608    559.940    34.4851    27.2073  1029.7997    1481.38      1.626 0.0000e+00      13.00
    565.000     5.4932   3.370521    560.932    34.4846    27.2085  1029.8056    1481.34      1.608 0.0000e+00      16.00
    566.000     5.4792   3.369367    561.923    34.4853    27.2107  1029.8126    1481.30      1.570 0.0000e+00      14.00
    567.000     5.4722   3.368787    562.915    34.4853    27.2115  1029.8181    1481.29      1.554 0.0000e+00      17.00
    568.000     5.4575   3.367400    563.906    34.4841    27.2124  1029.8237    1481.25      1.638 0.0000e+00      14.00
    569.000     5.4481   3.366540    564.898    34.4834    27.2130  1029.8290    1481.22      1.797 0.0000e+00      13.00
    570.000     5.4399   3.365768    565.889    34.4825    27.2132  1029.8339    1481.21      1.931 0.0000e+00      12.00
    571.000     5.4348   3.365334    566.881    34.4822    27.2136  1029.8390    1481.20      1.972 0.0000e+00      12.00
    572.000     5.4301   3.364899    567.872    34.4816    27.2137  1029.8436    1481.20      1.910 0.0000e+00      13.00
    573.000     5.4265   3.364605    568.863    34.4814    27.2140  1029.8486    1481.20      1.758 0.0000e+00      13.00
    574.000     5.4246   3.364466    569.855    34.4813    27.2141  1029.8532    1481.21      1.522 0.0000e+00      16.00
    575.000     5.4245   3.364469    570.846    34.4809    27.2138  1029.8576    1481.23      1.199 0.0000e+00      21.00
    576.000     5.4234   3.364388    571.838    34.4806    27.2137  1029.8621    1481.24      0.888 0.0000e+00      29.00
    577.000     5.4221   3.364298    572.829    34.4804    27.2137  1029.8666    1481.25      1.132 0.0000e+00      23.00
    578.000     5.4190   3.364006    573.820    34.4797    27.2135  1029.8711    1481.25      1.653 0.0000e+00      14.00
    579.000     5.4145   3.363621    574.812    34.4795    27.2139  1029.8761    1481.25      2.032 0.0000e+00      12.00
    580.000     5.3999   3.362084    575.803    34.4764    27.2132  1029.8802    1481.20      2.269 0.0000e+00      10.00
    581.000     5.3780   3.360609    576.794    34.4815    27.2198  1029.8916    1481.14      2.344 0.0000e+00       9.00
    582.000     5.3789   3.360799    577.786    34.4822    27.2203  1029.8966    1481.16      2.243 0.0000e+00      11.00
    583.000     5.3831   3.361267    578.777    34.4828    27.2202  1029.9011    1481.19      1.943 0.0000e+00      12.00
    584.000     5.3789   3.360904    579.769    34.4824    27.2205  1029.9060    1481.19      1.434 0.0000e+00      17.00
    585.000     5.3826   3.361419    580.760    34.4839    27.2212  1029.9112    1481.23      1.081 0.0000e+00      27.00
    586.000     5.3734   3.360442    581.751    34.4818    27.2207  1029.9154    1481.20      1.523 0.0000e+00      15.00
    587.000     5.3597   3.359052    582.743    34.4794    27.2204  1029.9199    1481.16      1.998 0.0000e+00      12.00
    588.000     5.3477   3.357942    583.734    34.4785    27.2211  1029.9254    1481.13      2.285 0.0000e+00       9.00
    589.000     5.3390   3.357179    584.725    34.4782    27.2219  1029.9308    1481.11      2.375 0.0000e+00      10.00
    590.000     5.3266   3.355903    585.716    34.4758    27.2215  1029.9351    1481.07      2.279 0.0000e+00      11.00
    591.000     5.3078   3.354232    586.708    34.4755    27.2235  1029.9419    1481.01      2.006 0.0000e+00      11.00
    592.000     5.2973   3.353379    587.699    34.4760    27.2251  1029.9483    1480.99      1.539 0.0000e+00      17.00
    593.000     5.2911   3.352836    588.690    34.4756    27.2256  1029.9534    1480.98      1.014 0.0000e+00      27.00
    594.000     5.2866   3.352453    589.682    34.4753    27.2258  1029.9583    1480.97      0.902 0.0000e+00      26.00
    595.000     5.2868   3.352504    590.673    34.4752    27.2258  1029.9628    1480.99      1.229 0.0000e+00      21.00
    596.000     5.2830   3.352204    591.665    34.4751    27.2261  1029.9678    1480.99      1.629 0.0000e+00      14.00
    597.000     5.2779   3.351820    592.656    34.4755    27.2271  1029.9734    1480.99      1.984 0.0000e+00      12.00
    598.000     5.2763   3.351710    593.647    34.4754    27.2271  1029.9780    1481.00      2.222 0.0000e+00      11.00
    599.000     5.2699   3.351002    594.638    34.4734    27.2263  1029.9819    1480.99      2.337 0.0000e+00       9.00
    600.000     5.2627   3.350412    595.630    34.4734    27.2272  1029.9874    1480.98      2.295 0.0000e+00      10.00
    601.000     5.2497   3.349014    596.621    34.4703    27.2262  1029.9913    1480.94      2.069 0.0000e+00      12.00
    602.000     5.2267   3.347168    597.612    34.4723    27.2305  1030.0005    1480.86      1.626 0.0000e+00      13.00
    603.000     5.2269   3.347363    598.603    34.4737    27.2317  1030.0061    1480.88      1.035 0.0000e+00      28.00
    604.000     5.2211   3.346930    599.595    34.4743    27.2328  1030.0119    1480.87      1.079 0.0000e+00      22.00
    605.000     5.2209   3.346935    600.586    34.4740    27.2326  1030.0163    1480.89      1.497 0.0000e+00      16.00
    606.000     5.2142   3.346322    601.578    34.4734    27.2329  1030.0212    1480.88      1.814 0.0000e+00      13.00
    607.000     5.2099   3.346045    602.569    34.4740    27.2339  1030.0269    1480.88      2.061 0.0000e+00      12.00
    608.000     5.2088   3.346209    603.560    34.4766    27.2361  1030.0336    1480.89      2.239 0.0000e+00      10.00
    609.000     5.2082   3.346189    604.551    34.4765    27.2361  1030.0382    1480.91      2.323 0.0000e+00       9.00
    610.000     5.2071   3.346099    605.542    34.4761    27.2359  1030.0426    1480.92      2.336 0.0000e+00      11.00
    611.000     5.2059   3.346042    606.533    34.4762    27.2361  1030.0474    1480.93      2.219 0.0000e+00      10.00
    612.000     5.2043   3.345907    607.525    34.4757    27.2359  1030.0518    1480.94      1.953 0.0000e+00      12.00
    613.000     5.2024   3.345752    608.516    34.4754    27.2359  1030.0564    1480.95      1.435 0.0000e+00      17.00
    614.000     5.1995   3.345495    609.507    34.4750    27.2359  1030.0610    1480.95      0.760 0.0000e+00      38.00
    615.000     5.1934   3.344934    610.498    34.4743    27.2361  1030.0659    1480.94      1.056 0.0000e+00      23.00
    616.000     5.1893   3.344624    611.490    34.4744    27.2366  1030.0710    1480.94      1.672 0.0000e+00      15.00
    617.000     5.1884   3.344556    612.481    34.4741    27.2365  1030.0755    1480.95      2.056 0.0000e+00      11.00
    618.000     5.1779   3.343342    613.472    34.4703    27.2347  1030.0785    1480.92      2.293 0.0000e+00      10.00
    619.000     5.1565   3.341368    614.463    34.4692    27.2363  1030.0850    1480.85      2.356 0.0000e+00      10.00
    620.000     5.1251   3.338175    615.454    34.4643    27.2362  1030.0899    1480.74      2.280 0.0000e+00      11.00
    621.000     5.0871   3.334419    616.446    34.4597    27.2369  1030.0958    1480.59      2.068 0.0000e+00      11.00
    622.000     5.0427   3.330572    617.437    34.4605    27.2428  1030.1068    1480.43      1.751 0.0000e+00      14.00
    623.000     5.0335   3.329897    618.428    34.4617    27.2448  1030.1135    1480.41      1.408 0.0000e+00      18.00
    624.000     5.0267   3.329267    619.419    34.4610    27.2449  1030.1184    1480.40      1.249 0.0000e+00      20.00
    625.000     5.0228   3.328898    620.410    34.4602    27.2448  1030.1229    1480.40      1.325 0.0000e+00      18.00
    626.000     5.0183   3.328511    621.401    34.4599    27.2451  1030.1278    1480.39      1.419 0.0000e+00      16.00
    627.000     5.0129   3.328016    622.393    34.4592    27.2451  1030.1325    1480.39      1.447 0.0000e+00      17.00
    628.000     5.0064   3.327415    623.384    34.4585    27.2453  1030.1374    1480.38      1.551 0.0000e+00      16.00
    629.000     4.9992   3.326711    624.375    34.4573    27.2452  1030.1420    1480.36      1.825 0.0000e+00      14.00
    630.000     4.9890   3.325864    625.366    34.4575    27.2465  1030.1480    1480.34      2.118 0.0000e+00      11.00
    631.000     4.9805   3.325074    626.357    34.4566    27.2468  1030.1530    1480.32      2.326 0.0000e+00       9.00
    632.000     4.9723   3.324328    627.348    34.4560    27.2473  1030.1582    1480.30      2.421 0.0000e+00      10.00
    633.000     4.9629   3.323483    628.339    34.4554    27.2479  1030.1634    1480.28      2.355 0.0000e+00      10.00
    634.000     4.9559   3.322862    629.331    34.4549    27.2483  1030.1686    1480.27      2.097 0.0000e+00      11.00
    635.000     4.9506   3.322375    630.322    34.4543    27.2484  1030.1734    1480.26      1.534 0.0000e+00      15.00
    636.000     4.9450   3.321858    631.313    34.4536    27.2485  1030.1781    1480.25      0.629 0.0000e+00      50.00
    637.000     4.9447   3.321846    632.304    34.4533    27.2483  1030.1825    1480.27      1.317 0.0000e+00      18.00
    638.000     4.9441   3.321810    633.295    34.4529    27.2481  1030.1869    1480.28      1.878 0.0000e+00      13.00
    639.000     4.9426   3.321700    634.286    34.4527    27.2481  1030.1914    1480.29      2.132 0.0000e+00      10.00
    640.000     4.9379   3.321226    635.278    34.4516    27.2477  1030.1957    1480.29      2.211 0.0000e+00      10.00
    641.000     4.9335   3.320877    636.269    34.4516    27.2482  1030.2009    1480.28      2.139 0.0000e+00      12.00
    642.000     4.9283   3.320400    637.259    34.4509    27.2483  1030.2056    1480.28      1.976 0.0000e+00      12.00
    643.000     4.9191   3.319606    638.251    34.4507    27.2492  1030.2112    1480.26      1.790 0.0000e+00      13.00
    644.000     4.9160   3.319411    639.242    34.4512    27.2499  1030.2166    1480.26      1.682 0.0000e+00      15.00
    645.000     4.9140   3.319314    640.233    34.4516    27.2505  1030.2217    1480.27      1.701 0.0000e+00      14.00
    646.000     4.9159   3.319569    641.224    34.4521    27.2506  1030.2264    1480.30      1.790 0.0000e+00      14.00
    647.000     4.9121   3.319240    642.215    34.4517    27.2508  1030.2312    1480.30      1.847 0.0000e+00      12.00
    648.000     4.9178   3.320022    643.206    34.4544    27.2522  1030.2371    1480.34      1.831 0.0000e+00      14.00
    649.000     4.9205   3.320272    644.197    34.4540    27.2516  1030.2410    1480.37      1.700 0.0000e+00      13.00
    650.000     4.9163   3.319930    645.188    34.4538    27.2520  1030.2460    1480.37      1.476 0.0000e+00      18.00
    651.000     4.9087   3.319277    646.179    34.4536    27.2527  1030.2515    1480.35      1.288 0.0000e+00      18.00
    652.000     4.9051   3.319015    647.170    34.4538    27.2532  1030.2566    1480.35      1.298 0.0000e+00      19.00
    653.000     4.9014   3.318721    648.161    34.4537    27.2536  1030.2616    1480.35      1.451 0.0000e+00      17.00
    654.000     4.8986   3.318489    649.152    34.4533    27.2536  1030.2663    1480.36      1.610 0.0000e+00      15.00
    655.000     4.8925   3.317914    650.143    34.4525    27.2537  1030.2710    1480.35      1.713 0.0000e+00      13.00
    656.000     4.8873   3.317485    651.134    34.4524    27.2542  1030.2761    1480.35      1.766 0.0000e+00      13.00
