dados/ctd/rad1_doei010.cnv
* Sea-Bird SBE 9 Raw Data File:
* FileName = C:\OceanoEI\OEI010.dat
* Software Version Seasave Win32 v1.10
* Temperature SN = 2326
* Conductivity SN = 2149
* Number of Bytes Per Scan = 12
* Number of Voltage Words = 0
* System UpLoad Time = Nov 04 2001 04:37:58
** H-40 
** Navio Oceanografico ANTARES 
** 173a Comissao Oceanografica 
** OCEANO LESTE I 
** Estacao: OEI010
** Latitude: 10 19.8 S
** Longitude: 034 18.3 W
** Data-Hora (DDHHMMZ/MMM/AA): 010436Z/NOV/01
** Profundidade Local (m): 4433
** N/S do CTD: 11282 
** Operador: 1T-ALEX URBANCG
# nquan = 11
# nvalues = 2532                        
# units = specified
# name 0 = prDM: Pressure, Digiquartz [db]
# name 1 = t068C: Temperature [ITS-68, deg C]
# name 2 = c0S/m: Conductivity [S/m]
# name 3 = depSM: Depth [salt water, m], lat = -15
# name 4 = sal00: Salinity [PSU]
# name 5 = sigma-t00: Density [sigma-t, Kg/m^3 ]
# name 6 = density00: Density [density, Kg/m^3]
# name 7 = svCM: Sound Velocity [Chen-Millero, m/s]
# name 8 = dz/dtM: Descent Rate [m/s], WS = 2
# name 9 = flag: flag
# name 10 = nbin: number of scans per bin
# span 0 =      3.000,   2534.000       
# span 1 =     3.1980,    26.9144       
# span 2 =   3.255264,   5.753765       
# span 3 =      2.983,   2504.077       
# span 4 =    34.4555,    37.1222       
# span 5 =    23.9750,    27.8472       
# span 6 =  1023.9891,  1039.3815       
# span 7 =    1479.03,    1541.20       
# span 8 =     -0.102,      3.024       
# span 9 = 0.0000e+00, 0.0000e+00       
# span 10 =       1.00,     206.00      
# interval = decibars: 1                
# start_time = Nov 04 2001 04:37:58
# bad_flag = -9.990e-29
*END*
[from data line 1312]
   1315.000     4.2604   3.330083   1303.196    34.9206    27.6955  1033.7259    1489.28      1.105 0.0000e+00      21.00
   1316.000     4.2592   3.330071   1304.184    34.9212    27.6961  1033.7311    1489.30      1.308 0.0000e+00      19.00
   1317.000     4.2609   3.330345   1305.172    34.9221    27.6966  1033.7361    1489.32      1.322 0.0000e+00      18.00
   1318.000     4.2649   3.330966   1306.160    34.9247    27.6983  1033.7421    1489.36      1.142 0.0000e+00      22.00
   1319.000     4.2681   3.331372   1307.148    34.9256    27.6987  1033.7469    1489.39      1.210 0.0000e+00      20.00
   1320.000     4.2630   3.330963   1308.135    34.9257    27.6993  1033.7522    1489.39      1.611 0.0000e+00      15.00
   1321.000     4.2594   3.330665   1309.123    34.9255    27.6995  1033.7571    1489.39      1.929 0.0000e+00      13.00
   1322.000     4.2549   3.330287   1310.111    34.9253    27.6998  1033.7621    1489.38      2.076 0.0000e+00      10.00
   1323.000     4.2516   3.330013   1311.099    34.9251    27.7000  1033.7669    1489.39      2.035 0.0000e+00      11.00
   1324.000     4.2504   3.330001   1312.087    34.9256    27.7006  1033.7720    1489.40      1.814 0.0000e+00      14.00
   1325.000     4.2505   3.330057   1313.075    34.9257    27.7006  1033.7765    1489.42      1.523 0.0000e+00      16.00
   1326.000     4.2496   3.330025   1314.063    34.9258    27.7008  1033.7813    1489.43      1.395 0.0000e+00      18.00
   1327.000     4.2492   3.330030   1315.051    34.9258    27.7008  1033.7858    1489.45      1.466 0.0000e+00      17.00
   1328.000     4.2448   3.329601   1316.039    34.9249    27.7006  1033.7903    1489.44      1.600 0.0000e+00      14.00
   1329.000     4.2356   3.328838   1317.026    34.9251    27.7018  1033.7962    1489.42      1.699 0.0000e+00      14.00
   1330.000     4.2334   3.328723   1318.014    34.9256    27.7024  1033.8015    1489.43      1.761 0.0000e+00      13.00
   1331.000     4.2317   3.328602   1319.002    34.9255    27.7025  1033.8061    1489.44      1.748 0.0000e+00      13.00
   1332.000     4.2289   3.328461   1319.990    34.9262    27.7034  1033.8116    1489.45      1.624 0.0000e+00      15.00
   1333.000     4.2254   3.328246   1320.978    34.9269    27.7043  1033.8172    1489.45      1.296 0.0000e+00      18.00
   1334.000     4.2197   3.327798   1321.966    34.9271    27.7050  1033.8226    1489.44      0.762 0.0000e+00      38.00
   1335.000     4.2167   3.327599   1322.954    34.9275    27.7057  1033.8279    1489.45      1.425 0.0000e+00      18.00
   1336.000     4.2147   3.327479   1323.941    34.9276    27.7060  1033.8328    1489.46      2.123 0.0000e+00      10.00
   1337.000     4.2134   3.327437   1324.929    34.9280    27.7064  1033.8377    1489.47      2.521 0.0000e+00      10.00
   1338.000     4.2110   3.327213   1325.917    34.9275    27.7063  1033.8422    1489.47      2.729 0.0000e+00       8.00
   1339.000     4.2069   3.326907   1326.905    34.9277    27.7069  1033.8475    1489.47      2.711 0.0000e+00       8.00
   1340.000     4.2042   3.326745   1327.893    34.9281    27.7075  1033.8527    1489.48      2.468 0.0000e+00       9.00
   1341.000     4.1996   3.326376   1328.881    34.9281    27.7080  1033.8578    1489.48      1.878 0.0000e+00      13.00
   1342.000     4.1873   3.325346   1329.868    34.9285    27.7096  1033.8643    1489.44      0.708 0.0000e+00      46.00
   1343.000     4.1850   3.325212   1330.856    34.9289    27.7102  1033.8695    1489.45      1.352 0.0000e+00      17.00
   1344.000     4.1838   3.325149   1331.844    34.9288    27.7103  1033.8741    1489.46      1.830 0.0000e+00      13.00
   1345.000     4.1822   3.325032   1332.832    34.9287    27.7103  1033.8788    1489.47      2.081 0.0000e+00      11.00
   1346.000     4.1809   3.324993   1333.820    34.9290    27.7107  1033.8838    1489.48      2.188 0.0000e+00      10.00
   1347.000     4.1825   3.325384   1334.807    34.9315    27.7125  1033.8900    1489.51      2.119 0.0000e+00      12.00
   1348.000     4.1901   3.326334   1335.795    34.9341    27.7138  1033.8955    1489.56      1.903 0.0000e+00      12.00
   1349.000     4.1993   3.327379   1336.783    34.9362    27.7145  1033.9004    1489.62      1.557 0.0000e+00      17.00
   1350.000     4.2050   3.328030   1337.771    34.9374    27.7148  1033.9051    1489.66      1.303 0.0000e+00      20.00
   1351.000     4.2140   3.329137   1338.759    34.9404    27.7162  1033.9106    1489.72      1.349 0.0000e+00      16.00
   1352.000     4.2094   3.328632   1339.746    34.9388    27.7154  1033.9146    1489.72      1.485 0.0000e+00      16.00
   1353.000     4.1926   3.326929   1340.734    34.9360    27.7150  1033.9192    1489.66      1.565 0.0000e+00      15.00
   1354.000     4.1661   3.324478   1341.722    34.9346    27.7167  1033.9263    1489.56      1.548 0.0000e+00      16.00
   1355.000     4.1531   3.323351   1342.709    34.9345    27.7181  1033.9327    1489.52      1.388 0.0000e+00      17.00
   1356.000     4.1467   3.322785   1343.697    34.9341    27.7184  1033.9377    1489.51      1.113 0.0000e+00      24.00
   1357.000     4.1470   3.322971   1344.685    34.9356    27.7195  1033.9433    1489.53      1.122 0.0000e+00      22.00
   1358.000     4.1481   3.323135   1345.673    34.9358    27.7196  1033.9478    1489.56      1.554 0.0000e+00      15.00
   1359.000     4.1487   3.323225   1346.660    34.9357    27.7194  1033.9522    1489.57      1.977 0.0000e+00      12.00
   1360.000     4.1492   3.323341   1347.648    34.9360    27.7197  1033.9570    1489.59      2.274 0.0000e+00      11.00
   1361.000     4.1497   3.323438   1348.636    34.9362    27.7198  1033.9615    1489.61      2.428 0.0000e+00       9.00
   1362.000     4.1507   3.323630   1349.624    34.9369    27.7202  1033.9665    1489.63      2.435 0.0000e+00       8.00
   1363.000     4.1541   3.324065   1350.611    34.9379    27.7207  1033.9713    1489.67      2.247 0.0000e+00      11.00
   1364.000     4.1569   3.324386   1351.599    34.9382    27.7206  1033.9757    1489.69      1.823 0.0000e+00      13.00
   1365.000     4.1595   3.324690   1352.587    34.9386    27.7206  1033.9801    1489.72      1.010 0.0000e+00      33.00
   1366.000     4.1635   3.325205   1353.574    34.9399    27.7213  1033.9851    1489.76      1.049 0.0000e+00      22.00
   1367.000     4.1668   3.325765   1354.562    34.9426    27.7230  1033.9913    1489.79      1.605 0.0000e+00      15.00
   1368.000     4.1747   3.326689   1355.550    34.9446    27.7238  1033.9963    1489.84      1.847 0.0000e+00      12.00
   1369.000     4.1801   3.327367   1356.538    34.9463    27.7245  1034.0014    1489.89      1.891 0.0000e+00      11.00
   1370.000     4.1875   3.328193   1357.525    34.9477    27.7249  1034.0060    1489.93      1.713 0.0000e+00      14.00
   1371.000     4.1905   3.328476   1358.513    34.9475    27.7244  1034.0099    1489.96      1.291 0.0000e+00      20.00
   1372.000     4.1925   3.328747   1359.501    34.9480    27.7246  1034.0145    1489.99      1.004 0.0000e+00      26.00
   1373.000     4.1938   3.328952   1360.488    34.9486    27.7249  1034.0193    1490.01      1.376 0.0000e+00      17.00
   1374.000     4.1965   3.329307   1361.476    34.9494    27.7252  1034.0241    1490.04      1.816 0.0000e+00      13.00
   1375.000     4.2005   3.329768   1362.463    34.9501    27.7254  1034.0286    1490.08      2.131 0.0000e+00      10.00
   1376.000     4.2032   3.330154   1363.451    34.9513    27.7260  1034.0337    1490.10      2.286 0.0000e+00      10.00
   1377.000     4.2068   3.330580   1364.439    34.9520    27.7262  1034.0382    1490.14      2.330 0.0000e+00      11.00
   1378.000     4.2108   3.331095   1365.426    34.9533    27.7268  1034.0432    1490.17      2.252 0.0000e+00      11.00
   1379.000     4.2165   3.331766   1366.414    34.9548    27.7274  1034.0481    1490.21      2.050 0.0000e+00      11.00
   1380.000     4.2326   3.333736   1367.402    34.9604    27.7301  1034.0548    1490.30      1.720 0.0000e+00      14.00
   1381.000     4.2457   3.335123   1368.389    34.9624    27.7303  1034.0590    1490.38      1.288 0.0000e+00      20.00
   1382.000     4.2552   3.336289   1369.377    34.9655    27.7318  1034.0647    1490.44      0.908 0.0000e+00      27.00
   1383.000     4.2590   3.336756   1370.365    34.9665    27.7321  1034.0694    1490.47      1.035 0.0000e+00      24.00
   1384.000     4.2560   3.336460   1371.352    34.9657    27.7318  1034.0737    1490.47      1.639 0.0000e+00      15.00
   1385.000     4.2404   3.334849   1372.340    34.9628    27.7312  1034.0781    1490.42      2.025 0.0000e+00      11.00
   1386.000     4.2221   3.333175   1373.327    34.9619    27.7324  1034.0845    1490.36      2.187 0.0000e+00      10.00
   1387.000     4.2127   3.332460   1374.315    34.9628    27.7342  1034.0911    1490.34      2.137 0.0000e+00      11.00
   1388.000     4.2079   3.332101   1375.303    34.9632    27.7350  1034.0966    1490.34      1.835 0.0000e+00      12.00
   1389.000     4.2057   3.331949   1376.290    34.9633    27.7353  1034.1015    1490.35      1.029 0.0000e+00      30.00
   1390.000     4.2056   3.331986   1377.278    34.9633    27.7353  1034.1060    1490.36      0.826 0.0000e+00      27.00
   1391.000     4.2053   3.332067   1378.265    34.9641    27.7360  1034.1112    1490.38      1.747 0.0000e+00      15.00
   1392.000     4.2063   3.332258   1379.253    34.9648    27.7364  1034.1161    1490.40      2.237 0.0000e+00      10.00
   1393.000     4.2065   3.332326   1380.241    34.9649    27.7365  1034.1207    1490.42      2.586 0.0000e+00      10.00
   1394.000     4.2067   3.332388   1381.228    34.9649    27.7365  1034.1252    1490.43      2.782 0.0000e+00       8.00
   1395.000     4.2077   3.332598   1382.216    34.9658    27.7371  1034.1303    1490.46      2.829 0.0000e+00       8.00
   1396.000     4.2094   3.332804   1383.203    34.9660    27.7370  1034.1347    1490.48      2.742 0.0000e+00       9.00
   1397.000     4.2121   3.333225   1384.191    34.9675    27.7380  1034.1400    1490.51      2.495 0.0000e+00       8.00
   1398.000     4.2160   3.333647   1385.178    34.9679    27.7379  1034.1443    1490.55      2.039 0.0000e+00      11.00
   1399.000     4.2227   3.334434   1386.166    34.9695    27.7384  1034.1491    1490.59      1.067 0.0000e+00      33.00
   1400.000     4.2287   3.335170   1387.153    34.9714    27.7393  1034.1543    1490.64      0.880 0.0000e+00      28.00
   1401.000     4.2317   3.335571   1388.141    34.9724    27.7398  1034.1591    1490.67      1.667 0.0000e+00      13.00
   1402.000     4.2351   3.336061   1389.128    34.9741    27.7408  1034.1646    1490.70      1.919 0.0000e+00      12.00
   1403.000     4.2437   3.337158   1390.116    34.9774    27.7424  1034.1704    1490.75      1.958 0.0000e+00      11.00
   1404.000     4.2558   3.338490   1391.104    34.9798    27.7430  1034.1751    1490.82      1.774 0.0000e+00      14.00
   1405.000     4.2654   3.339535   1392.091    34.9815    27.7434  1034.1796    1490.88      1.330 0.0000e+00      19.00
   1406.000     4.2675   3.339826   1393.078    34.9821    27.7436  1034.1843    1490.91      0.910 0.0000e+00      30.00
   1407.000     4.2679   3.339967   1394.066    34.9829    27.7443  1034.1894    1490.93      1.291 0.0000e+00      16.00
   1408.000     4.2681   3.340083   1395.054    34.9835    27.7447  1034.1943    1490.95      1.723 0.0000e+00      14.00
   1409.000     4.2686   3.340209   1396.041    34.9840    27.7450  1034.1992    1490.97      1.969 0.0000e+00      12.00
   1410.000     4.2699   3.340384   1397.029    34.9843    27.7451  1034.2037    1490.99      2.082 0.0000e+00      12.00
   1411.000     4.2703   3.340474   1398.016    34.9844    27.7451  1034.2082    1491.01      2.060 0.0000e+00      11.00
   1412.000     4.2707   3.340565   1399.003    34.9845    27.7451  1034.2127    1491.03      1.902 0.0000e+00      12.00
   1413.000     4.2721   3.340772   1399.991    34.9850    27.7454  1034.2175    1491.05      1.603 0.0000e+00      15.00
   1414.000     4.2737   3.340976   1400.979    34.9852    27.7454  1034.2219    1491.07      1.323 0.0000e+00      19.00
   1415.000     4.2733   3.340987   1401.966    34.9852    27.7455  1034.2265    1491.09      1.421 0.0000e+00      16.00
   1416.000     4.2715   3.340856   1402.953    34.9851    27.7456  1034.2312    1491.10      1.642 0.0000e+00      14.00
   1417.000     4.2710   3.340855   1403.941    34.9852    27.7457  1034.2358    1491.11      1.660 0.0000e+00      15.00
   1418.000     4.2715   3.340960   1404.928    34.9853    27.7458  1034.2404    1491.13      1.608 0.0000e+00      15.00
   1419.000     4.2717   3.341042   1405.916    34.9855    27.7459  1034.2450    1491.15      1.689 0.0000e+00      15.00
   1420.000     4.2722   3.341160   1406.903    34.9859    27.7461  1034.2498    1491.17      1.863 0.0000e+00      13.00
   1421.000     4.2728   3.341284   1407.891    34.9863    27.7464  1034.2545    1491.19      2.021 0.0000e+00      11.00
   1422.000     4.2730   3.341347   1408.878    34.9864    27.7464  1034.2590    1491.21      2.062 0.0000e+00      10.00
   1423.000     4.2735   3.341474   1409.866    34.9868    27.7467  1034.2638    1491.22      1.918 0.0000e+00      13.00
   1424.000     4.2760   3.341797   1410.853    34.9874    27.7469  1034.2684    1491.25      1.459 0.0000e+00      17.00
   1425.000     4.2767   3.341953   1411.840    34.9880    27.7473  1034.2733    1491.27      0.604 0.0000e+00      51.00
   1426.000     4.2752   3.341890   1412.828    34.9884    27.7478  1034.2784    1491.28      1.147 0.0000e+00      21.00
   1427.000     4.2745   3.341896   1413.815    34.9886    27.7481  1034.2831    1491.30      1.769 0.0000e+00      13.00
   1428.000     4.2742   3.341896   1414.803    34.9885    27.7480  1034.2877    1491.31      2.147 0.0000e+00      11.00
   1429.000     4.2731   3.341817   1415.790    34.9883    27.7479  1034.2921    1491.32      2.373 0.0000e+00      11.00
   1430.000     4.2712   3.341711   1416.777    34.9885    27.7483  1034.2970    1491.34      2.436 0.0000e+00       8.00
   1431.000     4.2705   3.341669   1417.765    34.9883    27.7482  1034.3015    1491.35      2.354 0.0000e+00      11.00
   1432.000     4.2678   3.341448   1418.752    34.9881    27.7483  1034.3062    1491.35      2.134 0.0000e+00      11.00
   1433.000     4.2666   3.341432   1419.740    34.9887    27.7489  1034.3113    1491.37      1.773 0.0000e+00      13.00
   1434.000     4.2650   3.341308   1420.727    34.9884    27.7489  1034.3159    1491.37      1.366 0.0000e+00      20.00
   1435.000     4.2644   3.341327   1421.714    34.9888    27.7492  1034.3208    1491.39      1.319 0.0000e+00      19.00
   1436.000     4.2637   3.341296   1422.702    34.9886    27.7492  1034.3253    1491.40      1.508 0.0000e+00      15.00
   1437.000     4.2614   3.341119   1423.689    34.9885    27.7494  1034.3300    1491.41      1.623 0.0000e+00      14.00
   1438.000     4.2596   3.341020   1424.677    34.9888    27.7497  1034.3350    1491.42      1.638 0.0000e+00      15.00
   1439.000     4.2582   3.340930   1425.664    34.9887    27.7498  1034.3396    1491.43      1.590 0.0000e+00      15.00
   1440.000     4.2562   3.340785   1426.651    34.9885    27.7499  1034.3443    1491.44      1.533 0.0000e+00      15.00
   1441.000     4.2548   3.340697   1427.639    34.9885    27.7501  1034.3490    1491.45      1.563 0.0000e+00      17.00
   1442.000     4.2519   3.340455   1428.626    34.9882    27.7502  1034.3537    1491.45      1.717 0.0000e+00      14.00
   1443.000     4.2515   3.340540   1429.613    34.9892    27.7510  1034.3590    1491.47      1.850 0.0000e+00      12.00
   1444.000     4.2526   3.340699   1430.600    34.9894    27.7510  1034.3635    1491.49      1.760 0.0000e+00      14.00
