dados/ctd/rad1_doei002.cnv
* Sea-Bird SBE 9 Raw Data File:
* FileName = C:\OceanoEI\OEI002.dat
* Software Version Seasave Win32 v1.10
* Temperature SN = 2326
* Conductivity SN = 2149
* Number of Bytes Per Scan = 12
* Number of Voltage Words = 0
* System UpLoad Time = Nov 02 2001 06:29:03
** H-40 
** Navio Oceanografico ANTARES 
** 173a Comissao Oceanografica 
** OCEANO LESTE I 
** Estacao: OEI002
** Latitude: 14 52.8 S
** Longitude: 037 20.1 W
** Data-Hora (DDHHMMZ/MMM/AA): 020626Z/NOV/01
** Profundidade Local (m): 4030
** N/S do CTD: 11282 
** Operador: 1T ALEX URBANCG
# nquan = 11
# nvalues = 2532                        
# units = specified
# name 0 = prDM: Pressure, Digiquartz [db]
# name 1 = t068C: Temperature [ITS-68, deg C]
# name 2 = c0S/m: Conductivity [S/m]
# name 3 = depSM: Depth [salt water, m], lat = -15
# name 4 = sal00: Salinity [PSU]
# name 5 = sigma-t00: Density [sigma-t, Kg/m^3 ]
# name 6 = density00: Density [density, Kg/m^3]
# name 7 = svCM: Sound Velocity [Chen-Millero, m/s]
# name 8 = dz/dtM: Descent Rate [m/s], WS = 2
# name 9 = flag: flag
# name 10 = nbin: number of scans per bin
# span 0 =      2.000,   2533.000       
# span 1 =     3.2777,    26.2755       
# span 2 =   3.242732,   5.737086       
# span 3 =      1.988,   2503.094       
# span 4 =    34.4198,    37.1903       
# span 5 =    24.5791,    27.8415       
# span 6 =  1024.5888,  1039.3672       
# span 7 =    1478.99,    1539.97       
# span 8 =      0.022,      3.458       
# span 9 = 0.0000e+00, 0.0000e+00       
# span 10 =       6.00,     326.00      
# interval = decibars: 1                
# start_time = Nov 02 2001 06:29:03
# bad_flag = -9.990e-29
*END*
[from data line 1574]
   1576.000     4.1192   3.333929   1560.888    34.9858    27.7624  1034.9744    1493.13      2.777 0.0000e+00       9.00
   1577.000     4.1185   3.333935   1561.875    34.9861    27.7627  1034.9792    1493.15      2.977 0.0000e+00       6.00
   1578.000     4.1188   3.334009   1562.862    34.9862    27.7628  1034.9837    1493.17      2.990 0.0000e+00       8.00
   1579.000     4.1183   3.333988   1563.849    34.9860    27.7627  1034.9882    1493.18      2.825 0.0000e+00       8.00
   1580.000     4.1184   3.334086   1564.835    34.9865    27.7631  1034.9931    1493.20      2.414 0.0000e+00      10.00
   1581.000     4.1198   3.334255   1565.822    34.9865    27.7629  1034.9973    1493.22      1.673 0.0000e+00      13.00
   1582.000     4.1182   3.334149   1566.809    34.9865    27.7631  1035.0021    1493.23      0.609 0.0000e+00      41.00
   1583.000     4.1162   3.334001   1567.795    34.9864    27.7632  1035.0068    1493.24      1.545 0.0000e+00      14.00
   1584.000     4.1124   3.333719   1568.782    34.9866    27.7638  1035.0120    1493.24      1.644 0.0000e+00      14.00
   1585.000     4.1120   3.333720   1569.769    34.9865    27.7638  1035.0165    1493.26      1.448 0.0000e+00      17.00
   1586.000     4.1115   3.333695   1570.755    34.9863    27.7636  1035.0209    1493.27      1.114 0.0000e+00      23.00
   1587.000     4.1094   3.333544   1571.742    34.9861    27.7637  1035.0255    1493.28      1.130 0.0000e+00      22.00
   1588.000     4.1084   3.333516   1572.729    34.9864    27.7641  1035.0304    1493.29      1.641 0.0000e+00      14.00
   1589.000     4.1085   3.333548   1573.716    34.9862    27.7639  1035.0347    1493.31      1.989 0.0000e+00      11.00
   1590.000     4.1078   3.333491   1574.702    34.9858    27.7637  1035.0390    1493.32      2.162 0.0000e+00      10.00
   1591.000     4.1061   3.333374   1575.689    34.9857    27.7638  1035.0437    1493.33      2.154 0.0000e+00      10.00
   1592.000     4.1047   3.333307   1576.675    34.9859    27.7640  1035.0485    1493.34      1.924 0.0000e+00      13.00
   1593.000     4.1042   3.333282   1577.662    34.9857    27.7640  1035.0530    1493.36      1.430 0.0000e+00      17.00
   1594.000     4.1029   3.333210   1578.649    34.9857    27.7641  1035.0576    1493.37      0.994 0.0000e+00      30.00
   1595.000     4.1027   3.333258   1579.635    34.9860    27.7643  1035.0624    1493.38      1.378 0.0000e+00      15.00
   1596.000     4.1033   3.333364   1580.622    34.9861    27.7644  1035.0669    1493.40      1.683 0.0000e+00      14.00
   1597.000     4.1031   3.333379   1581.609    34.9860    27.7643  1035.0714    1493.42      1.808 0.0000e+00      14.00
   1598.000     4.1024   3.333360   1582.595    34.9861    27.7644  1035.0760    1493.43      1.811 0.0000e+00      11.00
   1599.000     4.1020   3.333349   1583.582    34.9858    27.7643  1035.0804    1493.45      1.692 0.0000e+00      15.00
   1600.000     4.1013   3.333355   1584.569    34.9861    27.7646  1035.0852    1493.46      1.457 0.0000e+00      17.00
   1601.000     4.1013   3.333415   1585.555    34.9863    27.7648  1035.0899    1493.48      1.190 0.0000e+00      22.00
   1602.000     4.1013   3.333467   1586.542    34.9865    27.7649  1035.0945    1493.50      1.257 0.0000e+00      19.00
   1603.000     4.1015   3.333540   1587.528    34.9867    27.7650  1035.0991    1493.51      1.612 0.0000e+00      15.00
   1604.000     4.1012   3.333564   1588.515    34.9868    27.7651  1035.1037    1493.53      1.865 0.0000e+00      13.00
   1605.000     4.1004   3.333533   1589.502    34.9867    27.7652  1035.1083    1493.54      1.986 0.0000e+00      12.00
   1606.000     4.0997   3.333518   1590.488    34.9868    27.7653  1035.1130    1493.55      1.995 0.0000e+00      12.00
   1607.000     4.0996   3.333545   1591.475    34.9868    27.7653  1035.1174    1493.57      1.930 0.0000e+00      11.00
   1608.000     4.0993   3.333546   1592.461    34.9866    27.7652  1035.1219    1493.59      1.815 0.0000e+00      14.00
   1609.000     4.0988   3.333547   1593.448    34.9867    27.7653  1035.1265    1493.60      1.634 0.0000e+00      13.00
   1610.000     4.0981   3.333515   1594.435    34.9865    27.7653  1035.1310    1493.62      1.180 0.0000e+00      21.00
   1611.000     4.0968   3.333434   1595.421    34.9864    27.7653  1035.1356    1493.63      0.427 0.0000e+00      51.00
   1612.000     4.0955   3.333399   1596.408    34.9870    27.7659  1035.1407    1493.64      1.808 0.0000e+00      13.00
   1613.000     4.0945   3.333362   1597.394    34.9871    27.7661  1035.1454    1493.65      2.314 0.0000e+00      10.00
   1614.000     4.0939   3.333389   1598.381    34.9875    27.7665  1035.1503    1493.66      2.647 0.0000e+00       9.00
   1615.000     4.0938   3.333424   1599.367    34.9875    27.7665  1035.1548    1493.68      2.867 0.0000e+00       8.00
   1616.000     4.0928   3.333328   1600.354    34.9870    27.7662  1035.1591    1493.69      2.912 0.0000e+00       9.00
   1617.000     4.0883   3.332952   1601.340    34.9868    27.7666  1035.1641    1493.69      2.804 0.0000e+00       7.00
   1618.000     4.0826   3.332590   1602.327    34.9880    27.7681  1035.1703    1493.69      2.474 0.0000e+00       9.00
   1619.000     4.0812   3.332567   1603.313    34.9888    27.7688  1035.1756    1493.70      1.779 0.0000e+00      13.00
   1620.000     4.0801   3.332526   1604.300    34.9890    27.7691  1035.1804    1493.71      0.310 0.0000e+00      40.00
   1621.000     4.0791   3.332521   1605.286    34.9895    27.7696  1035.1855    1493.72      2.055 0.0000e+00      12.00
   1622.000     4.0788   3.332562   1606.273    34.9898    27.7699  1035.1902    1493.74      2.321 0.0000e+00      10.00
   1623.000     4.0779   3.332599   1607.259    34.9907    27.7707  1035.1956    1493.75      2.455 0.0000e+00      10.00
   1624.000     4.0776   3.332671   1608.246    34.9913    27.7713  1035.2006    1493.77      2.448 0.0000e+00       8.00
   1625.000     4.0763   3.332614   1609.233    34.9915    27.7716  1035.2055    1493.78      2.209 0.0000e+00      11.00
   1626.000     4.0740   3.332440   1610.219    34.9915    27.7718  1035.2103    1493.79      1.694 0.0000e+00      15.00
   1627.000     4.0735   3.332492   1611.206    34.9922    27.7724  1035.2154    1493.80      1.113 0.0000e+00      26.00
   1628.000     4.0732   3.332594   1612.192    34.9931    27.7731  1035.2207    1493.82      1.432 0.0000e+00      16.00
   1629.000     4.0722   3.332568   1613.178    34.9934    27.7735  1035.2256    1493.83      1.851 0.0000e+00      12.00
   1630.000     4.0705   3.332482   1614.165    34.9937    27.7739  1035.2305    1493.84      1.980 0.0000e+00      12.00
   1631.000     4.0688   3.332395   1615.151    34.9939    27.7743  1035.2354    1493.85      1.922 0.0000e+00      12.00
   1632.000     4.0666   3.332240   1616.138    34.9940    27.7745  1035.2403    1493.86      1.731 0.0000e+00      14.00
   1633.000     4.0629   3.331992   1617.124    34.9945    27.7754  1035.2457    1493.86      1.452 0.0000e+00      18.00
   1634.000     4.0606   3.331830   1618.111    34.9945    27.7755  1035.2505    1493.87      1.120 0.0000e+00      21.00
   1635.000     4.0588   3.331701   1619.097    34.9944    27.7757  1035.2552    1493.88      0.921 0.0000e+00      27.00
   1636.000     4.0590   3.331776   1620.084    34.9946    27.7758  1035.2598    1493.90      1.190 0.0000e+00      21.00
   1637.000     4.0591   3.331816   1621.070    34.9945    27.7757  1035.2642    1493.91      1.365 0.0000e+00      16.00
   1638.000     4.0581   3.331773   1622.057    34.9945    27.7758  1035.2688    1493.93      1.467 0.0000e+00      18.00
   1639.000     4.0574   3.331761   1623.043    34.9946    27.7760  1035.2736    1493.94      1.726 0.0000e+00      13.00
   1640.000     4.0576   3.331826   1624.029    34.9947    27.7761  1035.2781    1493.96      2.009 0.0000e+00      12.00
   1641.000     4.0574   3.331829   1625.016    34.9945    27.7759  1035.2825    1493.97      2.121 0.0000e+00      11.00
   1642.000     4.0569   3.331842   1626.002    34.9947    27.7761  1035.2872    1493.99      2.062 0.0000e+00      10.00
   1643.000     4.0577   3.331943   1626.989    34.9945    27.7759  1035.2914    1494.01      1.769 0.0000e+00      14.00
   1644.000     4.0573   3.331927   1627.975    34.9943    27.7758  1035.2958    1494.02      1.277 0.0000e+00      20.00
   1645.000     4.0563   3.331888   1628.962    34.9944    27.7759  1035.3005    1494.04      1.099 0.0000e+00      25.00
   1646.000     4.0563   3.331935   1629.948    34.9945    27.7760  1035.3051    1494.05      1.468 0.0000e+00      16.00
   1647.000     4.0525   3.331608   1630.934    34.9941    27.7761  1035.3099    1494.05      1.741 0.0000e+00      12.00
   1648.000     4.0471   3.331196   1631.921    34.9944    27.7770  1035.3154    1494.05      1.916 0.0000e+00      12.00
   1649.000     4.0441   3.330940   1632.907    34.9941    27.7770  1035.3201    1494.05      2.033 0.0000e+00      13.00
   1650.000     4.0413   3.330733   1633.894    34.9942    27.7774  1035.3250    1494.06      2.059 0.0000e+00      12.00
   1651.000     4.0403   3.330687   1634.880    34.9942    27.7775  1035.3297    1494.07      1.968 0.0000e+00      10.00
   1652.000     4.0401   3.330694   1635.866    34.9940    27.7774  1035.3341    1494.08      1.698 0.0000e+00      16.00
   1653.000     4.0395   3.330658   1636.853    34.9937    27.7772  1035.3384    1494.10      1.337 0.0000e+00      18.00
   1654.000     4.0382   3.330575   1637.839    34.9937    27.7773  1035.3430    1494.11      1.201 0.0000e+00      21.00
   1655.000     4.0378   3.330576   1638.826    34.9936    27.7773  1035.3475    1494.12      1.253 0.0000e+00      18.00
   1656.000     4.0381   3.330649   1639.812    34.9937    27.7773  1035.3520    1494.14      1.122 0.0000e+00      21.00
   1657.000     4.0388   3.330765   1640.798    34.9938    27.7773  1035.3565    1494.16      0.971 0.0000e+00      26.00
   1658.000     4.0380   3.330734   1641.785    34.9938    27.7774  1035.3611    1494.18      1.256 0.0000e+00      18.00
   1659.000     4.0378   3.330755   1642.771    34.9938    27.7774  1035.3656    1494.19      1.454 0.0000e+00      15.00
   1660.000     4.0367   3.330681   1643.757    34.9935    27.7773  1035.3701    1494.21      1.479 0.0000e+00      16.00
   1661.000     4.0369   3.330744   1644.744    34.9936    27.7773  1035.3746    1494.22      1.492 0.0000e+00      18.00
   1662.000     4.0375   3.330851   1645.730    34.9938    27.7774  1035.3791    1494.24      1.609 0.0000e+00      14.00
   1663.000     4.0372   3.330864   1646.716    34.9937    27.7774  1035.3836    1494.26      1.849 0.0000e+00      13.00
   1664.000     4.0370   3.330900   1647.702    34.9938    27.7775  1035.3882    1494.27      2.068 0.0000e+00      12.00
   1665.000     4.0370   3.330916   1648.689    34.9936    27.7773  1035.3926    1494.29      2.202 0.0000e+00      10.00
   1666.000     4.0372   3.330992   1649.675    34.9937    27.7774  1035.3971    1494.31      2.192 0.0000e+00      11.00
   1667.000     4.0376   3.331052   1650.662    34.9935    27.7773  1035.4014    1494.33      2.038 0.0000e+00      11.00
   1668.000     4.0378   3.331104   1651.648    34.9935    27.7772  1035.4059    1494.34      1.684 0.0000e+00      14.00
   1669.000     4.0371   3.331060   1652.634    34.9932    27.7771  1035.4103    1494.36      1.164 0.0000e+00      24.00
   1670.000     4.0378   3.331201   1653.620    34.9936    27.7773  1035.4149    1494.38      1.130 0.0000e+00      22.00
   1671.000     4.0375   3.331208   1654.607    34.9936    27.7773  1035.4195    1494.39      1.453 0.0000e+00      15.00
   1672.000     4.0395   3.331472   1655.593    34.9941    27.7775  1035.4241    1494.42      1.567 0.0000e+00      16.00
   1673.000     4.0401   3.331515   1656.579    34.9935    27.7769  1035.4280    1494.44      1.564 0.0000e+00      14.00
   1674.000     4.0406   3.331666   1657.565    34.9942    27.7775  1035.4330    1494.46      1.513 0.0000e+00      16.00
   1675.000     4.0424   3.331884   1658.552    34.9944    27.7774  1035.4373    1494.48      1.506 0.0000e+00      17.00
   1676.000     4.0437   3.332066   1659.538    34.9946    27.7775  1035.4418    1494.50      1.596 0.0000e+00      16.00
   1677.000     4.0449   3.332219   1660.524    34.9947    27.7774  1035.4462    1494.52      1.700 0.0000e+00      13.00
   1678.000     4.0453   3.332290   1661.510    34.9947    27.7773  1035.4506    1494.54      1.672 0.0000e+00      14.00
   1679.000     4.0448   3.332260   1662.497    34.9943    27.7771  1035.4549    1494.56      1.270 0.0000e+00      18.00
   1680.000     4.0446   3.332294   1663.483    34.9944    27.7772  1035.4595    1494.57      0.314 0.0000e+00      54.00
   1681.000     4.0454   3.332464   1664.469    34.9951    27.7777  1035.4644    1494.59      1.924 0.0000e+00      12.00
   1682.000     4.0456   3.332531   1665.455    34.9952    27.7778  1035.4690    1494.61      2.390 0.0000e+00       9.00
   1683.000     4.0454   3.332547   1666.442    34.9952    27.7777  1035.4735    1494.63      2.662 0.0000e+00      10.00
   1684.000     4.0449   3.332555   1667.428    34.9953    27.7779  1035.4781    1494.64      2.831 0.0000e+00       8.00
   1685.000     4.0420   3.332249   1668.414    34.9943    27.7774  1035.4822    1494.64      2.863 0.0000e+00       7.00
   1686.000     4.0392   3.332130   1669.401    34.9953    27.7785  1035.4879    1494.65      2.719 0.0000e+00       8.00
   1687.000     4.0396   3.332235   1670.387    34.9956    27.7787  1035.4926    1494.67      2.395 0.0000e+00      11.00
   1688.000     4.0403   3.332330   1671.373    34.9955    27.7785  1035.4969    1494.69      1.845 0.0000e+00      12.00
   1689.000     4.0375   3.332164   1672.359    34.9961    27.7793  1035.5023    1494.70      1.017 0.0000e+00      29.00
   1690.000     4.0358   3.332098   1673.345    34.9966    27.7798  1035.5074    1494.71      0.751 0.0000e+00      33.00
   1691.000     4.0351   3.332100   1674.331    34.9968    27.7801  1035.5122    1494.72      1.615 0.0000e+00      14.00
   1692.000     4.0339   3.332036   1675.318    34.9969    27.7803  1035.5169    1494.73      1.995 0.0000e+00      12.00
   1693.000     4.0319   3.331876   1676.304    34.9966    27.7803  1035.5214    1494.74      2.186 0.0000e+00      11.00
   1694.000     4.0280   3.331603   1677.290    34.9971    27.7811  1035.5269    1494.74      2.244 0.0000e+00       9.00
   1695.000     4.0273   3.331580   1678.276    34.9970    27.7811  1035.5314    1494.75      2.144 0.0000e+00      11.00
   1696.000     4.0257   3.331460   1679.262    34.9968    27.7811  1035.5359    1494.77      1.900 0.0000e+00      13.00
   1697.000     4.0250   3.331426   1680.248    34.9967    27.7811  1035.5405    1494.78      1.494 0.0000e+00      14.00
   1698.000     4.0244   3.331397   1681.235    34.9965    27.7810  1035.5449    1494.79      0.694 0.0000e+00      53.00
   1699.000     4.0233   3.331355   1682.221    34.9967    27.7812  1035.5497    1494.80      1.194 0.0000e+00      21.00
   1700.000     4.0233   3.331421   1683.207    34.9969    27.7814  1035.5544    1494.82      1.906 0.0000e+00      11.00
   1701.000     4.0237   3.331517   1684.193    34.9972    27.7816  1035.5590    1494.84      2.313 0.0000e+00       9.00
   1702.000     4.0231   3.331466   1685.179    34.9967    27.7813  1035.5632    1494.85      2.531 0.0000e+00      11.00
   1703.000     4.0217   3.331337   1686.166    34.9961    27.7810  1035.5675    1494.87      2.627 0.0000e+00       7.00
   1704.000     4.0202   3.331280   1687.152    34.9966    27.7815  1035.5725    1494.88      2.542 0.0000e+00       8.00
   1705.000     4.0194   3.331219   1688.138    34.9963    27.7814  1035.5769    1494.89      2.265 0.0000e+00      12.00
