dados/ctd/rad1_doei008.cnv
* Sea-Bird SBE 9 Raw Data File:
* FileName = C:\OceanoEI\OEI008.dat
* Software Version Seasave Win32 v1.10
* Temperature SN = 2326
* Conductivity SN = 2149
* Number of Bytes Per Scan = 12
* Number of Voltage Words = 0
* System UpLoad Time = Nov 03 2001 18:46:30
** H-40 
** Navio Oceanografico ANTARES 
** 173a Comissao Oceanografica 
** OCEANO LESTE I 
** Estacao: OEI008
** Latitude: 11 17.66 S
** Longitude: 034 56.20 W
** Data-Hora (DDHHMMZ/MMM/AA): 031844Z/NOV/01
** Profundidade Local (m): 4304
** N/S do CTD: 11282 
** Operador: 1T ALEX URBANCG
# nquan = 11
# nvalues = 2537                        
# units = specified
# name 0 = prDM: Pressure, Digiquartz [db]
# name 1 = t068C: Temperature [ITS-68, deg C]
# name 2 = c0S/m: Conductivity [S/m]
# name 3 = depSM: Depth [salt water, m], lat = -15
# name 4 = sal00: Salinity [PSU]
# name 5 = sigma-t00: Density [sigma-t, Kg/m^3 ]
# name 6 = density00: Density [density, Kg/m^3]
# name 7 = svCM: Sound Velocity [Chen-Millero, m/s]
# name 8 = dz/dtM: Descent Rate [m/s], WS = 2
# name 9 = flag: flag
# name 10 = nbin: number of scans per bin
# span 0 =      2.000,   2538.000       
# span 1 =     2.9962,    27.1112       
# span 2 =   3.256552,   5.760269       
# span 3 =      1.988,   2508.006       
# span 4 =    34.4183,    37.1167       
# span 5 =    23.9351,    27.8573       
# span 6 =  1023.9501,  1039.4225       
# span 7 =    1479.63,    1541.29       
# span 8 =     -0.136,      3.503       
# span 9 = 0.0000e+00, 0.0000e+00       
# span 10 =       6.00,     240.00      
# interval = decibars: 1                
# start_time = Nov 03 2001 18:46:30
# bad_flag = -9.990e-29
*END*
[from data line 1181]
   1183.000     4.1541   3.300394   1172.748    34.7498    27.5711  1033.0083    1486.43      2.197 0.0000e+00      11.00
   1184.000     4.1545   3.300496   1173.737    34.7501    27.5712  1033.0130    1486.45      2.182 0.0000e+00      10.00
   1185.000     4.1553   3.300677   1174.725    34.7510    27.5719  1033.0181    1486.47      2.005 0.0000e+00      11.00
   1186.000     4.1573   3.301043   1175.714    34.7527    27.5730  1033.0237    1486.50      1.596 0.0000e+00      16.00
   1187.000     4.1588   3.301314   1176.702    34.7537    27.5737  1033.0289    1486.52      1.084 0.0000e+00      24.00
   1188.000     4.1591   3.301435   1177.691    34.7543    27.5741  1033.0339    1486.54      1.007 0.0000e+00      21.00
   1189.000     4.1611   3.301756   1178.679    34.7556    27.5749  1033.0391    1486.56      1.299 0.0000e+00      20.00
   1190.000     4.1651   3.302307   1179.668    34.7572    27.5758  1033.0444    1486.60      1.519 0.0000e+00      15.00
   1191.000     4.1688   3.302765   1180.657    34.7583    27.5763  1033.0493    1486.63      1.620 0.0000e+00      13.00
   1192.000     4.1700   3.302977   1181.645    34.7590    27.5767  1033.0542    1486.66      1.718 0.0000e+00      15.00
   1193.000     4.1703   3.303058   1182.634    34.7592    27.5768  1033.0589    1486.67      1.852 0.0000e+00      13.00
   1194.000     4.1704   3.303122   1183.622    34.7593    27.5769  1033.0635    1486.69      1.967 0.0000e+00      12.00
   1195.000     4.1705   3.303178   1184.610    34.7593    27.5769  1033.0680    1486.71      2.016 0.0000e+00      11.00
   1196.000     4.1706   3.303223   1185.599    34.7593    27.5769  1033.0725    1486.72      1.952 0.0000e+00      13.00
   1197.000     4.1707   3.303288   1186.588    34.7594    27.5769  1033.0771    1486.74      1.753 0.0000e+00      13.00
   1198.000     4.1709   3.303340   1187.576    34.7593    27.5768  1033.0815    1486.76      1.350 0.0000e+00      17.00
   1199.000     4.1711   3.303395   1188.565    34.7593    27.5768  1033.0861    1486.78      0.779 0.0000e+00      36.00
   1200.000     4.1713   3.303519   1189.553    34.7600    27.5773  1033.0911    1486.80      1.270 0.0000e+00      19.00
   1201.000     4.1715   3.303606   1190.542    34.7604    27.5776  1033.0959    1486.81      1.973 0.0000e+00      14.00
   1202.000     4.1716   3.303677   1191.530    34.7606    27.5778  1033.1006    1486.83      2.413 0.0000e+00       9.00
   1203.000     4.1717   3.303735   1192.519    34.7606    27.5778  1033.1052    1486.85      2.699 0.0000e+00       8.00
   1204.000     4.1718   3.303793   1193.507    34.7607    27.5779  1033.1098    1486.86      2.789 0.0000e+00       8.00
   1205.000     4.1719   3.303845   1194.495    34.7608    27.5779  1033.1143    1486.88      2.703 0.0000e+00       9.00
   1206.000     4.1720   3.303926   1195.484    34.7611    27.5781  1033.1191    1486.90      2.412 0.0000e+00       9.00
   1207.000     4.1721   3.303969   1196.472    34.7610    27.5781  1033.1235    1486.92      1.836 0.0000e+00      14.00
   1208.000     4.1726   3.304049   1197.461    34.7609    27.5779  1033.1279    1486.93      0.589 0.0000e+00      52.00
   1209.000     4.1727   3.304117   1198.449    34.7611    27.5781  1033.1327    1486.95      1.431 0.0000e+00      17.00
   1210.000     4.1728   3.304202   1199.438    34.7615    27.5783  1033.1374    1486.97      2.002 0.0000e+00      11.00
   1211.000     4.1731   3.304277   1200.426    34.7616    27.5784  1033.1420    1486.99      2.326 0.0000e+00      10.00
   1212.000     4.1737   3.304443   1201.414    34.7624    27.5790  1033.1471    1487.01      2.461 0.0000e+00       9.00
   1213.000     4.1739   3.304524   1202.403    34.7626    27.5791  1033.1518    1487.02      2.438 0.0000e+00       9.00
   1214.000     4.1745   3.304648   1203.391    34.7630    27.5794  1033.1565    1487.05      2.252 0.0000e+00      11.00
   1215.000     4.1759   3.304923   1204.379    34.7643    27.5802  1033.1619    1487.07      1.864 0.0000e+00      13.00
   1216.000     4.1800   3.305538   1205.368    34.7666    27.5817  1033.1677    1487.11      1.110 0.0000e+00      27.00
   1217.000     4.1857   3.306355   1206.356    34.7697    27.5836  1033.1739    1487.15      0.834 0.0000e+00      28.00
   1218.000     4.1866   3.306526   1207.345    34.7704    27.5839  1033.1788    1487.17      1.366 0.0000e+00      18.00
   1219.000     4.1882   3.306824   1208.333    34.7716    27.5848  1033.1841    1487.20      1.742 0.0000e+00      13.00
   1220.000     4.1905   3.307294   1209.321    34.7743    27.5866  1033.1904    1487.23      1.990 0.0000e+00      12.00
   1221.000     4.1941   3.307781   1210.310    34.7757    27.5874  1033.1956    1487.26      2.095 0.0000e+00      11.00
   1222.000     4.1949   3.307939   1211.298    34.7762    27.5877  1033.2004    1487.28      2.107 0.0000e+00      11.00
   1223.000     4.1952   3.308019   1212.286    34.7763    27.5877  1033.2050    1487.30      2.049 0.0000e+00      12.00
   1224.000     4.1956   3.308113   1213.275    34.7766    27.5879  1033.2097    1487.32      1.931 0.0000e+00      12.00
   1225.000     4.1973   3.308369   1214.263    34.7773    27.5883  1033.2145    1487.34      1.713 0.0000e+00      13.00
   1226.000     4.2000   3.308761   1215.252    34.7785    27.5890  1033.2196    1487.37      1.447 0.0000e+00      18.00
   1227.000     4.1986   3.308707   1216.240    34.7789    27.5894  1033.2247    1487.38      1.331 0.0000e+00      20.00
   1228.000     4.1977   3.308743   1217.228    34.7797    27.5902  1033.2300    1487.40      1.394 0.0000e+00      17.00
   1229.000     4.1985   3.308986   1218.216    34.7813    27.5914  1033.2356    1487.42      1.565 0.0000e+00      15.00
   1230.000     4.2001   3.309268   1219.205    34.7824    27.5921  1033.2409    1487.44      1.576 0.0000e+00      13.00
   1231.000     4.2043   3.309818   1220.193    34.7840    27.5929  1033.2460    1487.48      1.273 0.0000e+00      21.00
   1232.000     4.2078   3.310276   1221.182    34.7851    27.5934  1033.2510    1487.51      0.997 0.0000e+00      24.00
   1233.000     4.2147   3.311200   1222.170    34.7882    27.5952  1033.2570    1487.56      1.173 0.0000e+00      22.00
   1234.000     4.2235   3.312309   1223.158    34.7915    27.5968  1033.2629    1487.62      1.688 0.0000e+00      15.00
   1235.000     4.2272   3.312828   1224.147    34.7932    27.5978  1033.2683    1487.65      2.081 0.0000e+00      11.00
   1236.000     4.2336   3.313632   1225.135    34.7954    27.5988  1033.2737    1487.70      2.302 0.0000e+00      10.00
   1237.000     4.2375   3.314166   1226.123    34.7972    27.5998  1033.2791    1487.73      2.353 0.0000e+00      10.00
   1238.000     4.2476   3.315359   1227.111    34.8000    27.6010  1033.2845    1487.79      2.232 0.0000e+00      10.00
   1239.000     4.2656   3.317425   1228.100    34.8049    27.6029  1033.2904    1487.89      1.907 0.0000e+00      12.00
   1240.000     4.2746   3.318276   1229.088    34.8049    27.6020  1033.2937    1487.95      1.335 0.0000e+00      20.00
   1241.000     4.2793   3.318806   1230.076    34.8058    27.6022  1033.2982    1487.98      1.074 0.0000e+00      24.00
   1242.000     4.2802   3.318962   1231.065    34.8061    27.6023  1033.3029    1488.01      1.576 0.0000e+00      16.00
   1243.000     4.2804   3.319044   1232.053    34.8064    27.6025  1033.3076    1488.02      1.893 0.0000e+00      11.00
   1244.000     4.2811   3.319208   1233.041    34.8070    27.6030  1033.3125    1488.04      2.017 0.0000e+00      12.00
   1245.000     4.2830   3.319455   1234.029    34.8074    27.6031  1033.3171    1488.07      1.992 0.0000e+00      12.00
   1246.000     4.2840   3.319591   1235.018    34.8075    27.6030  1033.3216    1488.09      1.809 0.0000e+00      12.00
   1247.000     4.2853   3.319774   1236.006    34.8078    27.6031  1033.3262    1488.11      1.469 0.0000e+00      16.00
   1248.000     4.2865   3.319939   1236.994    34.8080    27.6031  1033.3307    1488.13      1.118 0.0000e+00      23.00
   1249.000     4.2858   3.319919   1237.982    34.8080    27.6032  1033.3353    1488.15      1.128 0.0000e+00      22.00
   1250.000     4.2805   3.319447   1238.970    34.8075    27.6034  1033.3402    1488.14      1.253 0.0000e+00      19.00
   1251.000     4.2677   3.318259   1239.959    34.8065    27.6040  1033.3457    1488.10      1.506 0.0000e+00      16.00
   1252.000     4.2650   3.318111   1240.947    34.8071    27.6048  1033.3511    1488.11      1.744 0.0000e+00      14.00
   1253.000     4.2647   3.318164   1241.935    34.8075    27.6051  1033.3559    1488.13      1.872 0.0000e+00      11.00
   1254.000     4.2644   3.318196   1242.923    34.8077    27.6053  1033.3606    1488.14      1.869 0.0000e+00      14.00
   1255.000     4.2641   3.318216   1243.912    34.8078    27.6054  1033.3653    1488.16      1.739 0.0000e+00      12.00
   1256.000     4.2635   3.318213   1244.900    34.8078    27.6055  1033.3699    1488.17      1.481 0.0000e+00      16.00
   1257.000     4.2634   3.318285   1245.888    34.8084    27.6059  1033.3749    1488.19      1.280 0.0000e+00      20.00
   1258.000     4.2655   3.318610   1246.876    34.8094    27.6066  1033.3800    1488.21      1.547 0.0000e+00      17.00
   1259.000     4.2685   3.319055   1247.864    34.8110    27.6075  1033.3854    1488.24      1.973 0.0000e+00      12.00
   1260.000     4.2696   3.319262   1248.853    34.8117    27.6080  1033.3903    1488.27      2.236 0.0000e+00      10.00
   1261.000     4.2702   3.319381   1249.841    34.8121    27.6082  1033.3950    1488.29      2.300 0.0000e+00      10.00
   1262.000     4.2719   3.319695   1250.829    34.8135    27.6091  1033.4004    1488.31      2.168 0.0000e+00      11.00
   1263.000     4.2815   3.320890   1251.817    34.8169    27.6108  1033.4063    1488.37      1.812 0.0000e+00      14.00
   1264.000     4.2909   3.321912   1252.805    34.8184    27.6110  1033.4107    1488.43      1.191 0.0000e+00      23.00
   1265.000     4.2935   3.322220   1253.793    34.8189    27.6110  1033.4152    1488.46      0.857 0.0000e+00      27.00
   1266.000     4.2957   3.322528   1254.782    34.8197    27.6115  1033.4201    1488.49      1.309 0.0000e+00      19.00
   1267.000     4.3002   3.323144   1255.770    34.8217    27.6125  1033.4255    1488.52      1.660 0.0000e+00      15.00
   1268.000     4.3114   3.324430   1256.758    34.8245    27.6136  1033.4308    1488.59      1.804 0.0000e+00      12.00
   1269.000     4.3162   3.324918   1257.746    34.8247    27.6132  1033.4348    1488.63      1.770 0.0000e+00      14.00
   1270.000     4.3179   3.325147   1258.734    34.8251    27.6133  1033.4394    1488.65      1.656 0.0000e+00      14.00
   1271.000     4.3196   3.325414   1259.722    34.8259    27.6138  1033.4443    1488.68      1.613 0.0000e+00      16.00
   1272.000     4.3220   3.325710   1260.711    34.8265    27.6140  1033.4489    1488.70      1.636 0.0000e+00      15.00
   1273.000     4.3261   3.326250   1261.699    34.8279    27.6147  1033.4540    1488.74      1.590 0.0000e+00      13.00
   1274.000     4.3297   3.326663   1262.687    34.8285    27.6148  1033.4585    1488.77      1.475 0.0000e+00      17.00
   1275.000     4.3312   3.326881   1263.675    34.8290    27.6150  1033.4632    1488.80      1.519 0.0000e+00      17.00
   1276.000     4.3344   3.327337   1264.663    34.8304    27.6158  1033.4684    1488.83      1.758 0.0000e+00      14.00
   1277.000     4.3364   3.327585   1265.651    34.8308    27.6159  1033.4729    1488.85      1.903 0.0000e+00      11.00
   1278.000     4.3370   3.327724   1266.639    34.8312    27.6162  1033.4778    1488.87      1.841 0.0000e+00      13.00
   1279.000     4.3374   3.327780   1267.627    34.8311    27.6160  1033.4821    1488.89      1.570 0.0000e+00      15.00
   1280.000     4.3381   3.327913   1268.615    34.8314    27.6161  1033.4867    1488.91      1.182 0.0000e+00      23.00
   1281.000     4.3389   3.328048   1269.604    34.8316    27.6162  1033.4913    1488.93      1.074 0.0000e+00      22.00
   1282.000     4.3390   3.328112   1270.592    34.8317    27.6163  1033.4959    1488.95      1.362 0.0000e+00      19.00
   1283.000     4.3402   3.328321   1271.580    34.8325    27.6168  1033.5009    1488.97      1.680 0.0000e+00      13.00
   1284.000     4.3413   3.328512   1272.568    34.8330    27.6171  1033.5057    1488.99      1.936 0.0000e+00      12.00
   1285.000     4.3417   3.328603   1273.556    34.8332    27.6172  1033.5103    1489.01      2.045 0.0000e+00      12.00
   1286.000     4.3423   3.328716   1274.544    34.8334    27.6173  1033.5149    1489.03      2.029 0.0000e+00      11.00
   1287.000     4.3427   3.328836   1275.532    34.8339    27.6177  1033.5198    1489.05      1.883 0.0000e+00      13.00
   1288.000     4.3441   3.329049   1276.520    34.8344    27.6179  1033.5245    1489.07      1.618 0.0000e+00      15.00
   1289.000     4.3444   3.329118   1277.508    34.8344    27.6179  1033.5290    1489.09      1.236 0.0000e+00      21.00
   1290.000     4.3447   3.329207   1278.496    34.8346    27.6180  1033.5336    1489.11      1.160 0.0000e+00      20.00
   1291.000     4.3449   3.329286   1279.484    34.8349    27.6182  1033.5383    1489.13      1.464 0.0000e+00      17.00
   1292.000     4.3458   3.329449   1280.472    34.8353    27.6184  1033.5431    1489.15      1.679 0.0000e+00      14.00
   1293.000     4.3470   3.329648   1281.460    34.8359    27.6188  1033.5479    1489.17      1.762 0.0000e+00      13.00
   1294.000     4.3472   3.329700   1282.448    34.8358    27.6187  1033.5523    1489.19      1.715 0.0000e+00      14.00
   1295.000     4.3479   3.329844   1283.436    34.8363    27.6190  1033.5571    1489.21      1.594 0.0000e+00      15.00
   1296.000     4.3497   3.330112   1284.424    34.8371    27.6194  1033.5620    1489.23      1.507 0.0000e+00      16.00
   1297.000     4.3510   3.330294   1285.413    34.8373    27.6195  1033.5665    1489.25      1.521 0.0000e+00      15.00
   1298.000     4.3516   3.330408   1286.400    34.8375    27.6196  1033.5711    1489.27      1.606 0.0000e+00      14.00
   1299.000     4.3527   3.330584   1287.388    34.8379    27.6197  1033.5758    1489.29      1.662 0.0000e+00      13.00
   1300.000     4.3549   3.330871   1288.376    34.8385    27.6200  1033.5805    1489.32      1.560 0.0000e+00      15.00
   1301.000     4.3580   3.331256   1289.364    34.8393    27.6203  1033.5851    1489.35      1.198 0.0000e+00      21.00
   1302.000     4.3629   3.331845   1290.352    34.8405    27.6207  1033.5900    1489.39      0.841 0.0000e+00      35.00
   1303.000     4.3754   3.333457   1291.340    34.8457    27.6235  1033.5968    1489.46      1.471 0.0000e+00      16.00
   1304.000     4.3842   3.334472   1292.328    34.8479    27.6243  1033.6019    1489.52      2.078 0.0000e+00      11.00
   1305.000     4.3868   3.334812   1293.316    34.8487    27.6246  1033.6066    1489.55      2.479 0.0000e+00       9.00
   1306.000     4.3881   3.335028   1294.305    34.8493    27.6250  1033.6114    1489.57      2.741 0.0000e+00       9.00
   1307.000     4.3894   3.335233   1295.293    34.8498    27.6252  1033.6162    1489.59      2.803 0.0000e+00       8.00
   1308.000     4.3908   3.335461   1296.280    34.8505    27.6256  1033.6211    1489.62      2.704 0.0000e+00       8.00
   1309.000     4.3917   3.335595   1297.268    34.8507    27.6257  1033.6256    1489.64      2.363 0.0000e+00      10.00
   1310.000     4.3932   3.335806   1298.256    34.8511    27.6258  1033.6302    1489.66      1.622 0.0000e+00      15.00
   1311.000     4.3950   3.336026   1299.244    34.8513    27.6258  1033.6347    1489.69      0.356 0.0000e+00      52.00
   1312.000     4.3953   3.336157   1300.232    34.8520    27.6264  1033.6397    1489.70      1.584 0.0000e+00      16.00
