dados/ctd/rad1_doei003.cnv
* Sea-Bird SBE 9 Raw Data File:
* FileName = C:\OceanoEI\OEI003.dat
* Software Version Seasave Win32 v1.10
* Temperature SN = 2326
* Conductivity SN = 2149
* Number of Bytes Per Scan = 12
* Number of Voltage Words = 0
* System UpLoad Time = Nov 02 2001 12:38:30
** H-40 
** Navio Oceanografico ANTARES 
** 173a Comissao Oceanografica 
** OCEANO LESTE I 
** Estacao: OEI003
** Latitude: 14 18.0 S    
** Longitude: 036 55.4 W
** Data-Hora (DDHHMMZ/MMM/AA): 021234Z/NOV/01
** Profundidade Local (m): 4126
** N/S do CTD: 11282 
** Operador: CT BARREIRA
# nquan = 11
# nvalues = 2533                        
# units = specified
# name 0 = prDM: Pressure, Digiquartz [db]
# name 1 = t068C: Temperature [ITS-68, deg C]
# name 2 = c0S/m: Conductivity [S/m]
# name 3 = depSM: Depth [salt water, m], lat = -15
# name 4 = sal00: Salinity [PSU]
# name 5 = sigma-t00: Density [sigma-t, Kg/m^3 ]
# name 6 = density00: Density [density, Kg/m^3]
# name 7 = svCM: Sound Velocity [Chen-Millero, m/s]
# name 8 = dz/dtM: Descent Rate [m/s], WS = 2
# name 9 = flag: flag
# name 10 = nbin: number of scans per bin
# span 0 =      1.000,   2533.000       
# span 1 =     3.3130,    26.3542       
# span 2 =   3.244297,   5.741203       
# span 3 =      0.994,   2503.094       
# span 4 =    34.4583,    37.3285       
# span 5 =    24.5292,    27.8402       
# span 6 =  1024.5344,  1039.3636       
# span 7 =    1479.88,    1540.17       
# span 8 =      0.087,      2.920       
# span 9 = 0.0000e+00, 0.0000e+00       
# span 10 =       0.00,      82.00      
# interval = decibars: 1                
# start_time = Nov 02 2001 12:38:30
# bad_flag = -9.990e-29
*END*
[from data line 1050]
   1051.000     3.9947   3.272643   1042.220    34.6566    27.5137  1032.3558    1483.45      1.708 0.0000e+00      15.00
   1052.000     4.0018   3.273508   1043.209    34.6588    27.5147  1032.3611    1483.50      0.550 0.0000e+00      50.00
   1053.000     4.0069   3.274140   1044.198    34.6605    27.5155  1032.3664    1483.54      1.273 0.0000e+00      20.00
   1054.000     4.0078   3.274309   1045.187    34.6610    27.5158  1032.3712    1483.56      1.709 0.0000e+00      13.00
   1055.000     4.0035   3.273901   1046.176    34.6602    27.5156  1032.3757    1483.56      1.931 0.0000e+00      13.00
   1056.000     3.9929   3.272982   1047.165    34.6600    27.5165  1032.3814    1483.53      2.010 0.0000e+00      11.00
   1057.000     3.9884   3.272585   1048.154    34.6595    27.5166  1032.3861    1483.53      1.986 0.0000e+00      12.00
   1058.000     3.9865   3.272513   1049.144    34.6601    27.5173  1032.3915    1483.54      1.916 0.0000e+00      12.00
   1059.000     3.9931   3.273372   1050.133    34.6628    27.5188  1032.3973    1483.59      1.887 0.0000e+00      14.00
   1060.000     3.9949   3.273530   1051.122    34.6623    27.5182  1032.4012    1483.61      1.867 0.0000e+00      11.00
   1061.000     3.9934   3.273418   1052.111    34.6621    27.5181  1032.4058    1483.62      1.731 0.0000e+00      14.00
   1062.000     3.9763   3.271662   1053.100    34.6587    27.5173  1032.4099    1483.56      1.365 0.0000e+00      19.00
   1063.000     3.9668   3.270856   1054.089    34.6587    27.5182  1032.4157    1483.54      0.997 0.0000e+00      28.00
   1064.000     3.9641   3.270648   1055.078    34.6586    27.5185  1032.4206    1483.54      1.290 0.0000e+00      17.00
   1065.000     3.9649   3.270786   1056.067    34.6589    27.5186  1032.4252    1483.56      1.725 0.0000e+00      14.00
   1066.000     3.9671   3.271124   1057.056    34.6600    27.5193  1032.4304    1483.59      1.945 0.0000e+00      11.00
   1067.000     3.9720   3.271739   1058.046    34.6617    27.5201  1032.4356    1483.63      1.937 0.0000e+00      11.00
   1068.000     3.9732   3.271871   1059.035    34.6615    27.5198  1032.4398    1483.65      1.697 0.0000e+00      14.00
   1069.000     3.9800   3.272746   1060.024    34.6641    27.5212  1032.4456    1483.70      1.296 0.0000e+00      22.00
   1070.000     3.9871   3.273599   1061.013    34.6663    27.5221  1032.4509    1483.75      1.266 0.0000e+00      19.00
   1071.000     3.9880   3.273762   1062.002    34.6667    27.5224  1032.4557    1483.77      1.528 0.0000e+00      15.00
   1072.000     3.9870   3.273727   1062.991    34.6669    27.5226  1032.4605    1483.78      1.581 0.0000e+00      14.00
   1073.000     3.9846   3.273528   1063.980    34.6665    27.5226  1032.4651    1483.79      1.419 0.0000e+00      18.00
   1074.000     3.9798   3.273154   1064.969    34.6667    27.5232  1032.4704    1483.78      1.212 0.0000e+00      21.00
   1075.000     3.9804   3.273319   1065.958    34.6675    27.5238  1032.4755    1483.80      1.338 0.0000e+00      19.00
   1076.000     3.9844   3.273858   1066.947    34.6691    27.5246  1032.4808    1483.84      1.695 0.0000e+00      13.00
   1077.000     3.9928   3.274835   1067.936    34.6714    27.5256  1032.4860    1483.89      1.988 0.0000e+00      12.00
   1078.000     3.9973   3.275394   1068.925    34.6727    27.5262  1032.4910    1483.93      2.111 0.0000e+00      12.00
   1079.000     3.9990   3.275652   1069.914    34.6735    27.5266  1032.4960    1483.96      2.048 0.0000e+00      10.00
   1080.000     4.0001   3.275819   1070.903    34.6738    27.5268  1032.5006    1483.98      1.724 0.0000e+00      14.00
   1081.000     4.0044   3.276332   1071.893    34.6748    27.5271  1032.5055    1484.01      0.925 0.0000e+00      34.00
   1082.000     4.0104   3.277070   1072.881    34.6767    27.5280  1032.5107    1484.06      1.088 0.0000e+00      25.00
   1083.000     4.0177   3.278078   1073.870    34.6804    27.5302  1032.5173    1484.11      2.068 0.0000e+00      11.00
   1084.000     4.0273   3.279202   1074.859    34.6831    27.5313  1032.5226    1484.17      2.588 0.0000e+00       7.00
   1085.000     4.0313   3.279650   1075.848    34.6837    27.5314  1032.5271    1484.21      2.801 0.0000e+00       9.00
   1086.000     4.0342   3.280069   1076.838    34.6851    27.5322  1032.5324    1484.23      2.834 0.0000e+00       8.00
   1087.000     4.0358   3.280313   1077.826    34.6858    27.5326  1032.5373    1484.26      2.653 0.0000e+00       8.00
   1088.000     4.0372   3.280546   1078.815    34.6865    27.5331  1032.5423    1484.28      2.178 0.0000e+00      11.00
   1089.000     4.0373   3.280594   1079.804    34.6865    27.5330  1032.5468    1484.30      0.755 0.0000e+00      62.00
   1090.000     4.0367   3.280690   1080.794    34.6877    27.5341  1032.5524    1484.32      1.613 0.0000e+00      14.00
   1091.000     4.0369   3.280844   1081.782    34.6889    27.5350  1032.5578    1484.33      2.157 0.0000e+00      11.00
   1092.000     4.0382   3.281113   1082.771    34.6901    27.5358  1032.5632    1484.36      2.409 0.0000e+00      10.00
   1093.000     4.0385   3.281194   1083.760    34.6903    27.5359  1032.5678    1484.38      2.443 0.0000e+00       9.00
   1094.000     4.0390   3.281308   1084.749    34.6906    27.5361  1032.5726    1484.40      2.285 0.0000e+00      10.00
   1095.000     4.0430   3.281908   1085.738    34.6930    27.5376  1032.5785    1484.43      1.874 0.0000e+00      12.00
   1096.000     4.0478   3.282404   1086.727    34.6933    27.5373  1032.5826    1484.47      1.190 0.0000e+00      24.00
   1097.000     4.0506   3.282756   1087.716    34.6940    27.5376  1032.5874    1484.50      1.099 0.0000e+00      23.00
   1098.000     4.0551   3.283401   1088.705    34.6964    27.5390  1032.5932    1484.54      1.523 0.0000e+00      14.00
   1099.000     4.0592   3.283931   1089.694    34.6978    27.5397  1032.5983    1484.57      1.653 0.0000e+00      15.00
   1100.000     4.0613   3.284202   1090.683    34.6983    27.5399  1032.6030    1484.60      1.569 0.0000e+00      15.00
   1101.000     4.0666   3.284873   1091.672    34.7002    27.5408  1032.6083    1484.64      1.437 0.0000e+00      18.00
   1102.000     4.0698   3.285284   1092.661    34.7012    27.5413  1032.6132    1484.67      1.571 0.0000e+00      16.00
   1103.000     4.0705   3.285434   1093.650    34.7017    27.5416  1032.6180    1484.69      1.816 0.0000e+00      13.00
   1104.000     4.0714   3.285633   1094.639    34.7026    27.5422  1032.6232    1484.71      1.942 0.0000e+00      11.00
   1105.000     4.0724   3.285813   1095.628    34.7032    27.5426  1032.6281    1484.73      1.892 0.0000e+00      13.00
   1106.000     4.0740   3.286081   1096.617    34.7041    27.5432  1032.6332    1484.76      1.678 0.0000e+00      13.00
   1107.000     4.0754   3.286265   1097.605    34.7043    27.5432  1032.6377    1484.78      1.296 0.0000e+00      20.00
   1108.000     4.0784   3.286658   1098.594    34.7053    27.5437  1032.6426    1484.81      0.929 0.0000e+00      27.00
   1109.000     4.0798   3.286892   1099.583    34.7061    27.5441  1032.6476    1484.83      1.036 0.0000e+00      25.00
   1110.000     4.0810   3.287110   1100.572    34.7069    27.5446  1032.6526    1484.86      1.539 0.0000e+00      15.00
   1111.000     4.0844   3.287545   1101.561    34.7079    27.5451  1032.6575    1484.89      1.927 0.0000e+00      13.00
   1112.000     4.0894   3.288240   1102.550    34.7104    27.5465  1032.6634    1484.93      2.103 0.0000e+00      10.00
   1113.000     4.0966   3.289038   1103.539    34.7117    27.5469  1032.6680    1484.98      2.053 0.0000e+00      11.00
   1114.000     4.1035   3.289838   1104.528    34.7134    27.5475  1032.6730    1485.03      1.714 0.0000e+00      15.00
   1115.000     4.1145   3.291073   1105.517    34.7159    27.5483  1032.6780    1485.09      1.151 0.0000e+00      25.00
   1116.000     4.1194   3.291705   1106.505    34.7176    27.5491  1032.6833    1485.13      1.179 0.0000e+00      21.00
   1117.000     4.1206   3.291906   1107.494    34.7182    27.5495  1032.6881    1485.15      1.690 0.0000e+00      14.00
   1118.000     4.1248   3.292514   1108.483    34.7205    27.5509  1032.6939    1485.19      2.030 0.0000e+00      11.00
   1119.000     4.1271   3.292836   1109.472    34.7214    27.5513  1032.6988    1485.22      2.190 0.0000e+00      10.00
   1120.000     4.1301   3.293194   1110.461    34.7219    27.5514  1032.7034    1485.25      2.131 0.0000e+00      10.00
   1121.000     4.1296   3.293205   1111.450    34.7221    27.5516  1032.7082    1485.26      1.810 0.0000e+00      14.00
   1122.000     4.1277   3.293058   1112.438    34.7219    27.5517  1032.7128    1485.27      1.102 0.0000e+00      26.00
   1123.000     4.1215   3.292522   1113.427    34.7215    27.5520  1032.7179    1485.26      1.000 0.0000e+00      24.00
   1124.000     4.1139   3.291818   1114.416    34.7207    27.5522  1032.7228    1485.24      1.679 0.0000e+00      14.00
   1125.000     4.1063   3.291216   1115.405    34.7211    27.5533  1032.7286    1485.23      1.926 0.0000e+00      12.00
   1126.000     4.1032   3.290983   1116.394    34.7211    27.5536  1032.7336    1485.23      1.980 0.0000e+00      12.00
   1127.000     4.0970   3.290383   1117.382    34.7201    27.5534  1032.7382    1485.22      1.845 0.0000e+00      13.00
   1128.000     4.0931   3.290067   1118.371    34.7199    27.5537  1032.7431    1485.22      1.539 0.0000e+00      16.00
   1129.000     4.0923   3.290058   1119.360    34.7202    27.5541  1032.7480    1485.24      1.166 0.0000e+00      23.00
   1130.000     4.0919   3.290076   1120.349    34.7203    27.5542  1032.7527    1485.25      1.134 0.0000e+00      22.00
   1131.000     4.0907   3.290017   1121.338    34.7203    27.5543  1032.7574    1485.26      1.481 0.0000e+00      16.00
   1132.000     4.0824   3.289214   1122.327    34.7191    27.5542  1032.7621    1485.24      1.742 0.0000e+00      13.00
   1133.000     4.0719   3.288357   1123.315    34.7195    27.5557  1032.7684    1485.22      1.769 0.0000e+00      13.00
   1134.000     4.0683   3.288164   1124.304    34.7205    27.5568  1032.7741    1485.22      1.529 0.0000e+00      14.00
   1135.000     4.0699   3.288431   1125.293    34.7214    27.5574  1032.7792    1485.24      1.112 0.0000e+00      27.00
   1136.000     4.0754   3.289098   1126.282    34.7230    27.5581  1032.7843    1485.28      1.272 0.0000e+00      17.00
   1137.000     4.0808   3.289769   1127.270    34.7248    27.5589  1032.7895    1485.33      1.798 0.0000e+00      14.00
   1138.000     4.0829   3.290031   1128.259    34.7252    27.5590  1032.7940    1485.35      2.129 0.0000e+00      11.00
   1139.000     4.0844   3.290242   1129.248    34.7255    27.5591  1032.7987    1485.38      2.304 0.0000e+00      10.00
   1140.000     4.0843   3.290271   1130.237    34.7255    27.5591  1032.8032    1485.39      2.315 0.0000e+00       9.00
   1141.000     4.0816   3.290112   1131.225    34.7260    27.5597  1032.8085    1485.40      2.115 0.0000e+00      11.00
   1142.000     4.0785   3.289931   1132.214    34.7266    27.5606  1032.8139    1485.40      1.656 0.0000e+00      15.00
   1143.000     4.0758   3.289765   1133.203    34.7270    27.5612  1032.8192    1485.41      1.039 0.0000e+00      25.00
   1144.000     4.0737   3.289640   1134.191    34.7272    27.5616  1032.8242    1485.42      1.189 0.0000e+00      19.00
   1145.000     4.0717   3.289503   1135.180    34.7271    27.5617  1032.8289    1485.42      1.393 0.0000e+00      17.00
   1146.000     4.0697   3.289355   1136.169    34.7271    27.5619  1032.8336    1485.43      1.382 0.0000e+00      16.00
   1147.000     4.0675   3.289201   1137.158    34.7270    27.5621  1032.8385    1485.44      1.267 0.0000e+00      20.00
   1148.000     4.0623   3.288722   1138.146    34.7263    27.5621  1032.8431    1485.43      1.288 0.0000e+00      19.00
   1149.000     4.0551   3.288018   1139.135    34.7251    27.5619  1032.8477    1485.42      1.546 0.0000e+00      16.00
   1150.000     4.0387   3.286354   1140.124    34.7222    27.5612  1032.8521    1485.36      1.816 0.0000e+00      14.00
   1151.000     4.0248   3.285058   1141.112    34.7210    27.5617  1032.8575    1485.32      1.978 0.0000e+00      11.00
   1152.000     4.0200   3.284979   1142.101    34.7246    27.5651  1032.8656    1485.32      1.994 0.0000e+00      11.00
   1153.000     4.0303   3.286215   1143.090    34.7279    27.5666  1032.8713    1485.38      1.865 0.0000e+00      14.00
   1154.000     4.0323   3.286536   1144.078    34.7291    27.5674  1032.8765    1485.41      1.581 0.0000e+00      15.00
   1155.000     4.0348   3.286946   1145.067    34.7307    27.5684  1032.8820    1485.44      1.211 0.0000e+00      22.00
   1156.000     4.0393   3.287561   1146.056    34.7328    27.5696  1032.8876    1485.48      1.117 0.0000e+00      20.00
   1157.000     4.0432   3.288037   1147.045    34.7338    27.5700  1032.8924    1485.51      1.312 0.0000e+00      19.00
   1158.000     4.0496   3.288899   1148.033    34.7367    27.5716  1032.8984    1485.56      1.511 0.0000e+00      17.00
   1159.000     4.0580   3.289961   1149.022    34.7398    27.5733  1032.9043    1485.62      1.700 0.0000e+00      13.00
   1160.000     4.0585   3.290167   1150.011    34.7413    27.5744  1032.9099    1485.64      1.864 0.0000e+00      13.00
   1161.000     4.0598   3.290425   1150.999    34.7425    27.5752  1032.9152    1485.66      1.940 0.0000e+00      12.00
   1162.000     4.0617   3.290742   1151.988    34.7436    27.5759  1032.9204    1485.69      1.873 0.0000e+00      12.00
   1163.000     4.0616   3.290851   1152.977    34.7446    27.5767  1032.9258    1485.70      1.576 0.0000e+00      16.00
   1164.000     4.0592   3.290994   1153.965    34.7483    27.5799  1032.9335    1485.72      1.139 0.0000e+00      23.00
   1165.000     4.0606   3.291359   1154.954    34.7506    27.5815  1032.9397    1485.74      1.149 0.0000e+00      20.00
   1166.000     4.0602   3.291506   1155.942    34.7522    27.5829  1032.9456    1485.76      1.394 0.0000e+00      18.00
   1167.000     4.0599   3.291583   1156.931    34.7529    27.5835  1032.9507    1485.77      1.576 0.0000e+00      14.00
   1168.000     4.0599   3.291683   1157.920    34.7537    27.5841  1032.9558    1485.79      1.775 0.0000e+00      15.00
   1169.000     4.0609   3.291961   1158.908    34.7553    27.5853  1032.9615    1485.81      1.969 0.0000e+00      12.00
   1170.000     4.0614   3.292059   1159.897    34.7555    27.5854  1032.9662    1485.83      2.056 0.0000e+00      10.00
   1171.000     4.0612   3.292126   1160.885    34.7560    27.5858  1032.9711    1485.85      1.949 0.0000e+00      12.00
   1172.000     4.0617   3.292254   1161.874    34.7565    27.5861  1032.9759    1485.87      1.568 0.0000e+00      15.00
   1173.000     4.0634   3.292517   1162.863    34.7572    27.5865  1032.9809    1485.89      0.960 0.0000e+00      30.00
   1174.000     4.0684   3.293247   1163.851    34.7601    27.5883  1032.9870    1485.93      1.091 0.0000e+00      24.00
   1175.000     4.0764   3.294164   1164.840    34.7620    27.5890  1032.9920    1485.99      1.513 0.0000e+00      15.00
   1176.000     4.0809   3.294734   1165.828    34.7635    27.5897  1032.9971    1486.02      1.644 0.0000e+00      14.00
   1177.000     4.0830   3.295013   1166.817    34.7640    27.5899  1033.0018    1486.05      1.690 0.0000e+00      14.00
   1178.000     4.0847   3.295263   1167.806    34.7647    27.5902  1033.0066    1486.08      1.777 0.0000e+00      14.00
   1179.000     4.0856   3.295395   1168.794    34.7648    27.5902  1033.0111    1486.10      1.875 0.0000e+00      11.00
   1180.000     4.0862   3.295515   1169.783    34.7651    27.5904  1033.0158    1486.12      1.874 0.0000e+00      13.00
