dados/ctd/rad1_doei007.cnv
* Sea-Bird SBE 9 Raw Data File:
* FileName = C:\OceanoEI\OEI007.dat
* Software Version Seasave Win32 v1.10
* Temperature SN = 2326
* Conductivity SN = 2149
* Number of Bytes Per Scan = 12
* Number of Voltage Words = 0
* System UpLoad Time = Nov 03 2001 13:15:23
** H-40 
** Navio Oceanografico ANTARES 
** 173a Comissao Oceanografica 
** OCEANO LESTE I 
** Estacao: OEI007
** Latitude: 11 51.8 S
** Longitude: 035 18.3 W
** Data-Hora (DDHHMMZ/MMM/AA): 031313Z/NOV/01
** Profundidade Local (m): 4337
** N/S do CTD: 11282 
** Operador: 1T E. ALMEIDA
# nquan = 11
# nvalues = 2539                        
# units = specified
# name 0 = prDM: Pressure, Digiquartz [db]
# name 1 = t068C: Temperature [ITS-68, deg C]
# name 2 = c0S/m: Conductivity [S/m]
# name 3 = depSM: Depth [salt water, m], lat = -15
# name 4 = sal00: Salinity [PSU]
# name 5 = sigma-t00: Density [sigma-t, Kg/m^3 ]
# name 6 = density00: Density [density, Kg/m^3]
# name 7 = svCM: Sound Velocity [Chen-Millero, m/s]
# name 8 = dz/dtM: Descent Rate [m/s], WS = 2
# name 9 = flag: flag
# name 10 = nbin: number of scans per bin
# span 0 =      2.000,   2540.000       
# span 1 =     3.1212,    27.0665       
# span 2 =   3.243401,   5.741605       
# span 3 =      1.988,   2509.971       
# span 4 =    34.4431,    37.2062       
# span 5 =    23.8758,    27.8510       
# span 6 =  1023.8843,  1039.4170       
# span 7 =    1480.90,    1541.22       
# span 8 =     -0.083,      3.168       
# span 9 = 0.0000e+00, 0.0000e+00       
# span 10 =       4.00,     298.00      
# interval = decibars: 1                
# start_time = Nov 03 2001 13:15:23
# bad_flag = -9.990e-29
*END*
[from data line 394]
    396.000     7.8621   3.599954    393.309    34.7196    27.0744  1028.8767    1488.11      2.033 0.0000e+00      10.00
    397.000     7.8229   3.596025    394.301    34.7157    27.0772  1028.8843    1487.97      2.060 0.0000e+00      12.00
    398.000     7.8001   3.594027    395.293    34.7163    27.0811  1028.8929    1487.91      1.929 0.0000e+00      11.00
    399.000     7.7822   3.592300    396.285    34.7151    27.0827  1028.8992    1487.85      1.681 0.0000e+00      14.00
    400.000     7.7692   3.591023    397.278    34.7138    27.0836  1028.9048    1487.82      1.475 0.0000e+00      18.00
    401.000     7.7566   3.589718    398.270    34.7118    27.0839  1028.9097    1487.78      1.487 0.0000e+00      16.00
    402.000     7.7389   3.587906    399.262    34.7093    27.0845  1028.9150    1487.73      1.652 0.0000e+00      15.00
    403.000     7.7172   3.585664    400.254    34.7062    27.0853  1028.9205    1487.66      1.776 0.0000e+00      14.00
    404.000     7.6909   3.583075    401.246    34.7040    27.0874  1028.9274    1487.57      1.780 0.0000e+00      12.00
    405.000     7.6665   3.580849    402.239    34.7037    27.0907  1028.9354    1487.50      1.629 0.0000e+00      15.00
    406.000     7.6555   3.579778    403.231    34.7026    27.0914  1028.9408    1487.47      1.292 0.0000e+00      19.00
    407.000     7.6309   3.577344    404.223    34.7003    27.0932  1028.9473    1487.39      0.922 0.0000e+00      29.00
    408.000     7.6158   3.575815    405.215    34.6983    27.0938  1028.9526    1487.35      1.229 0.0000e+00      21.00
    409.000     7.6034   3.574454    406.208    34.6954    27.0934  1028.9568    1487.31      1.843 0.0000e+00      13.00
    410.000     7.5746   3.571292    407.200    34.6894    27.0929  1028.9611    1487.21      2.257 0.0000e+00      10.00
    411.000     7.5342   3.567318    408.192    34.6861    27.0961  1028.9693    1487.07      2.451 0.0000e+00       9.00
    412.000     7.5115   3.565433    409.184    34.6879    27.1008  1028.9787    1487.00      2.485 0.0000e+00       9.00
    413.000     7.5073   3.565163    410.176    34.6886    27.1019  1028.9844    1487.00      2.346 0.0000e+00      10.00
    414.000     7.5025   3.564581    411.168    34.6866    27.1010  1028.9881    1487.00      2.065 0.0000e+00      12.00
    415.000     7.4767   3.561885    412.161    34.6826    27.1016  1028.9934    1486.91      1.633 0.0000e+00      16.00
    416.000     7.4470   3.559143    413.153    34.6819    27.1054  1029.0020    1486.81      1.154 0.0000e+00      20.00
    417.000     7.4225   3.556653    414.145    34.6789    27.1065  1029.0079    1486.73      1.048 0.0000e+00      25.00
    418.000     7.4034   3.554835    415.137    34.6777    27.1083  1029.0144    1486.67      1.367 0.0000e+00      17.00
    419.000     7.3897   3.553301    416.129    34.6742    27.1075  1029.0183    1486.63      1.772 0.0000e+00      13.00
    420.000     7.3711   3.551394    417.121    34.6715    27.1081  1029.0236    1486.57      2.144 0.0000e+00      11.00
    421.000     7.3466   3.548946    418.114    34.6689    27.1095  1029.0298    1486.49      2.422 0.0000e+00      11.00
    422.000     7.3249   3.546848    419.105    34.6673    27.1113  1029.0363    1486.42      2.569 0.0000e+00       8.00
    423.000     7.3062   3.545029    420.098    34.6656    27.1126  1029.0423    1486.37      2.576 0.0000e+00       9.00
    424.000     7.2821   3.542843    421.090    34.6655    27.1159  1029.0504    1486.29      2.389 0.0000e+00       9.00
    425.000     7.2741   3.542210    422.082    34.6660    27.1175  1029.0566    1486.27      1.959 0.0000e+00      12.00
    426.000     7.2663   3.541400    423.074    34.6645    27.1174  1029.0611    1486.26      0.766 0.0000e+00      62.00
    427.000     7.2440   3.539146    424.066    34.6617    27.1184  1029.0669    1486.19      1.514 0.0000e+00      17.00
    428.000     7.2385   3.538621    425.058    34.6611    27.1187  1029.0717    1486.18      2.222 0.0000e+00      10.00
    429.000     7.2297   3.537691    426.050    34.6592    27.1184  1029.0761    1486.16      2.606 0.0000e+00       8.00
    430.000     7.2203   3.536780    427.042    34.6582    27.1190  1029.0813    1486.14      2.759 0.0000e+00       8.00
    431.000     7.2110   3.535922    428.035    34.6576    27.1198  1029.0867    1486.12      2.686 0.0000e+00       8.00
    432.000     7.2022   3.535080    429.027    34.6568    27.1204  1029.0920    1486.10      2.414 0.0000e+00       9.00
    433.000     7.1909   3.534112    430.019    34.6570    27.1222  1029.0984    1486.08      1.916 0.0000e+00      13.00
    434.000     7.1905   3.534150    431.011    34.6573    27.1224  1029.1032    1486.09      1.384 0.0000e+00      20.00
    435.000     7.1911   3.534228    432.003    34.6571    27.1222  1029.1075    1486.11      1.359 0.0000e+00      20.00
    436.000     7.1916   3.534296    432.995    34.6568    27.1219  1029.1117    1486.13      1.706 0.0000e+00      13.00
    437.000     7.1912   3.534260    433.987    34.6564    27.1217  1029.1161    1486.14      1.912 0.0000e+00      12.00
    438.000     7.1897   3.534153    434.979    34.6562    27.1217  1029.1206    1486.15      1.911 0.0000e+00      11.00
    439.000     7.1733   3.532439    435.971    34.6534    27.1218  1029.1255    1486.10      1.711 0.0000e+00      16.00
    440.000     7.1590   3.531198    436.963    34.6537    27.1240  1029.1323    1486.06      1.370 0.0000e+00      17.00
    441.000     7.1513   3.530466    437.955    34.6529    27.1245  1029.1374    1486.05      1.119 0.0000e+00      23.00
    442.000     7.1445   3.529783    438.947    34.6518    27.1246  1029.1421    1486.04      1.295 0.0000e+00      19.00
    443.000     7.1351   3.528831    439.939    34.6503    27.1247  1029.1469    1486.02      1.619 0.0000e+00      14.00
    444.000     7.1276   3.528127    440.931    34.6496    27.1252  1029.1520    1486.00      1.904 0.0000e+00      13.00
    445.000     7.1235   3.527757    441.923    34.6491    27.1254  1029.1568    1486.00      2.079 0.0000e+00      11.00
    446.000     7.1202   3.527439    442.915    34.6485    27.1253  1029.1613    1486.01      2.140 0.0000e+00      12.00
    447.000     7.1133   3.526651    443.908    34.6463    27.1246  1029.1653    1485.99      2.051 0.0000e+00      10.00
    448.000     7.0992   3.525347    444.899    34.6457    27.1261  1029.1713    1485.96      1.785 0.0000e+00      13.00
    449.000     7.0773   3.523224    445.891    34.6438    27.1277  1029.1778    1485.88      1.354 0.0000e+00      20.00
    450.000     7.0543   3.521038    446.883    34.6425    27.1298  1029.1846    1485.81      1.071 0.0000e+00      24.00
    451.000     7.0443   3.520133    447.875    34.6421    27.1309  1029.1904    1485.79      1.249 0.0000e+00      19.00
    452.000     7.0430   3.520006    448.867    34.6416    27.1307  1029.1947    1485.80      1.538 0.0000e+00      15.00
    453.000     7.0410   3.519816    449.859    34.6410    27.1305  1029.1991    1485.81      1.771 0.0000e+00      13.00
    454.000     7.0378   3.519484    450.851    34.6401    27.1302  1029.2034    1485.81      1.916 0.0000e+00      14.00
    455.000     7.0318   3.518926    451.843    34.6394    27.1306  1029.2083    1485.80      1.951 0.0000e+00      11.00
    456.000     7.0173   3.517346    452.835    34.6362    27.1300  1029.2125    1485.76      1.905 0.0000e+00      11.00
    457.000     6.9970   3.515527    453.827    34.6361    27.1328  1029.2200    1485.70      1.724 0.0000e+00      16.00
    458.000     6.9806   3.513961    454.819    34.6349    27.1341  1029.2260    1485.65      1.492 0.0000e+00      16.00
    459.000     6.9688   3.512892    455.811    34.6345    27.1354  1029.2320    1485.62      1.361 0.0000e+00      18.00
    460.000     6.9603   3.512060    456.803    34.6333    27.1357  1029.2369    1485.60      1.389 0.0000e+00      19.00
    461.000     6.9527   3.511326    457.795    34.6325    27.1360  1029.2419    1485.58      1.525 0.0000e+00      15.00
    462.000     6.9420   3.510241    458.787    34.6308    27.1362  1029.2467    1485.56      1.743 0.0000e+00      13.00
    463.000     6.9328   3.509376    459.779    34.6300    27.1368  1029.2519    1485.54      1.926 0.0000e+00      13.00
    464.000     6.9243   3.508640    460.771    34.6300    27.1380  1029.2578    1485.52      2.025 0.0000e+00      11.00
    465.000     6.9242   3.508730    461.763    34.6306    27.1385  1029.2628    1485.54      2.035 0.0000e+00      11.00
    466.000     6.9252   3.508859    462.755    34.6305    27.1383  1029.2672    1485.56      1.937 0.0000e+00      12.00
    467.000     6.9282   3.509297    463.747    34.6319    27.1390  1029.2723    1485.59      1.738 0.0000e+00      16.00
    468.000     6.9408   3.510765    464.739    34.6349    27.1396  1029.2773    1485.66      1.461 0.0000e+00      16.00
    469.000     6.9506   3.511898    465.731    34.6370    27.1399  1029.2821    1485.72      1.167 0.0000e+00      22.00
    470.000     6.9549   3.512410    466.722    34.6378    27.1399  1029.2866    1485.75      1.104 0.0000e+00      23.00
    471.000     6.9578   3.512770    467.714    34.6383    27.1399  1029.2912    1485.78      1.386 0.0000e+00      17.00
    472.000     6.9588   3.512913    468.706    34.6384    27.1399  1029.2957    1485.80      1.764 0.0000e+00      13.00
    473.000     6.9591   3.512991    469.698    34.6385    27.1399  1029.3002    1485.81      2.072 0.0000e+00      12.00
    474.000     6.9592   3.513043    470.690    34.6385    27.1399  1029.3047    1485.83      2.250 0.0000e+00       9.00
    475.000     6.9574   3.512854    471.682    34.6378    27.1395  1029.3090    1485.84      2.275 0.0000e+00      11.00
    476.000     6.9520   3.512330    472.674    34.6369    27.1396  1029.3136    1485.84      2.101 0.0000e+00      12.00
    477.000     6.9423   3.511334    473.666    34.6352    27.1396  1029.3183    1485.81      1.715 0.0000e+00      13.00
    478.000     6.9223   3.509422    474.657    34.6338    27.1413  1029.3247    1485.75      0.962 0.0000e+00      27.00
    479.000     6.8965   3.506927    475.649    34.6317    27.1432  1029.3314    1485.66      0.849 0.0000e+00      31.00
    480.000     6.8905   3.506339    476.641    34.6308    27.1433  1029.3361    1485.65      1.767 0.0000e+00      14.00
    481.000     6.8898   3.506419    477.633    34.6319    27.1443  1029.3416    1485.67      2.299 0.0000e+00      10.00
    482.000     6.8936   3.506990    478.625    34.6339    27.1453  1029.3472    1485.70      2.606 0.0000e+00       9.00
    483.000     6.8927   3.506956    479.617    34.6340    27.1455  1029.3519    1485.72      2.747 0.0000e+00       8.00
    484.000     6.8899   3.506773    480.609    34.6343    27.1461  1029.3572    1485.72      2.701 0.0000e+00       8.00
    485.000     6.8884   3.506768    481.600    34.6353    27.1471  1029.3627    1485.73      2.419 0.0000e+00      10.00
    486.000     6.8884   3.506920    482.592    34.6365    27.1480  1029.3682    1485.75      1.828 0.0000e+00      15.00
    487.000     6.8844   3.506597    483.584    34.6364    27.1485  1029.3733    1485.75      0.903 0.0000e+00      32.00
    488.000     6.8807   3.506337    484.576    34.6368    27.1493  1029.3786    1485.76      1.499 0.0000e+00      16.00
    489.000     6.8820   3.506568    485.568    34.6375    27.1497  1029.3836    1485.78      2.223 0.0000e+00      10.00
    490.000     6.8790   3.506311    486.560    34.6372    27.1499  1029.3883    1485.78      2.508 0.0000e+00      10.00
    491.000     6.8749   3.505878    487.551    34.6361    27.1496  1029.3926    1485.78      2.541 0.0000e+00       9.00
    492.000     6.8691   3.505324    488.543    34.6353    27.1498  1029.3974    1485.77      2.345 0.0000e+00       9.00
    493.000     6.8590   3.504321    489.535    34.6340    27.1501  1029.4024    1485.75      1.838 0.0000e+00      13.00
    494.000     6.8415   3.502713    490.527    34.6334    27.1520  1029.4090    1485.70      0.992 0.0000e+00      30.00
    495.000     6.8290   3.501560    491.519    34.6327    27.1532  1029.4149    1485.66      1.044 0.0000e+00      24.00
    496.000     6.8245   3.501159    492.510    34.6323    27.1535  1029.4198    1485.66      1.560 0.0000e+00      15.00
    497.000     6.8227   3.500996    493.502    34.6319    27.1534  1029.4243    1485.67      1.701 0.0000e+00      12.00
    498.000     6.8188   3.500612    494.494    34.6311    27.1533  1029.4288    1485.67      1.624 0.0000e+00      15.00
    499.000     6.8105   3.499836    495.486    34.6303    27.1538  1029.4339    1485.66      1.457 0.0000e+00      18.00
    500.000     6.8027   3.499117    496.477    34.6298    27.1545  1029.4392    1485.64      1.428 0.0000e+00      17.00
    501.000     6.7950   3.498421    497.469    34.6294    27.1553  1029.4446    1485.63      1.531 0.0000e+00      14.00
    502.000     6.7922   3.498236    498.461    34.6296    27.1558  1029.4497    1485.63      1.652 0.0000e+00      16.00
    503.000     6.7912   3.498169    499.453    34.6295    27.1558  1029.4543    1485.65      1.760 0.0000e+00      14.00
    504.000     6.7886   3.497961    500.444    34.6293    27.1560  1029.4591    1485.65      1.931 0.0000e+00      12.00
    505.000     6.7869   3.497892    501.436    34.6297    27.1566  1029.4642    1485.66      2.118 0.0000e+00      12.00
    506.000     6.7823   3.497462    502.428    34.6291    27.1567  1029.4689    1485.66      2.272 0.0000e+00      10.00
    507.000     6.7734   3.496579    503.420    34.6279    27.1570  1029.4738    1485.64      2.328 0.0000e+00       9.00
    508.000     6.7564   3.494803    504.411    34.6249    27.1569  1029.4785    1485.59      2.271 0.0000e+00      10.00
    509.000     6.7446   3.493956    505.403    34.6269    27.1601  1029.4863    1485.56      2.041 0.0000e+00      13.00
    510.000     6.7419   3.493737    506.395    34.6268    27.1604  1029.4912    1485.57      1.566 0.0000e+00      15.00
    511.000     6.7418   3.493755    507.387    34.6265    27.1602  1029.4956    1485.58      0.666 0.0000e+00      51.00
    512.000     6.7405   3.493636    508.378    34.6261    27.1600  1029.5000    1485.59      1.621 0.0000e+00      16.00
    513.000     6.7360   3.493242    509.370    34.6258    27.1604  1029.5050    1485.59      2.439 0.0000e+00       9.00
    514.000     6.7330   3.493006    510.362    34.6256    27.1607  1029.5099    1485.60      2.851 0.0000e+00       8.00
    515.000     6.7294   3.492724    511.353    34.6257    27.1612  1029.5149    1485.60      3.043 0.0000e+00       8.00
    516.000     6.7280   3.492641    512.345    34.6257    27.1614  1029.5197    1485.61      2.997 0.0000e+00       7.00
    517.000     6.7267   3.492544    513.337    34.6254    27.1614  1029.5242    1485.62      2.717 0.0000e+00       8.00
    518.000     6.7239   3.492252    514.328    34.6246    27.1611  1029.5285    1485.63      2.142 0.0000e+00      12.00
    519.000     6.7174   3.491673    515.320    34.6242    27.1617  1029.5337    1485.62      0.853 0.0000e+00      51.00
    520.000     6.7105   3.491040    516.312    34.6237    27.1622  1029.5388    1485.60      1.245 0.0000e+00      19.00
    521.000     6.7089   3.490918    517.303    34.6235    27.1623  1029.5435    1485.61      1.879 0.0000e+00      12.00
    522.000     6.7077   3.490850    518.295    34.6234    27.1623  1029.5481    1485.63      2.212 0.0000e+00      10.00
    523.000     6.7065   3.490753    519.287    34.6231    27.1623  1029.5526    1485.64      2.338 0.0000e+00      10.00
    524.000     6.7048   3.490625    520.278    34.6229    27.1624  1029.5573    1485.65      2.310 0.0000e+00      10.00
    525.000     6.6996   3.490087    521.270    34.6217    27.1622  1029.5617    1485.64      2.181 0.0000e+00      12.00
