dados/ctd/rad1_doei009.cnv
* Sea-Bird SBE 9 Raw Data File:
* FileName = C:\OceanoEI\OEI009.dat
* Software Version Seasave Win32 v1.10
* Temperature SN = 2326
* Conductivity SN = 2149
* Number of Bytes Per Scan = 12
* Number of Voltage Words = 0
* System UpLoad Time = Nov 03 2001 23:28:47
** H-40 
** Navio Oceanografico ANTARES 
** 173a Comissao Oceanografica 
** OCEANO LESTE I 
** Estacao: OEI009
** Latitude: 10 46.6  S
** Longitude: 034 43.2  W
** Data-Hora (DDHHMMZ/MMM/AA): 032327Z/NOV/01
** Profundidade Local (m): 
** N/S do CTD: 11282 
** Operador: 1T E. ALMEIDA
# nquan = 11
# nvalues = 2537                        
# units = specified
# name 0 = prDM: Pressure, Digiquartz [db]
# name 1 = t068C: Temperature [ITS-68, deg C]
# name 2 = c0S/m: Conductivity [S/m]
# name 3 = depSM: Depth [salt water, m], lat = -15
# name 4 = sal00: Salinity [PSU]
# name 5 = sigma-t00: Density [sigma-t, Kg/m^3 ]
# name 6 = density00: Density [density, Kg/m^3]
# name 7 = svCM: Sound Velocity [Chen-Millero, m/s]
# name 8 = dz/dtM: Descent Rate [m/s], WS = 2
# name 9 = flag: flag
# name 10 = nbin: number of scans per bin
# span 0 =      2.000,   2538.000       
# span 1 =     3.1016,    26.8783       
# span 2 =   3.249684,   5.741730       
# span 3 =      1.988,   2508.006       
# span 4 =    34.4684,    37.1043       
# span 5 =    24.0442,    27.8506       
# span 6 =  1024.0591,  1039.4067       
# span 7 =    1479.76,    1541.17       
# span 8 =     -0.008,      3.534       
# span 9 = 0.0000e+00, 0.0000e+00       
# span 10 =       5.00,     675.00      
# interval = decibars: 1                
# start_time = Nov 03 2001 23:28:47
# bad_flag = -9.990e-29
*END*
[from data line 919]
    921.000     3.9317   3.253392    913.589    34.5614    27.4444  1031.6955    1480.91      3.082 0.0000e+00       6.00
    922.000     3.9315   3.253440    914.579    34.5616    27.4446  1031.7003    1480.93      3.141 0.0000e+00       8.00
    923.000     3.9315   3.253526    915.569    34.5621    27.4450  1031.7053    1480.94      3.007 0.0000e+00       8.00
    924.000     3.9313   3.253609    916.558    34.5629    27.4456  1031.7105    1480.96      2.705 0.0000e+00       8.00
    925.000     3.9311   3.253730    917.548    34.5640    27.4465  1031.7159    1480.98      2.132 0.0000e+00      11.00
    926.000     3.9309   3.253789    918.538    34.5644    27.4469  1031.7208    1481.00      0.966 0.0000e+00      37.00
    927.000     3.9306   3.253904    919.528    34.5655    27.4478  1031.7263    1481.01      0.750 0.0000e+00      32.00
    928.000     3.9298   3.253980    920.517    34.5668    27.4489  1031.7320    1481.03      1.587 0.0000e+00      16.00
    929.000     3.9297   3.254037    921.507    34.5670    27.4491  1031.7368    1481.04      2.044 0.0000e+00      11.00
    930.000     3.9301   3.254133    922.497    34.5672    27.4492  1031.7414    1481.06      2.286 0.0000e+00      10.00
    931.000     3.9305   3.254219    923.486    34.5673    27.4493  1031.7460    1481.08      2.385 0.0000e+00      10.00
    932.000     3.9302   3.254270    924.476    34.5677    27.4496  1031.7510    1481.10      2.338 0.0000e+00      10.00
    933.000     3.9301   3.254317    925.466    34.5679    27.4497  1031.7557    1481.11      2.196 0.0000e+00      11.00
    934.000     3.9299   3.254359    926.456    34.5680    27.4499  1031.7604    1481.13      1.954 0.0000e+00      11.00
    935.000     3.9299   3.254411    927.445    34.5681    27.4499  1031.7650    1481.14      1.653 0.0000e+00      16.00
    936.000     3.9299   3.254454    928.435    34.5682    27.4500  1031.7697    1481.16      1.258 0.0000e+00      19.00
    937.000     3.9296   3.254487    929.425    34.5683    27.4501  1031.7744    1481.18      1.013 0.0000e+00      26.00
    938.000     3.9295   3.254523    930.414    34.5684    27.4502  1031.7790    1481.19      1.416 0.0000e+00      18.00
    939.000     3.9294   3.254582    931.404    34.5686    27.4504  1031.7838    1481.21      1.868 0.0000e+00      12.00
    940.000     3.9293   3.254645    932.394    34.5690    27.4507  1031.7886    1481.23      2.145 0.0000e+00      11.00
    941.000     3.9295   3.254687    933.384    34.5688    27.4506  1031.7931    1481.24      2.220 0.0000e+00       9.00
    942.000     3.9291   3.254687    934.373    34.5687    27.4505  1031.7976    1481.26      2.039 0.0000e+00      12.00
    943.000     3.9285   3.254679    935.363    34.5687    27.4506  1031.8023    1481.27      1.574 0.0000e+00      16.00
    944.000     3.9267   3.254648    936.353    34.5697    27.4516  1031.8078    1481.28      0.901 0.0000e+00      28.00
    945.000     3.9257   3.254756    937.342    34.5716    27.4531  1031.8140    1481.30      1.090 0.0000e+00      26.00
    946.000     3.9233   3.254714    938.332    34.5731    27.4546  1031.8201    1481.31      1.908 0.0000e+00      12.00
    947.000     3.9222   3.254792    939.322    34.5746    27.4559  1031.8259    1481.32      2.425 0.0000e+00      10.00
    948.000     3.9223   3.254883    940.311    34.5751    27.4563  1031.8309    1481.34      2.718 0.0000e+00       8.00
    949.000     3.9230   3.255034    941.301    34.5756    27.4566  1031.8358    1481.36      2.770 0.0000e+00       8.00
    950.000     3.9230   3.255116    942.291    34.5760    27.4570  1031.8407    1481.38      2.591 0.0000e+00       7.00
    951.000     3.9225   3.255135    943.280    34.5763    27.4572  1031.8455    1481.39      1.999 0.0000e+00      13.00
    952.000     3.9240   3.255334    944.270    34.5766    27.4573  1031.8501    1481.41      0.345 0.0000e+00      59.00
    953.000     3.9260   3.255704    945.259    34.5784    27.4585  1031.8558    1481.44      2.335 0.0000e+00       9.00
    954.000     3.9265   3.255867    946.249    34.5792    27.4592  1031.8610    1481.46      3.007 0.0000e+00       8.00
    955.000     3.9270   3.256053    947.239    34.5804    27.4600  1031.8664    1481.48      3.356 0.0000e+00       6.00
    956.000     3.9276   3.256368    948.228    34.5830    27.4620  1031.8730    1481.50      3.528 0.0000e+00       7.00
    957.000     3.9289   3.256674    949.218    34.5847    27.4633  1031.8787    1481.53      3.534 0.0000e+00       7.00
    958.000     3.9295   3.256831    950.207    34.5854    27.4638  1031.8838    1481.55      3.353 0.0000e+00       6.00
    959.000     3.9304   3.257107    951.197    34.5873    27.4651  1031.8897    1481.57      2.943 0.0000e+00       7.00
    960.000     3.9309   3.257281    952.187    34.5883    27.4660  1031.8951    1481.59      2.227 0.0000e+00      11.00
    961.000     3.9313   3.257364    953.176    34.5883    27.4659  1031.8995    1481.61      0.496 0.0000e+00      71.00
    962.000     3.9315   3.257519    954.166    34.5894    27.4667  1031.9050    1481.63      1.367 0.0000e+00      17.00
    963.000     3.9318   3.257714    955.155    34.5910    27.4680  1031.9107    1481.65      1.903 0.0000e+00      13.00
    964.000     3.9320   3.257897    956.145    34.5924    27.4690  1031.9163    1481.66      2.256 0.0000e+00      10.00
    965.000     3.9331   3.258200    957.134    34.5943    27.4705  1031.9223    1481.69      2.477 0.0000e+00       9.00
    966.000     3.9342   3.258407    958.124    34.5950    27.4709  1031.9273    1481.71      2.541 0.0000e+00       9.00
    967.000     3.9348   3.258504    959.113    34.5951    27.4709  1031.9319    1481.73      2.445 0.0000e+00       9.00
    968.000     3.9355   3.258629    960.103    34.5953    27.4710  1031.9365    1481.75      2.164 0.0000e+00      13.00
    969.000     3.9377   3.258963    961.093    34.5965    27.4717  1031.9417    1481.78      1.764 0.0000e+00      13.00
    970.000     3.9400   3.259279    962.082    34.5972    27.4721  1031.9466    1481.80      1.433 0.0000e+00      18.00
    971.000     3.9442   3.259894    963.072    34.5996    27.4736  1031.9525    1481.84      1.475 0.0000e+00      16.00
    972.000     3.9490   3.260511    964.061    34.6014    27.4745  1031.9579    1481.88      1.549 0.0000e+00      16.00
    973.000     3.9518   3.260884    965.051    34.6023    27.4749  1031.9628    1481.91      1.414 0.0000e+00      16.00
    974.000     3.9534   3.261097    966.040    34.6027    27.4750  1031.9674    1481.93      1.134 0.0000e+00      23.00
    975.000     3.9548   3.261296    967.030    34.6031    27.4752  1031.9721    1481.96      1.249 0.0000e+00      20.00
    976.000     3.9553   3.261447    968.020    34.6038    27.4757  1031.9772    1481.98      1.768 0.0000e+00      13.00
    977.000     3.9559   3.261573    969.009    34.6042    27.4760  1031.9820    1482.00      2.180 0.0000e+00      12.00
    978.000     3.9560   3.261646    969.998    34.6044    27.4762  1031.9867    1482.01      2.418 0.0000e+00       9.00
    979.000     3.9561   3.261717    970.988    34.6046    27.4763  1031.9914    1482.03      2.463 0.0000e+00      10.00
    980.000     3.9560   3.261768    971.978    34.6048    27.4764  1031.9961    1482.05      2.313 0.0000e+00      10.00
    981.000     3.9563   3.261830    972.967    34.6047    27.4764  1032.0006    1482.06      1.966 0.0000e+00      11.00
    982.000     3.9562   3.261869    973.956    34.6048    27.4764  1032.0053    1482.08      1.331 0.0000e+00      19.00
    983.000     3.9561   3.261926    974.946    34.6051    27.4767  1032.0100    1482.10      0.627 0.0000e+00      43.00
    984.000     3.9566   3.262151    975.935    34.6066    27.4778  1032.0158    1482.12      1.497 0.0000e+00      16.00
    985.000     3.9572   3.262320    976.925    34.6076    27.4785  1032.0210    1482.14      2.080 0.0000e+00      12.00
    986.000     3.9567   3.262481    977.914    34.6095    27.4801  1032.0272    1482.15      2.393 0.0000e+00       9.00
    987.000     3.9566   3.262547    978.904    34.6098    27.4804  1032.0320    1482.17      2.472 0.0000e+00      10.00
    988.000     3.9565   3.262579    979.893    34.6098    27.4804  1032.0366    1482.19      2.344 0.0000e+00      10.00
    989.000     3.9564   3.262610    980.883    34.6098    27.4804  1032.0411    1482.20      2.009 0.0000e+00      12.00
    990.000     3.9564   3.262642    981.872    34.6097    27.4803  1032.0456    1482.22      1.473 0.0000e+00      15.00
    991.000     3.9563   3.262743    982.861    34.6105    27.4809  1032.0508    1482.24      1.084 0.0000e+00      26.00
    992.000     3.9567   3.263141    983.851    34.6142    27.4839  1032.0583    1482.26      1.381 0.0000e+00      16.00
    993.000     3.9574   3.263466    984.841    34.6168    27.4859  1032.0648    1482.28      1.769 0.0000e+00      14.00
    994.000     3.9579   3.263646    985.830    34.6179    27.4867  1032.0701    1482.30      1.988 0.0000e+00      12.00
    995.000     3.9584   3.263808    986.819    34.6188    27.4873  1032.0753    1482.32      2.013 0.0000e+00      10.00
    996.000     3.9585   3.263878    987.809    34.6189    27.4874  1032.0800    1482.34      1.830 0.0000e+00      14.00
    997.000     3.9587   3.263942    988.798    34.6190    27.4875  1032.0846    1482.36      1.507 0.0000e+00      16.00
    998.000     3.9589   3.263998    989.787    34.6190    27.4875  1032.0891    1482.37      1.331 0.0000e+00      19.00
    999.000     3.9583   3.264050    990.777    34.6197    27.4881  1032.0943    1482.39      1.394 0.0000e+00      18.00
   1000.000     3.9578   3.264166    991.766    34.6211    27.4893  1032.1001    1482.41      1.530 0.0000e+00      16.00
   1001.000     3.9586   3.264342    992.756    34.6218    27.4898  1032.1051    1482.43      1.719 0.0000e+00      14.00
   1002.000     3.9597   3.264571    993.745    34.6229    27.4904  1032.1103    1482.45      1.871 0.0000e+00      12.00
   1003.000     3.9599   3.264687    994.735    34.6235    27.4909  1032.1153    1482.47      1.949 0.0000e+00      13.00
   1004.000     3.9595   3.264688    995.724    34.6234    27.4909  1032.1199    1482.48      1.900 0.0000e+00      11.00
   1005.000     3.9604   3.265124    996.713    34.6272    27.4938  1032.1273    1482.51      1.709 0.0000e+00      14.00
   1006.000     3.9636   3.265728    997.703    34.6303    27.4960  1032.1339    1482.54      1.265 0.0000e+00      19.00
   1007.000     3.9651   3.265966    998.692    34.6311    27.4964  1032.1389    1482.57      0.825 0.0000e+00      33.00
   1008.000     3.9668   3.266298    999.681    34.6328    27.4976  1032.1446    1482.59      1.456 0.0000e+00      16.00
   1009.000     3.9685   3.266609   1000.671    34.6342    27.4985  1032.1500    1482.62      1.951 0.0000e+00      13.00
   1010.000     3.9706   3.266969   1001.660    34.6357    27.4995  1032.1555    1482.64      2.161 0.0000e+00      10.00
   1011.000     3.9721   3.267215   1002.649    34.6365    27.5001  1032.1605    1482.67      2.183 0.0000e+00       9.00
   1012.000     3.9734   3.267444   1003.639    34.6373    27.5005  1032.1655    1482.69      1.990 0.0000e+00      12.00
   1013.000     3.9761   3.267931   1004.628    34.6398    27.5022  1032.1717    1482.72      1.687 0.0000e+00      15.00
   1014.000     3.9787   3.268327   1005.617    34.6412    27.5030  1032.1770    1482.75      1.509 0.0000e+00      17.00
   1015.000     3.9801   3.268536   1006.607    34.6417    27.5033  1032.1818    1482.77      1.666 0.0000e+00      15.00
   1016.000     3.9832   3.269097   1007.596    34.6445    27.5052  1032.1882    1482.81      1.926 0.0000e+00      12.00
   1017.000     3.9873   3.269678   1008.586    34.6466    27.5065  1032.1939    1482.84      2.073 0.0000e+00      11.00
   1018.000     3.9885   3.269871   1009.575    34.6471    27.5067  1032.1987    1482.87      2.024 0.0000e+00      12.00
   1019.000     3.9894   3.270007   1010.564    34.6473    27.5068  1032.2032    1482.89      1.710 0.0000e+00      12.00
   1020.000     3.9899   3.270089   1011.553    34.6472    27.5067  1032.2077    1482.91      0.939 0.0000e+00      33.00
   1021.000     3.9909   3.270281   1012.543    34.6479    27.5071  1032.2127    1482.93      1.044 0.0000e+00      26.00
   1022.000     3.9914   3.270409   1013.532    34.6484    27.5075  1032.2176    1482.95      1.877 0.0000e+00      11.00
   1023.000     3.9918   3.270507   1014.521    34.6486    27.5076  1032.2223    1482.97      2.338 0.0000e+00      11.00
   1024.000     3.9940   3.270969   1015.511    34.6512    27.5095  1032.2286    1483.00      2.548 0.0000e+00       9.00
   1025.000     3.9976   3.271502   1016.500    34.6532    27.5107  1032.2342    1483.03      2.578 0.0000e+00       8.00
   1026.000     3.9988   3.271682   1017.489    34.6536    27.5108  1032.2389    1483.05      2.387 0.0000e+00      11.00
   1027.000     4.0001   3.271909   1018.478    34.6545    27.5114  1032.2440    1483.07      1.943 0.0000e+00      11.00
   1028.000     4.0009   3.272044   1019.468    34.6547    27.5115  1032.2487    1483.09      1.099 0.0000e+00      26.00
   1029.000     4.0013   3.272161   1020.457    34.6551    27.5118  1032.2535    1483.11      0.862 0.0000e+00      29.00
   1030.000     4.0020   3.272335   1021.446    34.6560    27.5124  1032.2587    1483.13      1.659 0.0000e+00      14.00
   1031.000     4.0036   3.272629   1022.436    34.6573    27.5133  1032.2640    1483.16      2.025 0.0000e+00      12.00
   1032.000     4.0047   3.272827   1023.425    34.6579    27.5137  1032.2689    1483.18      2.154 0.0000e+00      10.00
   1033.000     4.0072   3.273292   1024.414    34.6603    27.5153  1032.2750    1483.21      2.046 0.0000e+00      11.00
   1034.000     4.0106   3.273805   1025.403    34.6622    27.5165  1032.2807    1483.24      1.695 0.0000e+00      15.00
   1035.000     4.0121   3.274058   1026.393    34.6632    27.5171  1032.2858    1483.27      1.298 0.0000e+00      20.00
   1036.000     4.0128   3.274272   1027.382    34.6644    27.5180  1032.2912    1483.29      1.384 0.0000e+00      19.00
   1037.000     4.0131   3.274351   1028.371    34.6646    27.5181  1032.2959    1483.31      1.720 0.0000e+00      13.00
   1038.000     4.0133   3.274439   1029.360    34.6649    27.5183  1032.3007    1483.33      1.980 0.0000e+00      12.00
   1039.000     4.0142   3.274600   1030.350    34.6653    27.5185  1032.3054    1483.35      2.137 0.0000e+00      12.00
   1040.000     4.0152   3.274761   1031.339    34.6656    27.5187  1032.3101    1483.37      2.146 0.0000e+00       9.00
   1041.000     4.0157   3.274856   1032.328    34.6658    27.5188  1032.3147    1483.39      1.987 0.0000e+00      12.00
   1042.000     4.0162   3.274960   1033.317    34.6659    27.5189  1032.3193    1483.41      1.634 0.0000e+00      15.00
   1043.000     4.0177   3.275181   1034.306    34.6665    27.5192  1032.3241    1483.43      1.176 0.0000e+00      22.00
   1044.000     4.0205   3.275614   1035.295    34.6681    27.5201  1032.3296    1483.46      0.964 0.0000e+00      26.00
   1045.000     4.0244   3.276205   1036.285    34.6705    27.5216  1032.3355    1483.49      1.175 0.0000e+00      20.00
   1046.000     4.0264   3.276515   1037.274    34.6716    27.5223  1032.3407    1483.52      1.576 0.0000e+00      16.00
   1047.000     4.0268   3.276622   1038.263    34.6719    27.5224  1032.3454    1483.54      1.907 0.0000e+00      13.00
   1048.000     4.0273   3.276723   1039.252    34.6721    27.5226  1032.3501    1483.56      2.129 0.0000e+00      10.00
   1049.000     4.0280   3.276878   1040.241    34.6726    27.5229  1032.3549    1483.58      2.222 0.0000e+00      11.00
   1050.000     4.0296   3.277127   1041.231    34.6734    27.5234  1032.3599    1483.60      2.193 0.0000e+00      10.00
