dados/ctd/rad1_doei003.cnv
* Sea-Bird SBE 9 Raw Data File:
* FileName = C:\OceanoEI\OEI003.dat
* Software Version Seasave Win32 v1.10
* Temperature SN = 2326
* Conductivity SN = 2149
* Number of Bytes Per Scan = 12
* Number of Voltage Words = 0
* System UpLoad Time = Nov 02 2001 12:38:30
** H-40 
** Navio Oceanografico ANTARES 
** 173a Comissao Oceanografica 
** OCEANO LESTE I 
** Estacao: OEI003
** Latitude: 14 18.0 S    
** Longitude: 036 55.4 W
** Data-Hora (DDHHMMZ/MMM/AA): 021234Z/NOV/01
** Profundidade Local (m): 4126
** N/S do CTD: 11282 
** Operador: CT BARREIRA
# nquan = 11
# nvalues = 2533                        
# units = specified
# name 0 = prDM: Pressure, Digiquartz [db]
# name 1 = t068C: Temperature [ITS-68, deg C]
# name 2 = c0S/m: Conductivity [S/m]
# name 3 = depSM: Depth [salt water, m], lat = -15
# name 4 = sal00: Salinity [PSU]
# name 5 = sigma-t00: Density [sigma-t, Kg/m^3 ]
# name 6 = density00: Density [density, Kg/m^3]
# name 7 = svCM: Sound Velocity [Chen-Millero, m/s]
# name 8 = dz/dtM: Descent Rate [m/s], WS = 2
# name 9 = flag: flag
# name 10 = nbin: number of scans per bin
# span 0 =      1.000,   2533.000       
# span 1 =     3.3130,    26.3542       
# span 2 =   3.244297,   5.741203       
# span 3 =      0.994,   2503.094       
# span 4 =    34.4583,    37.3285       
# span 5 =    24.5292,    27.8402       
# span 6 =  1024.5344,  1039.3636       
# span 7 =    1479.88,    1540.17       
# span 8 =      0.087,      2.920       
# span 9 = 0.0000e+00, 0.0000e+00       
# span 10 =       0.00,      82.00      
# interval = decibars: 1                
# start_time = Nov 02 2001 12:38:30
# bad_flag = -9.990e-29
*END*
[from data line 1837]
   1838.000     3.9478   3.331177   1819.253    35.0071    27.7975  1036.1923    1496.83      2.427 0.0000e+00       9.00
   1839.000     3.9471   3.331163   1820.238    35.0071    27.7975  1036.1969    1496.84      2.556 0.0000e+00      10.00
   1840.000     3.9466   3.331176   1821.224    35.0073    27.7977  1036.2016    1496.86      2.571 0.0000e+00      10.00
   1841.000     3.9459   3.331128   1822.209    35.0071    27.7976  1036.2060    1496.87      2.451 0.0000e+00       8.00
   1842.000     3.9450   3.331093   1823.195    35.0071    27.7977  1036.2106    1496.89      2.106 0.0000e+00      12.00
   1843.000     3.9421   3.330859   1824.180    35.0069    27.7979  1036.2154    1496.89      1.455 0.0000e+00      16.00
   1844.000     3.9373   3.330451   1825.166    35.0067    27.7982  1036.2204    1496.89      0.944 0.0000e+00      31.00
   1845.000     3.9352   3.330338   1826.151    35.0071    27.7987  1036.2255    1496.89      1.500 0.0000e+00      13.00
   1846.000     3.9326   3.330090   1827.137    35.0064    27.7985  1036.2298    1496.90      1.584 0.0000e+00      15.00
   1847.000     3.9321   3.330107   1828.122    35.0067    27.7988  1036.2346    1496.92      1.322 0.0000e+00      20.00
   1848.000     3.9335   3.330303   1829.108    35.0070    27.7989  1036.2391    1496.94      1.070 0.0000e+00      23.00
   1849.000     3.9339   3.330404   1830.093    35.0074    27.7991  1036.2438    1496.96      1.209 0.0000e+00      19.00
   1850.000     3.9336   3.330432   1831.079    35.0075    27.7993  1036.2485    1496.97      1.604 0.0000e+00      15.00
   1851.000     3.9329   3.330431   1832.064    35.0077    27.7995  1036.2532    1496.99      1.892 0.0000e+00      12.00
   1852.000     3.9328   3.330465   1833.050    35.0078    27.7996  1036.2578    1497.00      2.019 0.0000e+00      12.00
   1853.000     3.9326   3.330471   1834.035    35.0076    27.7995  1036.2621    1497.02      1.983 0.0000e+00      11.00
   1854.000     3.9324   3.330495   1835.021    35.0076    27.7995  1036.2666    1497.04      1.805 0.0000e+00      13.00
   1855.000     3.9319   3.330495   1836.006    35.0076    27.7995  1036.2712    1497.05      1.514 0.0000e+00      17.00
   1856.000     3.9314   3.330485   1836.991    35.0075    27.7995  1036.2757    1497.06      1.231 0.0000e+00      21.00
   1857.000     3.9309   3.330479   1837.977    35.0075    27.7996  1036.2802    1497.08      0.996 0.0000e+00      23.00
   1858.000     3.9307   3.330506   1838.962    35.0076    27.7996  1036.2848    1497.09      0.977 0.0000e+00      27.00
   1859.000     3.9306   3.330541   1839.948    35.0076    27.7997  1036.2893    1497.11      1.583 0.0000e+00      15.00
   1860.000     3.9295   3.330496   1840.933    35.0077    27.7998  1036.2940    1497.12      1.954 0.0000e+00      11.00
   1861.000     3.9283   3.330430   1841.919    35.0078    27.8000  1036.2987    1497.14      2.151 0.0000e+00      12.00
   1862.000     3.9277   3.330434   1842.904    35.0080    27.8002  1036.3034    1497.15      2.222 0.0000e+00      10.00
   1863.000     3.9276   3.330464   1843.889    35.0080    27.8003  1036.3079    1497.17      2.204 0.0000e+00      11.00
   1864.000     3.9239   3.330105   1844.875    35.0071    27.7999  1036.3122    1497.17      2.035 0.0000e+00      12.00
   1865.000     3.9180   3.329641   1845.860    35.0074    27.8008  1036.3179    1497.16      1.659 0.0000e+00      13.00
   1866.000     3.9165   3.329532   1846.846    35.0072    27.8008  1036.3224    1497.17      0.772 0.0000e+00      37.00
   1867.000     3.9157   3.329504   1847.831    35.0073    27.8010  1036.3271    1497.18      1.240 0.0000e+00      20.00
   1868.000     3.9148   3.329475   1848.816    35.0074    27.8011  1036.3317    1497.20      1.850 0.0000e+00      11.00
   1869.000     3.9135   3.329366   1849.802    35.0071    27.8010  1036.3362    1497.21      2.068 0.0000e+00      13.00
   1870.000     3.9126   3.329327   1850.787    35.0071    27.8011  1036.3408    1497.22      2.128 0.0000e+00      10.00
   1871.000     3.9112   3.329243   1851.773    35.0070    27.8012  1036.3454    1497.23      2.026 0.0000e+00      11.00
   1872.000     3.9100   3.329146   1852.758    35.0067    27.8010  1036.3498    1497.24      1.722 0.0000e+00      15.00
   1873.000     3.9107   3.329275   1853.743    35.0070    27.8012  1036.3544    1497.26      1.247 0.0000e+00      21.00
   1874.000     3.9113   3.329366   1854.729    35.0069    27.8011  1036.3588    1497.28      1.205 0.0000e+00      21.00
   1875.000     3.9116   3.329468   1855.714    35.0073    27.8014  1036.3635    1497.30      1.588 0.0000e+00      14.00
   1876.000     3.9117   3.329512   1856.699    35.0073    27.8013  1036.3679    1497.32      1.721 0.0000e+00      14.00
   1877.000     3.9112   3.329512   1857.685    35.0073    27.8014  1036.3725    1497.33      1.663 0.0000e+00      14.00
   1878.000     3.9110   3.329520   1858.670    35.0071    27.8013  1036.3768    1497.35      1.522 0.0000e+00      16.00
   1879.000     3.9103   3.329493   1859.655    35.0071    27.8013  1036.3814    1497.36      1.334 0.0000e+00      17.00
   1880.000     3.9098   3.329466   1860.641    35.0068    27.8012  1036.3858    1497.38      1.119 0.0000e+00      22.00
   1881.000     3.9067   3.329196   1861.626    35.0065    27.8012  1036.3904    1497.38      1.069 0.0000e+00      23.00
   1882.000     3.9049   3.329087   1862.611    35.0065    27.8015  1036.3952    1497.39      1.278 0.0000e+00      19.00
   1883.000     3.9042   3.329090   1863.597    35.0069    27.8018  1036.4000    1497.40      1.529 0.0000e+00      16.00
   1884.000     3.9049   3.329219   1864.582    35.0072    27.8020  1036.4047    1497.42      1.780 0.0000e+00      12.00
   1885.000     3.9052   3.329313   1865.567    35.0074    27.8022  1036.4093    1497.44      2.005 0.0000e+00      13.00
   1886.000     3.9053   3.329372   1866.553    35.0075    27.8022  1036.4138    1497.46      2.177 0.0000e+00      10.00
   1887.000     3.9052   3.329388   1867.538    35.0074    27.8022  1036.4183    1497.48      2.268 0.0000e+00      10.00
   1888.000     3.9042   3.329339   1868.523    35.0074    27.8022  1036.4229    1497.49      2.278 0.0000e+00      11.00
   1889.000     3.9033   3.329291   1869.508    35.0073    27.8022  1036.4274    1497.50      2.168 0.0000e+00      11.00
   1890.000     3.9017   3.329132   1870.494    35.0066    27.8019  1036.4316    1497.51      1.827 0.0000e+00      12.00
   1891.000     3.8999   3.328981   1871.479    35.0063    27.8018  1036.4361    1497.52      0.438 0.0000e+00      47.00
   1892.000     3.8985   3.328878   1872.464    35.0061    27.8018  1036.4406    1497.53      2.577 0.0000e+00       8.00
   1893.000     3.8944   3.328506   1873.450    35.0055    27.8018  1036.4452    1497.53      2.751 0.0000e+00      10.00
   1894.000     3.8896   3.328092   1874.435    35.0053    27.8021  1036.4502    1497.52      2.732 0.0000e+00       8.00
   1895.000     3.8867   3.327866   1875.420    35.0051    27.8022  1036.4550    1497.53      2.580 0.0000e+00       9.00
   1896.000     3.8859   3.327845   1876.405    35.0052    27.8024  1036.4597    1497.54      2.274 0.0000e+00       9.00
   1897.000     3.8861   3.327911   1877.391    35.0054    27.8025  1036.4642    1497.56      1.710 0.0000e+00      16.00
   1898.000     3.8872   3.328054   1878.376    35.0054    27.8024  1036.4686    1497.58      0.710 0.0000e+00      46.00
   1899.000     3.8864   3.328070   1879.361    35.0059    27.8029  1036.4735    1497.60      1.420 0.0000e+00      18.00
   1900.000     3.8855   3.328059   1880.346    35.0063    27.8033  1036.4784    1497.61      1.971 0.0000e+00      10.00
   1901.000     3.8860   3.328185   1881.332    35.0067    27.8036  1036.4832    1497.63      2.265 0.0000e+00      10.00
   1902.000     3.8862   3.328248   1882.317    35.0068    27.8036  1036.4877    1497.65      2.354 0.0000e+00      10.00
   1903.000     3.8859   3.328259   1883.302    35.0068    27.8037  1036.4922    1497.66      2.272 0.0000e+00      10.00
   1904.000     3.8847   3.328167   1884.287    35.0065    27.8035  1036.4966    1497.67      1.928 0.0000e+00      13.00
   1905.000     3.8835   3.328072   1885.273    35.0062    27.8034  1036.5011    1497.68      1.156 0.0000e+00      24.00
   1906.000     3.8829   3.328059   1886.258    35.0061    27.8034  1036.5055    1497.70      0.919 0.0000e+00      29.00
   1907.000     3.8818   3.328015   1887.243    35.0064    27.8037  1036.5104    1497.71      1.765 0.0000e+00      12.00
   1908.000     3.8811   3.328008   1888.228    35.0065    27.8039  1036.5150    1497.73      1.994 0.0000e+00      10.00
   1909.000     3.8808   3.328003   1889.213    35.0063    27.8038  1036.5194    1497.74      1.957 0.0000e+00      12.00
   1910.000     3.8800   3.327988   1890.199    35.0064    27.8039  1036.5241    1497.75      1.838 0.0000e+00      14.00
   1911.000     3.8787   3.327891   1891.184    35.0062    27.8039  1036.5286    1497.77      1.604 0.0000e+00      14.00
   1912.000     3.8776   3.327826   1892.169    35.0061    27.8039  1036.5332    1497.78      1.230 0.0000e+00      20.00
   1913.000     3.8772   3.327853   1893.154    35.0064    27.8042  1036.5379    1497.79      0.957 0.0000e+00      26.00
   1914.000     3.8770   3.327888   1894.139    35.0065    27.8043  1036.5425    1497.81      1.107 0.0000e+00      21.00
   1915.000     3.8760   3.327830   1895.124    35.0064    27.8043  1036.5470    1497.82      1.316 0.0000e+00      18.00
   1916.000     3.8737   3.327657   1896.110    35.0064    27.8046  1036.5518    1497.83      1.507 0.0000e+00      16.00
   1917.000     3.8728   3.327616   1897.095    35.0064    27.8047  1036.5564    1497.84      1.647 0.0000e+00      15.00
   1918.000     3.8720   3.327594   1898.080    35.0064    27.8047  1036.5611    1497.85      1.747 0.0000e+00      14.00
   1919.000     3.8716   3.327585   1899.065    35.0062    27.8047  1036.5655    1497.87      1.857 0.0000e+00      13.00
   1920.000     3.8705   3.327524   1900.050    35.0062    27.8048  1036.5701    1497.88      1.912 0.0000e+00      12.00
   1921.000     3.8695   3.327471   1901.035    35.0061    27.8048  1036.5747    1497.89      1.859 0.0000e+00      13.00
   1922.000     3.8690   3.327464   1902.021    35.0061    27.8049  1036.5792    1497.91      1.661 0.0000e+00      14.00
   1923.000     3.8677   3.327364   1903.006    35.0058    27.8047  1036.5836    1497.92      1.280 0.0000e+00      17.00
   1924.000     3.8666   3.327308   1903.991    35.0059    27.8049  1036.5883    1497.93      0.981 0.0000e+00      29.00
   1925.000     3.8666   3.327366   1904.976    35.0061    27.8051  1036.5929    1497.95      1.459 0.0000e+00      15.00
   1926.000     3.8659   3.327347   1905.961    35.0062    27.8052  1036.5976    1497.96      1.704 0.0000e+00      14.00
   1927.000     3.8654   3.327350   1906.946    35.0062    27.8053  1036.6022    1497.98      1.729 0.0000e+00      14.00
   1928.000     3.8653   3.327376   1907.931    35.0061    27.8053  1036.6066    1497.99      1.651 0.0000e+00      14.00
   1929.000     3.8651   3.327399   1908.916    35.0061    27.8053  1036.6111    1498.01      1.488 0.0000e+00      16.00
   1930.000     3.8649   3.327414   1909.902    35.0060    27.8052  1036.6155    1498.03      1.236 0.0000e+00      20.00
   1931.000     3.8635   3.327308   1910.887    35.0058    27.8052  1036.6201    1498.04      1.121 0.0000e+00      23.00
   1932.000     3.8624   3.327264   1911.872    35.0059    27.8054  1036.6248    1498.05      1.396 0.0000e+00      17.00
   1933.000     3.8619   3.327279   1912.857    35.0062    27.8056  1036.6295    1498.06      1.661 0.0000e+00      14.00
   1934.000     3.8614   3.327264   1913.842    35.0060    27.8056  1036.6339    1498.08      1.808 0.0000e+00      13.00
   1935.000     3.8599   3.327136   1914.827    35.0056    27.8054  1036.6383    1498.09      1.820 0.0000e+00      13.00
   1936.000     3.8576   3.326976   1915.812    35.0057    27.8057  1036.6432    1498.10      1.662 0.0000e+00      13.00
   1937.000     3.8556   3.326798   1916.797    35.0053    27.8056  1036.6476    1498.10      1.304 0.0000e+00      19.00
   1938.000     3.8538   3.326687   1917.782    35.0053    27.8058  1036.6524    1498.11      1.060 0.0000e+00      23.00
   1939.000     3.8533   3.326703   1918.767    35.0055    27.8060  1036.6571    1498.13      1.353 0.0000e+00      19.00
   1940.000     3.8524   3.326663   1919.752    35.0056    27.8062  1036.6618    1498.14      1.632 0.0000e+00      14.00
   1941.000     3.8516   3.326632   1920.737    35.0055    27.8062  1036.6663    1498.15      1.758 0.0000e+00      13.00
   1942.000     3.8511   3.326632   1921.722    35.0057    27.8063  1036.6709    1498.17      1.765 0.0000e+00      14.00
   1943.000     3.8497   3.326532   1922.707    35.0055    27.8063  1036.6755    1498.18      1.688 0.0000e+00      13.00
   1944.000     3.8492   3.326561   1923.693    35.0059    27.8067  1036.6804    1498.20      1.554 0.0000e+00      16.00
   1945.000     3.8468   3.326388   1924.678    35.0059    27.8070  1036.6852    1498.20      1.423 0.0000e+00      17.00
   1946.000     3.8442   3.326192   1925.663    35.0058    27.8072  1036.6900    1498.21      1.406 0.0000e+00      18.00
   1947.000     3.8409   3.325917   1926.648    35.0056    27.8073  1036.6948    1498.21      1.429 0.0000e+00      16.00
   1948.000     3.8370   3.325586   1927.633    35.0054    27.8075  1036.6996    1498.21      1.313 0.0000e+00      18.00
   1949.000     3.8351   3.325482   1928.618    35.0056    27.8080  1036.7046    1498.22      1.024 0.0000e+00      27.00
   1950.000     3.8336   3.325407   1929.603    35.0059    27.8083  1036.7095    1498.23      1.241 0.0000e+00      19.00
   1951.000     3.8343   3.325559   1930.588    35.0064    27.8087  1036.7143    1498.25      1.679 0.0000e+00      14.00
   1952.000     3.8316   3.325331   1931.573    35.0061    27.8087  1036.7189    1498.26      1.804 0.0000e+00      13.00
   1953.000     3.8289   3.325104   1932.558    35.0058    27.8087  1036.7236    1498.26      1.693 0.0000e+00      13.00
   1954.000     3.8269   3.324956   1933.543    35.0057    27.8088  1036.7282    1498.27      1.392 0.0000e+00      18.00
   1955.000     3.8244   3.324752   1934.528    35.0054    27.8089  1036.7329    1498.28      1.258 0.0000e+00      21.00
   1956.000     3.8215   3.324504   1935.513    35.0051    27.8089  1036.7375    1498.28      1.768 0.0000e+00      15.00
   1957.000     3.8157   3.323945   1936.498    35.0041    27.8088  1036.7421    1498.27      2.243 0.0000e+00      10.00
   1958.000     3.8140   3.323903   1937.483    35.0050    27.8096  1036.7475    1498.28      2.511 0.0000e+00       8.00
   1959.000     3.8143   3.324016   1938.467    35.0054    27.8100  1036.7523    1498.30      2.518 0.0000e+00       9.00
   1960.000     3.8148   3.324079   1939.453    35.0053    27.8098  1036.7565    1498.32      2.269 0.0000e+00      10.00
   1961.000     3.8156   3.324189   1940.437    35.0052    27.8096  1036.7608    1498.34      1.597 0.0000e+00      14.00
   1962.000     3.8171   3.324346   1941.422    35.0051    27.8094  1036.7650    1498.36      0.123 0.0000e+00      55.00
   1963.000     3.8136   3.324075   1942.408    35.0050    27.8097  1036.7700    1498.36      1.301 0.0000e+00      17.00
   1964.000     3.8127   3.324047   1943.392    35.0052    27.8099  1036.7747    1498.38      1.241 0.0000e+00      22.00
   1965.000     3.8125   3.324070   1944.377    35.0052    27.8099  1036.7792    1498.39      1.625 0.0000e+00      15.00
   1966.000     3.8117   3.324045   1945.362    35.0053    27.8101  1036.7838    1498.41      2.045 0.0000e+00      12.00
   1967.000     3.8107   3.323982   1946.347    35.0051    27.8100  1036.7883    1498.42      2.327 0.0000e+00      10.00
