dados/ctd/rad1_doei001.cnv
* Sea-Bird SBE 9 Raw Data File:
* FileName = C:\OceanoEI\OEI001.dat
* Software Version Seasave Win32 v1.10
* Temperature SN = 2326
* Conductivity SN = 2149
* Number of Bytes Per Scan = 12
* Number of Voltage Words = 0
* System UpLoad Time = Nov 02 2001 00:10:52
** H-40 
** Navio Oceanografico ANTARES 
** 173a Comissao Oceanografica 
** OCEANO LESTE I 
** Estacao: OEI001
** Latitude: 15 26.4 S
** Longitude: 037 48.3 W
** Data-Hora (DDHHMMZ/MMM/AA): 020009Z/NOV/01
** Profundidade Local (m): 3500
** N/S do CTD: 11282 
** Operador: CT BARREIRA
# nquan = 10
# nvalues = 2535                        
# units = specified
# name 0 = prDM: Pressure, Digiquartz [db]
# name 1 = t068C: Temperature [ITS-68, deg C]
# name 2 = c0S/m: Conductivity [S/m]
# name 3 = depSM: Depth [salt water, m], lat = -15
# name 4 = sal00: Salinity [PSU]
# name 5 = sigma-t00: Density [sigma-t, Kg/m^3 ]
# name 6 = density00: Density [density, Kg/m^3]
# name 7 = svCM: Sound Velocity [Chen-Millero, m/s]
# name 8 = dz/dtM: Descent Rate [m/s], WS = 2
# name 9 = flag: flag
# span 0 =      1.000,   2535.000       
# span 1 =     3.2497,    26.3348       
# span 2 =   3.237642,   5.740412       
# span 3 =      0.994,   2505.059       
# span 4 =    34.3951,    37.2759       
# span 5 =    24.5406,    27.8401       
# span 6 =  1024.5465,  1039.3762       
# span 7 =    1480.07,    1540.19       
# span 8 =     -0.152,      2.886       
# span 9 = 0.0000e+00, 0.0000e+00       
# interval = decibars: 1                
# start_time = Nov 02 2001 00:10:52
# bad_flag = -9.990e-29
*END*
[from data line 721]
    722.000     4.8700   3.315358    716.531    34.4125    27.2244  1030.5486    1481.31      1.746 0.0000e+00
    723.000     4.8724   3.315670    717.522    34.4132    27.2247  1030.5534    1481.34      1.391 0.0000e+00
    724.000     4.8854   3.317126    718.513    34.4161    27.2256  1030.5586    1481.41      0.913 0.0000e+00
    725.000     4.8987   3.318549    719.503    34.4183    27.2258  1030.5632    1481.49      1.076 0.0000e+00
    726.000     4.8963   3.318402    720.494    34.4185    27.2262  1030.5682    1481.49      1.531 0.0000e+00
    727.000     4.9038   3.319427    721.485    34.4222    27.2283  1030.5747    1481.55      1.804 0.0000e+00
    728.000     4.9077   3.319949    722.476    34.4237    27.2290  1030.5799    1481.58      1.959 0.0000e+00
    729.000     4.9079   3.319983    723.466    34.4233    27.2287  1030.5842    1481.60      2.051 0.0000e+00
    730.000     4.9065   3.320001    724.457    34.4245    27.2299  1030.5899    1481.61      2.063 0.0000e+00
    731.000     4.9028   3.319675    725.447    34.4240    27.2299  1030.5946    1481.61      1.986 0.0000e+00
    732.000     4.8997   3.319411    726.438    34.4237    27.2300  1030.5993    1481.61      1.872 0.0000e+00
    733.000     4.8790   3.317264    727.429    34.4197    27.2292  1030.6034    1481.54      1.675 0.0000e+00
    734.000     4.8502   3.314832    728.420    34.4207    27.2333  1030.6125    1481.44      1.400 0.0000e+00
    735.000     4.8396   3.313780    729.410    34.4190    27.2331  1030.6171    1481.41      1.071 0.0000e+00
    736.000     4.8313   3.313044    730.401    34.4185    27.2336  1030.6224    1481.39      1.088 0.0000e+00
    737.000     4.8227   3.312249    731.391    34.4176    27.2339  1030.6274    1481.37      1.411 0.0000e+00
    738.000     4.8106   3.311072    732.382    34.4160    27.2340  1030.6323    1481.34      1.666 0.0000e+00
    739.000     4.7863   3.308532    733.373    34.4111    27.2329  1030.6362    1481.25      1.818 0.0000e+00
    740.000     4.7535   3.305155    734.363    34.4053    27.2320  1030.6404    1481.12      1.844 0.0000e+00
    741.000     4.6917   3.299006    735.354    34.3972    27.2324  1030.6466    1480.87      1.746 0.0000e+00
    742.000     4.6413   3.294857    736.345    34.4006    27.2407  1030.6604    1480.69      1.608 0.0000e+00
    743.000     4.6276   3.293534    737.335    34.3988    27.2408  1030.6653    1480.65      1.510 0.0000e+00
    744.000     4.6015   3.291203    738.326    34.3983    27.2432  1030.6727    1480.55      1.431 0.0000e+00
    745.000     4.5874   3.289993    739.316    34.3982    27.2448  1030.6791    1480.51      1.355 0.0000e+00
    746.000     4.5796   3.289302    740.307    34.3977    27.2453  1030.6843    1480.50      1.354 0.0000e+00
    747.000     4.5709   3.288555    741.298    34.3975    27.2460  1030.6898    1480.48      1.496 0.0000e+00
    748.000     4.5671   3.288240    742.287    34.3972    27.2462  1030.6947    1480.48      1.655 0.0000e+00
    749.000     4.5615   3.287608    743.279    34.3951    27.2452  1030.6983    1480.47      1.728 0.0000e+00
    750.000     4.5617   3.287925    744.269    34.3982    27.2476  1030.7052    1480.49      1.676 0.0000e+00
    751.000     4.5660   3.288376    745.260    34.3984    27.2473  1030.7095    1480.53      1.618 0.0000e+00
    752.000     4.5700   3.288859    746.251    34.3994    27.2476  1030.7143    1480.56      1.572 0.0000e+00
    753.000     4.5767   3.289727    747.241    34.4021    27.2490  1030.7201    1480.61      1.568 0.0000e+00
    754.000     4.5821   3.290249    748.231    34.4021    27.2484  1030.7240    1480.64      1.555 0.0000e+00
    755.000     4.5843   3.290569    749.222    34.4030    27.2489  1030.7290    1480.67      1.430 0.0000e+00
    756.000     4.5945   3.291926    750.213    34.4078    27.2516  1030.7360    1480.74      1.199 0.0000e+00
    757.000     4.5995   3.292537    751.203    34.4092    27.2522  1030.7411    1480.78      1.375 0.0000e+00
    758.000     4.5982   3.292601    752.194    34.4108    27.2536  1030.7471    1480.79      1.617 0.0000e+00
    759.000     4.5963   3.292568    753.185    34.4119    27.2547  1030.7528    1480.80      1.653 0.0000e+00
    760.000     4.6000   3.293081    754.175    34.4135    27.2556  1030.7582    1480.83      1.513 0.0000e+00
    761.000     4.6069   3.293932    755.165    34.4157    27.2566  1030.7636    1480.88      1.366 0.0000e+00
    762.000     4.6016   3.293476    756.156    34.4154    27.2569  1030.7685    1480.87      1.518 0.0000e+00
    763.000     4.5986   3.293259    757.146    34.4155    27.2573  1030.7736    1480.88      1.784 0.0000e+00
    764.000     4.5956   3.293005    758.137    34.4151    27.2573  1030.7783    1480.88      1.940 0.0000e+00
    765.000     4.5920   3.292736    759.128    34.4152    27.2578  1030.7834    1480.88      1.982 0.0000e+00
    766.000     4.5972   3.293494    760.118    34.4181    27.2595  1030.7895    1480.93      1.860 0.0000e+00
    767.000     4.6021   3.294074    761.108    34.4193    27.2599  1030.7944    1480.96      1.619 0.0000e+00
    768.000     4.6033   3.294258    762.099    34.4197    27.2601  1030.7992    1480.98      1.352 0.0000e+00
    769.000     4.6019   3.294160    763.090    34.4195    27.2601  1030.8038    1481.00      1.205 0.0000e+00
    770.000     4.5914   3.293135    764.080    34.4180    27.2600  1030.8084    1480.97      1.105 0.0000e+00
    771.000     4.5796   3.292117    765.070    34.4177    27.2612  1030.8144    1480.93      1.149 0.0000e+00
    772.000     4.5781   3.292076    766.061    34.4184    27.2618  1030.8196    1480.95      1.408 0.0000e+00
    773.000     4.5741   3.291621    767.051    34.4167    27.2610  1030.8234    1480.94      1.833 0.0000e+00
    774.000     4.5632   3.290741    768.042    34.4172    27.2626  1030.8298    1480.91      2.093 0.0000e+00
    775.000     4.5568   3.289987    769.032    34.4145    27.2611  1030.8331    1480.91      2.203 0.0000e+00
    776.000     4.5495   3.289489    770.023    34.4159    27.2630  1030.8396    1480.89      2.103 0.0000e+00
    777.000     4.5507   3.289640    771.013    34.4159    27.2629  1030.8440    1480.91      1.740 0.0000e+00
    778.000     4.5511   3.289731    772.004    34.4159    27.2629  1030.8486    1480.93      1.311 0.0000e+00
    779.000     4.5470   3.289389    772.994    34.4157    27.2631  1030.8535    1480.93      1.141 0.0000e+00
    780.000     4.5444   3.289201    773.985    34.4157    27.2634  1030.8584    1480.94      1.313 0.0000e+00
    781.000     4.5434   3.289198    774.975    34.4162    27.2639  1030.8635    1480.95      1.390 0.0000e+00
    782.000     4.5461   3.289547    775.965    34.4170    27.2643  1030.8684    1480.98      1.352 0.0000e+00
    783.000     4.5462   3.289622    776.956    34.4172    27.2644  1030.8731    1480.99      1.423 0.0000e+00
    784.000     4.5409   3.289191    777.946    34.4172    27.2649  1030.8783    1480.99      1.645 0.0000e+00
    785.000     4.5339   3.288690    778.937    34.4180    27.2664  1030.8845    1480.98      1.844 0.0000e+00
    786.000     4.5284   3.288055    779.927    34.4159    27.2653  1030.8881    1480.97      1.944 0.0000e+00
    787.000     4.5128   3.286718    780.917    34.4159    27.2671  1030.8947    1480.92      1.945 0.0000e+00
    788.000     4.5078   3.286418    781.907    34.4171    27.2686  1030.9008    1480.92      1.838 0.0000e+00
    789.000     4.5004   3.285747    782.898    34.4164    27.2689  1030.9058    1480.90      1.650 0.0000e+00
    790.000     4.4932   3.285133    783.888    34.4162    27.2694  1030.9111    1480.89      1.447 0.0000e+00
    791.000     4.4896   3.284894    784.879    34.4166    27.2702  1030.9165    1480.89      1.249 0.0000e+00
    792.000     4.4711   3.283355    785.869    34.4173    27.2727  1030.9240    1480.84      0.986 0.0000e+00
    793.000     4.4308   3.279931    786.860    34.4186    27.2781  1030.9347    1480.69      1.198 0.0000e+00
    794.000     4.4240   3.279443    787.850    34.4194    27.2795  1030.9408    1480.68      1.525 0.0000e+00
    795.000     4.4217   3.279238    788.840    34.4189    27.2794  1030.9452    1480.68      1.768 0.0000e+00
    796.000     4.4193   3.279041    789.831    34.4186    27.2793  1030.9498    1480.69      1.861 0.0000e+00
    797.000     4.4149   3.278633    790.821    34.4179    27.2793  1030.9544    1480.68      1.816 0.0000e+00
    798.000     4.4129   3.278515    791.811    34.4181    27.2796  1030.9594    1480.69      1.670 0.0000e+00
    799.000     4.4083   3.278065    792.802    34.4171    27.2794  1030.9638    1480.69      1.606 0.0000e+00
    800.000     4.4044   3.277757    793.792    34.4170    27.2797  1030.9688    1480.69      1.633 0.0000e+00
    801.000     4.4017   3.277536    794.783    34.4168    27.2798  1030.9735    1480.70      1.653 0.0000e+00
    802.000     4.3992   3.277344    795.773    34.4166    27.2800  1030.9783    1480.70      1.528 0.0000e+00
    803.000     4.3941   3.276878    796.763    34.4158    27.2799  1030.9829    1480.70      1.290 0.0000e+00
    804.000     4.3885   3.276422    797.754    34.4158    27.2805  1030.9882    1480.69      1.285 0.0000e+00
    805.000     4.3814   3.275780    798.744    34.4152    27.2808  1030.9932    1480.68      1.463 0.0000e+00
    806.000     4.3734   3.275054    799.734    34.4145    27.2810  1030.9982    1480.66      1.626 0.0000e+00
    807.000     4.3634   3.274337    800.725    34.4160    27.2834  1031.0053    1480.63      1.632 0.0000e+00
    808.000     4.3605   3.274129    801.715    34.4160    27.2837  1031.0102    1480.64      1.432 0.0000e+00
    809.000     4.3483   3.272963    802.705    34.4146    27.2838  1031.0152    1480.60      1.325 0.0000e+00
    810.000     4.3298   3.271466    803.695    34.4157    27.2867  1031.0230    1480.55      1.458 0.0000e+00
    811.000     4.3220   3.270868    804.686    34.4163    27.2880  1031.0290    1480.53      1.623 0.0000e+00
    812.000     4.3193   3.270655    805.676    34.4161    27.2881  1031.0338    1480.53      1.750 0.0000e+00
    813.000     4.3164   3.270453    806.666    34.4162    27.2886  1031.0388    1480.54      1.838 0.0000e+00
    814.000     4.3092   3.269620    807.656    34.4134    27.2871  1031.0421    1480.52      1.867 0.0000e+00
    815.000     4.2930   3.268299    808.647    34.4143    27.2895  1031.0494    1480.47      1.755 0.0000e+00
    816.000     4.2931   3.268578    809.637    34.4169    27.2916  1031.0561    1480.49      1.465 0.0000e+00
    817.000     4.2938   3.268769    810.627    34.4179    27.2923  1031.0613    1480.51      1.186 0.0000e+00
    818.000     4.2910   3.268608    811.617    34.4184    27.2930  1031.0666    1480.52      1.116 0.0000e+00
    819.000     4.2842   3.267947    812.608    34.4172    27.2928  1031.0711    1480.51      1.280 0.0000e+00
    820.000     4.2685   3.266534    813.598    34.4164    27.2938  1031.0770    1480.46      1.567 0.0000e+00
    821.000     4.2418   3.264210    814.588    34.4164    27.2967  1031.0850    1480.36      1.812 0.0000e+00
    822.000     4.2297   3.263587    815.578    34.4212    27.3018  1031.0949    1480.33      1.949 0.0000e+00
    823.000     4.2147   3.262121    816.569    34.4190    27.3016  1031.0996    1480.29      1.933 0.0000e+00
    824.000     4.2036   3.261255    817.559    34.4199    27.3035  1031.1063    1480.26      1.774 0.0000e+00
    825.000     4.1784   3.258870    818.549    34.4176    27.3043  1031.1122    1480.17      1.468 0.0000e+00
    826.000     4.1656   3.257880    819.540    34.4188    27.3066  1031.1193    1480.13      1.126 0.0000e+00
    827.000     4.1590   3.257290    820.530    34.4181    27.3068  1031.1242    1480.12      0.997 0.0000e+00
    828.000     4.1556   3.257002    821.520    34.4177    27.3069  1031.1289    1480.12      1.459 0.0000e+00
    829.000     4.1486   3.256393    822.510    34.4174    27.3073  1031.1341    1480.11      1.887 0.0000e+00
    830.000     4.1438   3.256244    823.500    34.4201    27.3100  1031.1414    1480.11      2.139 0.0000e+00
    831.000     4.1449   3.256478    824.490    34.4213    27.3108  1031.1467    1480.13      2.270 0.0000e+00
    832.000     4.1453   3.256509    825.481    34.4206    27.3103  1031.1508    1480.15      2.186 0.0000e+00
    833.000     4.1472   3.256760    826.471    34.4212    27.3105  1031.1555    1480.17      1.882 0.0000e+00
    834.000     4.1485   3.256962    827.461    34.4216    27.3106  1031.1603    1480.19      1.375 0.0000e+00
    835.000     4.1467   3.256920    828.452    34.4225    27.3116  1031.1658    1480.21      0.821 0.0000e+00
    836.000     4.1436   3.256793    829.442    34.4237    27.3129  1031.1717    1480.21      1.256 0.0000e+00
    837.000     4.1379   3.256453    830.431    34.4252    27.3147  1031.1782    1480.21      1.614 0.0000e+00
    838.000     4.1356   3.256340    831.422    34.4257    27.3153  1031.1834    1480.21      1.810 0.0000e+00
    839.000     4.1255   3.255346    832.412    34.4240    27.3150  1031.1879    1480.18      1.831 0.0000e+00
    840.000     4.1135   3.254398    833.402    34.4248    27.3169  1031.1946    1480.15      1.719 0.0000e+00
    841.000     4.1046   3.253647    834.392    34.4248    27.3178  1031.2003    1480.13      1.473 0.0000e+00
    842.000     4.0982   3.253110    835.383    34.4246    27.3183  1031.2055    1480.12      1.125 0.0000e+00
    843.000     4.0858   3.252061    836.372    34.4247    27.3197  1031.2117    1480.09      1.219 0.0000e+00
    844.000     4.0796   3.251556    837.363    34.4246    27.3203  1031.2170    1480.08      1.639 0.0000e+00
    845.000     4.0730   3.250995    838.353    34.4244    27.3208  1031.2223    1480.07      2.009 0.0000e+00
    846.000     4.0724   3.251011    839.343    34.4247    27.3211  1031.2271    1480.08      2.145 0.0000e+00
    847.000     4.0717   3.250986    840.333    34.4247    27.3212  1031.2318    1480.10      2.111 0.0000e+00
    848.000     4.0709   3.250935    841.323    34.4243    27.3210  1031.2362    1480.11      1.775 0.0000e+00
    849.000     4.0699   3.250860    842.313    34.4241    27.3209  1031.2407    1480.12      1.274 0.0000e+00
    850.000     4.0695   3.250875    843.304    34.4241    27.3209  1031.2453    1480.14      0.999 0.0000e+00
    851.000     4.0693   3.250897    844.293    34.4241    27.3209  1031.2499    1480.15      1.409 0.0000e+00
    852.000     4.0694   3.250949    845.284    34.4240    27.3208  1031.2544    1480.17      1.754 0.0000e+00
    853.000     4.0697   3.251023    846.274    34.4241    27.3209  1031.2590    1480.19      1.899 0.0000e+00
    854.000     4.0680   3.250856    847.264    34.4234    27.3205  1031.2633    1480.19      1.852 0.0000e+00
    855.000     4.0655   3.250720    848.254    34.4239    27.3212  1031.2686    1480.20      1.735 0.0000e+00
    856.000     4.0685   3.251032    849.244    34.4239    27.3209  1031.2728    1480.23      1.640 0.0000e+00
    857.000     4.0698   3.251159    850.234    34.4236    27.3205  1031.2769    1480.25      1.532 0.0000e+00
    858.000     4.0663   3.250892    851.224    34.4236    27.3209  1031.2819    1480.25      1.100 0.0000e+00
    859.000     4.0586   3.250228    852.214    34.4232    27.3213  1031.2872    1480.24      0.822 0.0000e+00
    860.000     4.0529   3.249782    853.204    34.4234    27.3221  1031.2926    1480.23      1.345 0.0000e+00
    861.000     4.0506   3.249642    854.194    34.4236    27.3225  1031.2976    1480.24      1.722 0.0000e+00
    862.000     4.0474   3.249404    855.184    34.4237    27.3229  1031.3027    1480.24      1.862 0.0000e+00
    863.000     4.0423   3.249098    856.174    34.4248    27.3243  1031.3087    1480.24      1.861 0.0000e+00
    864.000     4.0413   3.249037    857.164    34.4247    27.3243  1031.3134    1480.25      1.772 0.0000e+00
