dados/ctd/rad1_doei003.cnv
* Sea-Bird SBE 9 Raw Data File:
* FileName = C:\OceanoEI\OEI003.dat
* Software Version Seasave Win32 v1.10
* Temperature SN = 2326
* Conductivity SN = 2149
* Number of Bytes Per Scan = 12
* Number of Voltage Words = 0
* System UpLoad Time = Nov 02 2001 12:38:30
** H-40 
** Navio Oceanografico ANTARES 
** 173a Comissao Oceanografica 
** OCEANO LESTE I 
** Estacao: OEI003
** Latitude: 14 18.0 S    
** Longitude: 036 55.4 W
** Data-Hora (DDHHMMZ/MMM/AA): 021234Z/NOV/01
** Profundidade Local (m): 4126
** N/S do CTD: 11282 
** Operador: CT BARREIRA
# nquan = 11
# nvalues = 2533                        
# units = specified
# name 0 = prDM: Pressure, Digiquartz [db]
# name 1 = t068C: Temperature [ITS-68, deg C]
# name 2 = c0S/m: Conductivity [S/m]
# name 3 = depSM: Depth [salt water, m], lat = -15
# name 4 = sal00: Salinity [PSU]
# name 5 = sigma-t00: Density [sigma-t, Kg/m^3 ]
# name 6 = density00: Density [density, Kg/m^3]
# name 7 = svCM: Sound Velocity [Chen-Millero, m/s]
# name 8 = dz/dtM: Descent Rate [m/s], WS = 2
# name 9 = flag: flag
# name 10 = nbin: number of scans per bin
# span 0 =      1.000,   2533.000       
# span 1 =     3.3130,    26.3542       
# span 2 =   3.244297,   5.741203       
# span 3 =      0.994,   2503.094       
# span 4 =    34.4583,    37.3285       
# span 5 =    24.5292,    27.8402       
# span 6 =  1024.5344,  1039.3636       
# span 7 =    1479.88,    1540.17       
# span 8 =      0.087,      2.920       
# span 9 = 0.0000e+00, 0.0000e+00       
# span 10 =       0.00,      82.00      
# interval = decibars: 1                
# start_time = Nov 02 2001 12:38:30
# bad_flag = -9.990e-29
*END*
[from data line 132]
    133.000    24.3758   5.547443    132.180    37.2655    25.2464  1025.8185    1537.56      2.444 0.0000e+00       9.00
    134.000    24.3535   5.544905    133.174    37.2645    25.2524  1025.8288    1537.52      2.239 0.0000e+00       9.00
    135.000    24.3371   5.542880    134.167    37.2625    25.2558  1025.8365    1537.49      1.821 0.0000e+00      12.00
    136.000    24.3019   5.537859    135.161    37.2534    25.2595  1025.8446    1537.42      1.273 0.0000e+00      22.00
    137.000    24.2530   5.530837    136.154    37.2404    25.2644  1025.8539    1537.30      1.229 0.0000e+00      21.00
    138.000    24.2126   5.524983    137.147    37.2293    25.2682  1025.8620    1537.20      1.734 0.0000e+00      13.00
    139.000    24.1554   5.516313    138.141    37.2107    25.2712  1025.8694    1537.06      2.123 0.0000e+00      11.00
    140.000    24.1167   5.512134    139.135    37.2108    25.2830  1025.8855    1536.98      2.272 0.0000e+00       9.00
    141.000    24.0834   5.506545    140.128    37.1957    25.2815  1025.8884    1536.90      2.183 0.0000e+00       9.00
    142.000    24.0380   5.500019    141.121    37.1835    25.2859  1025.8972    1536.79      1.797 0.0000e+00      13.00
    143.000    23.9494   5.488500    142.115    37.1692    25.3015  1025.9172    1536.58      1.006 0.0000e+00      24.00
    144.000    23.9368   5.486972    143.108    37.1677    25.3041  1025.9242    1536.56      0.866 0.0000e+00      31.00
    145.000    23.9161   5.483328    144.102    37.1568    25.3021  1025.9264    1536.51      1.775 0.0000e+00      13.00
    146.000    23.8381   5.471254    145.095    37.1293    25.3044  1025.9332    1536.31      2.263 0.0000e+00      10.00
    147.000    23.7172   5.454070    146.089    37.0984    25.3169  1025.9502    1535.99      2.574 0.0000e+00       7.00
    148.000    23.6630   5.448846    147.082    37.1034    25.3368  1025.9744    1535.88      2.703 0.0000e+00      11.00
    149.000    23.5928   5.437659    148.076    37.0758    25.3367  1025.9788    1535.69      2.649 0.0000e+00       9.00
    150.000    23.5163   5.428368    149.069    37.0681    25.3534  1026.0000    1535.51      2.457 0.0000e+00       9.00
    151.000    23.4327   5.417079    150.062    37.0509    25.3650  1026.0160    1535.30      2.078 0.0000e+00      12.00
    152.000    23.3303   5.404642    151.056    37.0405    25.3872  1026.0426    1535.04      1.468 0.0000e+00      15.00
    153.000    23.2375   5.392448    152.049    37.0238    25.4018  1026.0617    1534.81      0.616 0.0000e+00      50.00
    154.000    23.0755   5.369474    153.043    36.9816    25.4170  1026.0816    1534.37      1.657 0.0000e+00      14.00
    155.000    22.9806   5.356728    154.036    36.9621    25.4299  1026.0989    1534.13      2.289 0.0000e+00      11.00
    156.000    22.9112   5.347449    155.030    36.9480    25.4393  1026.1127    1533.95      2.616 0.0000e+00       8.00
    157.000    22.8448   5.337222    156.023    36.9240    25.4403  1026.1182    1533.77      2.729 0.0000e+00       8.00
    158.000    22.7357   5.320957    157.016    36.8886    25.4449  1026.1273    1533.47      2.614 0.0000e+00       9.00
    159.000    22.5776   5.301276    158.010    36.8678    25.4747  1026.1617    1533.06      2.294 0.0000e+00      10.00
    160.000    22.4732   5.288666    159.003    36.8567    25.4962  1026.1878    1532.80      1.735 0.0000e+00      14.00
    161.000    22.3637   5.274668    159.997    36.8390    25.5141  1026.2101    1532.51      1.132 0.0000e+00      26.00
    162.000    22.2537   5.258966    160.990    36.8082    25.5221  1026.2226    1532.21      1.227 0.0000e+00      19.00
    163.000    22.2035   5.252513    161.983    36.7995    25.5297  1026.2347    1532.09      1.690 0.0000e+00      14.00
    164.000    22.1548   5.244892    162.977    36.7803    25.5289  1026.2383    1531.96      1.890 0.0000e+00      11.00
    165.000    22.0292   5.227749    163.970    36.7508    25.5421  1026.2561    1531.61      1.803 0.0000e+00      13.00
    166.000    21.8932   5.211207    164.963    36.7348    25.5683  1026.2869    1531.26      1.486 0.0000e+00      16.00
    167.000    21.8208   5.201968    165.957    36.7227    25.5794  1026.3025    1531.07      1.135 0.0000e+00      23.00
    168.000    21.7567   5.193366    166.950    36.7084    25.5866  1026.3140    1530.90      1.266 0.0000e+00      21.00
    169.000    21.6666   5.181516    167.943    36.6903    25.5981  1026.3301    1530.66      1.753 0.0000e+00      13.00
    170.000    21.5775   5.169164    168.937    36.6673    25.6054  1026.3420    1530.42      2.164 0.0000e+00      11.00
    171.000    21.4871   5.157883    169.930    36.6538    25.6204  1026.3614    1530.18      2.424 0.0000e+00      10.00
    172.000    21.4311   5.151226    170.923    36.6480    25.6315  1026.3770    1530.04      2.502 0.0000e+00       9.00
    173.000    21.3803   5.144208    171.917    36.6348    25.6356  1026.3855    1529.91      2.381 0.0000e+00       9.00
    174.000    21.3305   5.138245    172.910    36.6291    25.6450  1026.3994    1529.79      2.017 0.0000e+00      13.00
    175.000    21.2809   5.132075    173.903    36.6216    25.6530  1026.4118    1529.66      1.348 0.0000e+00      17.00
    176.000    21.2388   5.126626    174.897    36.6134    25.6584  1026.4216    1529.56      0.744 0.0000e+00      37.00
    177.000    21.2084   5.121922    175.890    36.6013    25.6576  1026.4252    1529.48      1.424 0.0000e+00      17.00
    178.000    21.1645   5.116343    176.883    36.5935    25.6638  1026.4358    1529.37      1.869 0.0000e+00      12.00
    179.000    21.1430   5.113347    177.877    36.5874    25.6650  1026.4415    1529.33      2.116 0.0000e+00       9.00
    180.000    21.1053   5.106949    178.870    36.5678    25.6605  1026.4414    1529.22      2.194 0.0000e+00      11.00
    181.000    20.9599   5.088413    179.863    36.5423    25.6810  1026.4666    1528.82      2.156 0.0000e+00      10.00
    182.000    20.8995   5.081526    180.856    36.5380    25.6942  1026.4842    1528.67      2.060 0.0000e+00      14.00
    183.000    20.7672   5.061852    181.850    36.4917    25.6950  1026.4897    1528.28      1.912 0.0000e+00      10.00
    184.000    20.5588   5.037099    182.843    36.4692    25.7344  1026.5339    1527.70      1.685 0.0000e+00      15.00
    185.000    20.3813   5.014827    183.836    36.4398    25.7598  1026.5641    1527.20      1.332 0.0000e+00      19.00
    186.000    20.2413   4.997990    184.830    36.4223    25.7841  1026.5930    1526.82      0.954 0.0000e+00      26.00
    187.000    20.0546   4.973142    185.823    36.3792    25.8009  1026.6147    1526.27      1.265 0.0000e+00      20.00
    188.000    19.9294   4.958174    186.816    36.3637    25.8224  1026.6408    1525.92      1.869 0.0000e+00      13.00
    189.000    19.8446   4.946672    187.809    36.3419    25.8282  1026.6511    1525.68      2.200 0.0000e+00      11.00
    190.000    19.7622   4.935436    188.803    36.3200    25.8332  1026.6607    1525.45      2.340 0.0000e+00       8.00
    191.000    19.6865   4.925989    189.796    36.3070    25.8432  1026.6752    1525.24      2.251 0.0000e+00      10.00
    192.000    19.6138   4.917082    190.789    36.2958    25.8538  1026.6903    1525.04      2.001 0.0000e+00      13.00
    193.000    19.5417   4.908727    191.782    36.2886    25.8672  1026.7083    1524.85      1.637 0.0000e+00      14.00
    194.000    19.4713   4.899830    192.775    36.2754    25.8755  1026.7211    1524.65      1.380 0.0000e+00      18.00
    195.000    19.3677   4.886472    193.769    36.2538    25.8860  1026.7362    1524.35      1.470 0.0000e+00      18.00
    196.000    19.2125   4.866161    194.762    36.2189    25.8995  1026.7546    1523.89      1.682 0.0000e+00      13.00
    197.000    19.0977   4.854337    195.755    36.2195    25.9296  1026.7893    1523.59      1.745 0.0000e+00      13.00
    198.000    19.0621   4.849451    196.748    36.2092    25.9309  1026.7951    1523.49      1.619 0.0000e+00      15.00
    199.000    18.9974   4.841005    197.742    36.1944    25.9362  1026.8049    1523.31      1.308 0.0000e+00      19.00
    200.000    18.8558   4.823092    198.735    36.1669    25.9515  1026.8250    1522.89      1.073 0.0000e+00      26.00
    201.000    18.6635   4.799591    199.728    36.1365    25.9772  1026.8556    1522.32      1.353 0.0000e+00      17.00
    202.000    18.5698   4.787937    200.721    36.1195    25.9881  1026.8710    1522.05      1.763 0.0000e+00      14.00
    203.000    18.4527   4.773323    201.714    36.0979    26.0010  1026.8887    1521.71      2.047 0.0000e+00      11.00
    204.000    18.3673   4.762475    202.707    36.0802    26.0090  1026.9013    1521.46      2.198 0.0000e+00       9.00
    205.000    18.2487   4.747288    203.701    36.0546    26.0192  1026.9162    1521.10      2.234 0.0000e+00      11.00
    206.000    18.1390   4.734687    204.694    36.0432    26.0379  1026.9395    1520.79      2.180 0.0000e+00      10.00
    207.000    18.0496   4.724058    205.687    36.0305    26.0504  1026.9567    1520.53      2.041 0.0000e+00      12.00
    208.000    18.0004   4.718236    206.680    36.0237    26.0574  1026.9682    1520.40      1.780 0.0000e+00      13.00
    209.000    17.8748   4.702134    207.673    35.9958    26.0671  1026.9827    1520.02      1.405 0.0000e+00      18.00
    210.000    17.7234   4.685399    208.666    35.9851    26.0962  1027.0166    1519.58      1.126 0.0000e+00      21.00
    211.000    17.6698   4.678996    209.660    35.9769    26.1030  1027.0280    1519.43      1.313 0.0000e+00      20.00
    212.000    17.6503   4.676368    210.653    35.9711    26.1034  1027.0328    1519.38      1.646 0.0000e+00      14.00
    213.000    17.6067   4.669705    211.646    35.9517    26.0992  1027.0331    1519.25      1.845 0.0000e+00      13.00
    214.000    17.4890   4.654719    212.639    35.9259    26.1081  1027.0467    1518.89      1.904 0.0000e+00      12.00
    215.000    17.3564   4.638697    213.632    35.9040    26.1235  1027.0670    1518.49      1.815 0.0000e+00      13.00
    216.000    17.2208   4.623892    214.625    35.8952    26.1496  1027.0978    1518.09      1.629 0.0000e+00      15.00
    217.000    17.1539   4.616227    215.618    35.8875    26.1598  1027.1126    1517.90      1.434 0.0000e+00      18.00
    218.000    17.0343   4.601759    216.611    35.8671    26.1728  1027.1304    1517.53      1.368 0.0000e+00      16.00
    219.000    16.9715   4.594609    217.604    35.8601    26.1824  1027.1447    1517.35      1.452 0.0000e+00      18.00
    220.000    16.9393   4.590644    218.598    35.8537    26.1852  1027.1519    1517.27      1.563 0.0000e+00      13.00
    221.000    16.9096   4.587041    219.591    35.8482    26.1881  1027.1593    1517.19      1.671 0.0000e+00      15.00
    222.000    16.9011   4.586010    220.584    35.8463    26.1886  1027.1642    1517.18      1.767 0.0000e+00      14.00
    223.000    16.8537   4.579568    221.577    35.8317    26.1887  1027.1688    1517.03      1.826 0.0000e+00      13.00
    224.000    16.8040   4.573915    222.570    35.8260    26.1961  1027.1808    1516.89      1.851 0.0000e+00      12.00
    225.000    16.7258   4.563624    223.563    35.8048    26.1984  1027.1878    1516.65      1.848 0.0000e+00      13.00
    226.000    16.6086   4.550406    224.556    35.7927    26.2168  1027.2109    1516.30      1.835 0.0000e+00      14.00
    227.000    16.5274   4.541385    225.549    35.7852    26.2301  1027.2289    1516.06      1.781 0.0000e+00      12.00
    228.000    16.5035   4.538991    226.542    35.7851    26.2357  1027.2389    1516.01      1.650 0.0000e+00      15.00
    229.000    16.4918   4.537593    227.535    35.7828    26.2367  1027.2444    1515.99      1.464 0.0000e+00      17.00
    230.000    16.4344   4.529974    228.528    35.7664    26.2375  1027.2498    1515.81      1.314 0.0000e+00      18.00
    231.000    16.3294   4.517314    229.521    35.7479    26.2477  1027.2648    1515.48      1.347 0.0000e+00      18.00
    232.000    16.2097   4.503139    230.514    35.7289    26.2609  1027.2829    1515.11      1.541 0.0000e+00      16.00
    233.000    16.1311   4.493387    231.507    35.7122    26.2664  1027.2929    1514.87      1.689 0.0000e+00      14.00
    234.000    16.0174   4.479793    232.500    35.6928    26.2776  1027.3090    1514.51      1.726 0.0000e+00      13.00
    235.000    15.9117   4.467950    233.494    35.6815    26.2932  1027.3294    1514.19      1.652 0.0000e+00      14.00
    236.000    15.8527   4.461629    234.487    35.6776    26.3037  1027.3445    1514.02      1.455 0.0000e+00      17.00
    237.000    15.8076   4.456427    235.480    35.6713    26.3091  1027.3545    1513.89      1.280 0.0000e+00      20.00
    238.000    15.7658   4.451407    236.472    35.6635    26.3127  1027.3626    1513.77      1.464 0.0000e+00      17.00
    239.000    15.7431   4.448591    237.465    35.6583    26.3138  1027.3682    1513.71      1.924 0.0000e+00      13.00
    240.000    15.6845   4.440039    238.459    35.6339    26.3084  1027.3675    1513.52      2.250 0.0000e+00      10.00
    241.000    15.5612   4.425720    239.452    35.6159    26.3224  1027.3864    1513.13      2.393 0.0000e+00       8.00
    242.000    15.5042   4.420275    240.445    35.6178    26.3368  1027.4053    1512.97      2.321 0.0000e+00       9.00
    243.000    15.4645   4.414972    241.437    35.6055    26.3362  1027.4093    1512.85      2.026 0.0000e+00      12.00
    244.000    15.2476   4.389463    242.431    35.5704    26.3577  1027.4361    1512.15      1.488 0.0000e+00      17.00
    245.000    15.1062   4.375059    243.424    35.5673    26.3868  1027.4701    1511.72      0.970 0.0000e+00      28.00
    246.000    15.0590   4.369096    244.416    35.5554    26.3881  1027.4760    1511.57      1.348 0.0000e+00      19.00
    247.000    15.0271   4.365130    245.409    35.5478    26.3893  1027.4818    1511.48      1.903 0.0000e+00      12.00
    248.000    14.9802   4.358933    246.402    35.5336    26.3886  1027.4857    1511.33      2.221 0.0000e+00       9.00
    249.000    14.9240   4.352239    247.395    35.5230    26.3929  1027.4946    1511.16      2.308 0.0000e+00      11.00
    250.000    14.8388   4.342810    248.388    35.5139    26.4046  1027.5111    1510.89      2.165 0.0000e+00      10.00
    251.000    14.7600   4.333675    249.381    35.5015    26.4123  1027.5235    1510.64      1.789 0.0000e+00      14.00
    252.000    14.6656   4.323686    250.374    35.4955    26.4281  1027.5442    1510.35      1.106 0.0000e+00      25.00
    253.000    14.6169   4.317988    251.367    35.4871    26.4323  1027.5530    1510.21      0.857 0.0000e+00      30.00
    254.000    14.5569   4.310305    252.360    35.4708    26.4327  1027.5580    1510.01      1.624 0.0000e+00      14.00
    255.000    14.4895   4.301815    253.353    35.4536    26.4340  1027.5641    1509.79      2.115 0.0000e+00      12.00
    256.000    14.3828   4.289811    254.346    35.4399    26.4464  1027.5813    1509.45      2.393 0.0000e+00       8.00
    257.000    14.3316   4.285052    255.339    35.4424    26.4592  1027.5988    1509.31      2.456 0.0000e+00       9.00
    258.000    14.3077   4.282384    256.332    35.4391    26.4618  1027.6060    1509.24      2.341 0.0000e+00      11.00
    259.000    14.2773   4.278996    257.325    35.4351    26.4652  1027.6139    1509.16      2.046 0.0000e+00      12.00
    260.000    14.2558   4.276875    258.318    35.4347    26.4695  1027.6227    1509.10      1.641 0.0000e+00      14.00
    261.000    14.2054   4.270814    259.310    35.4243    26.4722  1027.6300    1508.95      1.305 0.0000e+00      20.00
    262.000    14.1403   4.263768    260.303    35.4181    26.4813  1027.6438    1508.75      1.408 0.0000e+00      18.00
