dados/ctd/rad1_doei011.cnv
* Sea-Bird SBE 9 Raw Data File:
* FileName = C:\OceanoEI\OEI011.dat
* Software Version Seasave Win32 v1.10
* Temperature SN = 2326
* Conductivity SN = 2149
* Number of Bytes Per Scan = 12
* Number of Voltage Words = 0
* System UpLoad Time = Nov 04 2001 10:35:35
** H-40 
** Navio Oceanografico ANTARES 
** 173a Comissao Oceanografica 
** OCEANO LESTE I 
** Estacao: OEI11
** Latitude: 09 44.0 S 
** Longitude: 033 52.6 W
** Data-Hora (DDHHMMZ/MMM/AA): 041030Z/NOV/01
** Profundidade Local (m): 4696
** N/S do CTD: 11282 
** Operador: 1T E. ALMEIDA
# nquan = 11
# nvalues = 2543                        
# units = specified
# name 0 = prDM: Pressure, Digiquartz [db]
# name 1 = t068C: Temperature [ITS-68, deg C]
# name 2 = c0S/m: Conductivity [S/m]
# name 3 = depSM: Depth [salt water, m], lat = -15
# name 4 = sal00: Salinity [PSU]
# name 5 = sigma-t00: Density [sigma-t, Kg/m^3 ]
# name 6 = density00: Density [density, Kg/m^3]
# name 7 = svCM: Sound Velocity [Chen-Millero, m/s]
# name 8 = dz/dtM: Descent Rate [m/s], WS = 2
# name 9 = flag: flag
# name 10 = nbin: number of scans per bin
# span 0 =      1.000,   2543.000       
# span 1 =     3.1324,    27.0694       
# span 2 =   3.257698,   5.754064       
# span 3 =      0.994,   2512.918       
# span 4 =    34.4714,    37.0602       
# span 5 =    23.8511,    27.8553       
# span 6 =  1023.8557,  1039.4336       
# span 7 =    1479.60,    1541.78       
# span 8 =     -0.521,      3.393       
# span 9 = 0.0000e+00, 0.0000e+00       
# span 10 =       6.00,     252.00      
# interval = decibars: 1                
# start_time = Nov 04 2001 10:35:35
# bad_flag = -9.990e-29
*END*
[from data line 132]
    133.000    23.7704   5.442146    132.180    36.9674    25.2018  1025.7749    1535.75      1.558 0.0000e+00      17.00
    134.000    23.7495   5.439484    133.174    36.9641    25.2055  1025.7829    1535.71      1.869 0.0000e+00      12.00
    135.000    23.7314   5.437015    134.167    36.9599    25.2077  1025.7895    1535.67      2.059 0.0000e+00      10.00
    136.000    23.7221   5.435939    135.160    36.9591    25.2098  1025.7959    1535.67      2.049 0.0000e+00      11.00
    137.000    23.7161   5.435139    136.154    36.9576    25.2105  1025.8009    1535.67      1.831 0.0000e+00      13.00
    138.000    23.7088   5.434203    137.147    36.9561    25.2115  1025.8062    1535.67      1.303 0.0000e+00      18.00
    139.000    23.6863   5.431102    138.141    36.9507    25.2141  1025.8131    1535.62      0.727 0.0000e+00      40.00
    140.000    23.6599   5.427386    139.134    36.9439    25.2167  1025.8201    1535.56      1.398 0.0000e+00      16.00
    141.000    23.5862   5.417540    140.128    36.9294    25.2275  1025.8353    1535.38      1.864 0.0000e+00      13.00
    142.000    23.4879   5.405410    141.121    36.9178    25.2477  1025.8600    1535.14      2.076 0.0000e+00      11.00
    143.000    23.4212   5.398353    142.115    36.9189    25.2682  1025.8848    1534.99      2.152 0.0000e+00      10.00
    144.000    23.3722   5.391449    143.108    36.9062    25.2730  1025.8940    1534.87      2.126 0.0000e+00      12.00
    145.000    23.2812   5.380466    144.102    36.8972    25.2928  1025.9183    1534.65      2.103 0.0000e+00      12.00
    146.000    23.1839   5.367055    145.095    36.8745    25.3041  1025.9341    1534.39      2.114 0.0000e+00      10.00
    147.000    23.0771   5.354401    146.089    36.8657    25.3286  1025.9630    1534.13      2.142 0.0000e+00      12.00
    148.000    23.0241   5.348519    147.082    36.8642    25.3428  1025.9817    1534.01      2.107 0.0000e+00      12.00
    149.000    22.9839   5.343083    148.076    36.8553    25.3478  1025.9910    1533.92      2.006 0.0000e+00      12.00
    150.000    22.9000   5.331665    149.069    36.8366    25.3579  1026.0056    1533.70      1.828 0.0000e+00      12.00
    151.000    22.7074   5.306688    150.063    36.8034    25.3884  1026.0407    1533.19      1.603 0.0000e+00      15.00
    152.000    22.5410   5.287074    151.056    36.7898    25.4259  1026.0829    1532.76      1.337 0.0000e+00      17.00
    153.000    22.4173   5.271869    152.049    36.7745    25.4497  1026.1112    1532.45      1.045 0.0000e+00      25.00
    154.000    22.3133   5.257887    153.043    36.7520    25.4623  1026.1283    1532.17      0.942 0.0000e+00      23.00
    155.000    22.1606   5.237877    154.036    36.7231    25.4838  1026.1543    1531.76      1.234 0.0000e+00      20.00
    156.000    22.0441   5.223048    155.030    36.7041    25.5024  1026.1775    1531.45      1.523 0.0000e+00      16.00
    157.000    21.9557   5.211106    156.023    36.6842    25.5122  1026.1918    1531.21      1.642 0.0000e+00      13.00
    158.000    21.8080   5.193034    157.016    36.6656    25.5396  1026.2239    1530.82      1.645 0.0000e+00      15.00
    159.000    21.7475   5.185948    158.010    36.6604    25.5526  1026.2413    1530.68      1.668 0.0000e+00      15.00
    160.000    21.6554   5.173021    159.003    36.6353    25.5594  1026.2525    1530.42      1.806 0.0000e+00      13.00
    161.000    21.5092   5.156184    159.997    36.6249    25.5922  1026.2900    1530.04      2.039 0.0000e+00      13.00
    162.000    21.4701   5.151894    160.990    36.6236    25.6021  1026.3043    1529.95      2.270 0.0000e+00      10.00
    163.000    21.4152   5.144096    161.983    36.6077    25.6052  1026.3118    1529.80      2.441 0.0000e+00      10.00
    164.000    21.3006   5.126607    162.976    36.5647    25.6042  1026.3155    1529.47      2.457 0.0000e+00       9.00
    165.000    21.1254   5.105276    163.970    36.5425    25.6357  1026.3516    1529.00      2.315 0.0000e+00      10.00
    166.000    21.0350   5.096569    164.963    36.5492    25.6657  1026.3861    1528.78      1.908 0.0000e+00      12.00
    167.000    20.9712   5.088637    165.957    36.5395    25.6758  1026.4006    1528.61      1.098 0.0000e+00      25.00
    168.000    20.8892   5.078011    166.950    36.5234    25.6859  1026.4153    1528.39      0.567 0.0000e+00      40.00
    169.000    20.7944   5.064964    167.943    36.4987    25.6929  1026.4268    1528.12      1.873 0.0000e+00      15.00
    170.000    20.6813   5.048137    168.937    36.4588    25.6932  1026.4318    1527.79      2.456 0.0000e+00       8.00
    171.000    20.4890   5.024318    169.930    36.4297    25.7231  1026.4664    1527.25      2.858 0.0000e+00       8.00
    172.000    20.3296   5.003382    170.923    36.3955    25.7400  1026.4879    1526.79      3.085 0.0000e+00       7.00
    173.000    20.1892   4.985203    171.917    36.3672    25.7559  1026.5085    1526.40      3.146 0.0000e+00       7.00
    174.000    20.0111   4.962517    172.910    36.3341    25.7781  1026.5355    1525.88      3.039 0.0000e+00       8.00
    175.000    19.8678   4.946432    173.903    36.3250    25.8091  1026.5712    1525.50      2.775 0.0000e+00       8.00
    176.000    19.7249   4.929668    174.897    36.3097    25.8352  1026.6019    1525.10      2.256 0.0000e+00      11.00
    177.000    19.5789   4.912712    175.890    36.2953    25.8625  1026.6340    1524.69      1.391 0.0000e+00      17.00
    178.000    19.4598   4.898644    176.883    36.2815    25.8831  1026.6591    1524.36      0.132 0.0000e+00      57.00
    179.000    19.4786   4.899468    177.877    36.2715    25.8706  1026.6510    1524.42      1.961 0.0000e+00      13.00
    180.000    19.4145   4.890815    178.870    36.2549    25.8746  1026.6595    1524.24      2.318 0.0000e+00      10.00
    181.000    19.3570   4.882340    179.863    36.2338    25.8735  1026.6628    1524.07      2.492 0.0000e+00       8.00
    182.000    19.1924   4.861692    180.857    36.2042    25.8935  1026.6876    1523.59      2.467 0.0000e+00      10.00
    183.000    19.0357   4.842370    181.850    36.1783    25.9141  1026.7130    1523.13      2.289 0.0000e+00      10.00
    184.000    18.7576   4.809237    182.843    36.1420    25.9575  1026.7615    1522.32      1.975 0.0000e+00      12.00
    185.000    18.6826   4.802491    183.836    36.1502    25.9829  1026.7914    1522.13      1.602 0.0000e+00      16.00
    186.000    18.5080   4.779911    184.830    36.1116    25.9976  1026.8109    1521.60      1.360 0.0000e+00      18.00
    187.000    18.3592   4.762476    185.823    36.0937    26.0214  1026.8395    1521.17      1.424 0.0000e+00      17.00
    188.000    18.2890   4.753982    186.816    36.0827    26.0306  1026.8532    1520.97      1.595 0.0000e+00      15.00
    189.000    18.1784   4.739739    187.809    36.0581    26.0394  1026.8667    1520.64      1.721 0.0000e+00      13.00
    190.000    18.1177   4.733495    188.803    36.0578    26.0544  1026.8862    1520.48      1.770 0.0000e+00      12.00
    191.000    18.0899   4.729567    189.796    36.0483    26.0540  1026.8902    1520.41      1.743 0.0000e+00      15.00
    192.000    18.0222   4.720765    190.789    36.0322    26.0585  1026.8993    1520.21      1.652 0.0000e+00      14.00
    193.000    17.9342   4.709824    191.782    36.0156    26.0676  1026.9130    1519.95      1.542 0.0000e+00      16.00
    194.000    17.8506   4.700191    192.775    36.0062    26.0811  1026.9311    1519.71      1.464 0.0000e+00      16.00
    195.000    17.7679   4.690123    193.769    35.9922    26.0907  1026.9453    1519.47      1.504 0.0000e+00      17.00
    196.000    17.7279   4.685403    194.762    35.9866    26.0962  1026.9553    1519.36      1.635 0.0000e+00      14.00
    197.000    17.6993   4.681395    195.755    35.9769    26.0958  1026.9594    1519.28      1.729 0.0000e+00      14.00
    198.000    17.4687   4.648459    196.748    35.8957    26.0898  1026.9585    1518.53      1.731 0.0000e+00      13.00
    199.000    17.0863   4.606214    197.741    35.8671    26.1603  1027.0345    1517.37      1.633 0.0000e+00      15.00
    200.000    16.8498   4.579176    198.735    35.8407    26.1965  1027.0758    1516.65      1.507 0.0000e+00      15.00
    201.000    16.7113   4.562844    199.728    35.8204    26.2138  1027.0979    1516.23      1.458 0.0000e+00      17.00
    202.000    16.5803   4.546513    200.721    35.7930    26.2236  1027.1125    1515.82      1.473 0.0000e+00      15.00
    203.000    16.3987   4.526226    201.714    35.7758    26.2530  1027.1469    1515.26      1.380 0.0000e+00      17.00
    204.000    16.3356   4.519009    202.707    35.7680    26.2618  1027.1602    1515.08      1.176 0.0000e+00      21.00
    205.000    16.2952   4.513890    203.701    35.7585    26.2638  1027.1668    1514.96      1.311 0.0000e+00      18.00
    206.000    16.2526   4.508656    204.694    35.7497    26.2670  1027.1745    1514.84      1.869 0.0000e+00      14.00
    207.000    16.2248   4.504435    205.687    35.7368    26.2635  1027.1755    1514.75      2.273 0.0000e+00      10.00
    208.000    16.1608   4.496357    206.680    35.7219    26.2669  1027.1835    1514.56      2.470 0.0000e+00      10.00
    209.000    16.0602   4.483539    207.673    35.6976    26.2714  1027.1928    1514.24      2.483 0.0000e+00       9.00
    210.000    15.9371   4.469274    208.666    35.6805    26.2866  1027.2127    1513.86      2.336 0.0000e+00       9.00
    211.000    15.7872   4.452495    209.659    35.6648    26.3087  1027.2398    1513.39      2.064 0.0000e+00      12.00
    212.000    15.6044   4.430896    210.653    35.6351    26.3275  1027.2635    1512.81      1.715 0.0000e+00      14.00
    213.000    15.4799   4.417789    211.646    35.6290    26.3508  1027.2917    1512.43      1.353 0.0000e+00      19.00
    214.000    15.3393   4.401274    212.639    35.6065    26.3651  1027.3108    1511.98      0.989 0.0000e+00      25.00
    215.000    15.2263   4.388684    213.632    35.5943    26.3809  1027.3315    1511.63      1.104 0.0000e+00      25.00
    216.000    15.1907   4.384142    214.625    35.5849    26.3816  1027.3367    1511.52      1.556 0.0000e+00      14.00
    217.000    15.1614   4.380579    215.618    35.5788    26.3834  1027.3430    1511.44      1.872 0.0000e+00      13.00
    218.000    15.1341   4.377318    216.611    35.5734    26.3853  1027.3495    1511.37      1.984 0.0000e+00      10.00
    219.000    15.1173   4.375364    217.604    35.5705    26.3868  1027.3554    1511.33      1.936 0.0000e+00      14.00
    220.000    15.0722   4.370142    218.598    35.5636    26.3915  1027.3646    1511.19      1.820 0.0000e+00      12.00
    221.000    15.0409   4.366720    219.591    35.5603    26.3959  1027.3736    1511.11      1.789 0.0000e+00      15.00
    222.000    15.0102   4.362688    220.584    35.5511    26.3955  1027.3777    1511.02      1.834 0.0000e+00      12.00
    223.000    14.9550   4.356150    221.577    35.5412    26.4001  1027.3869    1510.85      1.790 0.0000e+00      13.00
    224.000    14.8973   4.349863    222.570    35.5358    26.4086  1027.4000    1510.67      1.565 0.0000e+00      15.00
    225.000    14.8514   4.344649    223.563    35.5295    26.4138  1027.4098    1510.54      1.238 0.0000e+00      21.00
    226.000    14.8162   4.340432    224.556    35.5225    26.4161  1027.4167    1510.44      1.131 0.0000e+00      21.00
    227.000    14.7610   4.333878    225.549    35.5123    26.4204  1027.4256    1510.26      1.360 0.0000e+00      18.00
    228.000    14.7005   4.326586    226.542    35.5002    26.4242  1027.4340    1510.07      1.609 0.0000e+00      15.00
    229.000    14.5660   4.310184    227.535    35.4716    26.4313  1027.4462    1509.63      1.828 0.0000e+00      13.00
    230.000    14.4505   4.298630    228.528    35.4701    26.4552  1027.4748    1509.27      2.008 0.0000e+00      12.00
    231.000    14.4112   4.294533    229.522    35.4679    26.4618  1027.4861    1509.16      2.094 0.0000e+00      11.00
    232.000    14.3640   4.288934    230.514    35.4588    26.4650  1027.4939    1509.02      2.094 0.0000e+00      12.00
    233.000    14.3341   4.286239    231.507    35.4609    26.4730  1027.5064    1508.94      2.002 0.0000e+00      11.00
    234.000    14.3126   4.283520    232.500    35.4550    26.4731  1027.5110    1508.88      1.834 0.0000e+00      14.00
    235.000    14.2367   4.275158    233.493    35.4466    26.4828  1027.5254    1508.64      1.588 0.0000e+00      14.00
    236.000    14.1675   4.267203    234.487    35.4358    26.4892  1027.5365    1508.42      1.300 0.0000e+00      20.00
    237.000    14.0840   4.258546    235.480    35.4316    26.5037  1027.5558    1508.17      1.179 0.0000e+00      21.00
    238.000    14.0308   4.252172    236.473    35.4206    26.5065  1027.5632    1508.00      1.391 0.0000e+00      17.00
    239.000    13.9734   4.245648    237.466    35.4122    26.5121  1027.5735    1507.82      1.618 0.0000e+00      15.00
    240.000    13.8940   4.236104    238.459    35.3957    26.5161  1027.5822    1507.56      1.708 0.0000e+00      13.00
    241.000    13.8020   4.226957    239.452    35.3944    26.5343  1027.6052    1507.27      1.670 0.0000e+00      13.00
    242.000    13.7835   4.225289    240.445    35.3954    26.5390  1027.6145    1507.23      1.542 0.0000e+00      17.00
    243.000    13.7772   4.224526    241.438    35.3936    26.5389  1027.6188    1507.22      1.402 0.0000e+00      18.00
    244.000    13.7564   4.221907    242.430    35.3879    26.5389  1027.6233    1507.17      1.402 0.0000e+00      17.00
    245.000    13.7193   4.217522    243.424    35.3805    26.5409  1027.6299    1507.05      1.627 0.0000e+00      15.00
    246.000    13.6767   4.212741    244.416    35.3745    26.5451  1027.6388    1506.92      1.935 0.0000e+00      13.00
    247.000    13.6180   4.205393    245.409    35.3592    26.5455  1027.6438    1506.73      2.182 0.0000e+00      10.00
    248.000    13.5479   4.198141    246.402    35.3554    26.5570  1027.6601    1506.51      2.313 0.0000e+00      10.00
    249.000    13.5103   4.193812    247.395    35.3489    26.5598  1027.6674    1506.40      2.300 0.0000e+00       9.00
    250.000    13.4419   4.185588    248.388    35.3341    26.5624  1027.6748    1506.17      2.078 0.0000e+00      12.00
    251.000    13.3734   4.178594    249.381    35.3311    26.5742  1027.6913    1505.96      1.585 0.0000e+00      15.00
    252.000    13.2573   4.165809    250.374    35.3172    26.5871  1027.7092    1505.58      0.850 0.0000e+00      35.00
    253.000    13.1939   4.158972    251.367    35.3107    26.5950  1027.7218    1505.38      1.242 0.0000e+00      20.00
    254.000    13.1487   4.152804    252.360    35.2936    26.5909  1027.7224    1505.22      1.920 0.0000e+00      12.00
    255.000    13.0757   4.145411    253.353    35.2906    26.6035  1027.7397    1504.99      2.279 0.0000e+00      10.00
    256.000    13.0393   4.141417    254.346    35.2861    26.6073  1027.7482    1504.88      2.413 0.0000e+00       9.00
    257.000    13.0002   4.137041    255.339    35.2803    26.6107  1027.7562    1504.76      2.363 0.0000e+00      10.00
    258.000    12.9690   4.133874    256.332    35.2787    26.6157  1027.7658    1504.67      2.147 0.0000e+00      10.00
    259.000    12.8788   4.122953    257.325    35.2579    26.6178  1027.7727    1504.37      1.792 0.0000e+00      14.00
    260.000    12.7780   4.113028    258.318    35.2564    26.6368  1027.7966    1504.04      1.380 0.0000e+00      18.00
    261.000    12.7484   4.110089    259.310    35.2554    26.6419  1027.8062    1503.96      1.178 0.0000e+00      21.00
    262.000    12.7337   4.108136    260.303    35.2499    26.6405  1027.8094    1503.92      1.343 0.0000e+00      17.00
