dados/ctd/rad1_doei007.cnv
* Sea-Bird SBE 9 Raw Data File:
* FileName = C:\OceanoEI\OEI007.dat
* Software Version Seasave Win32 v1.10
* Temperature SN = 2326
* Conductivity SN = 2149
* Number of Bytes Per Scan = 12
* Number of Voltage Words = 0
* System UpLoad Time = Nov 03 2001 13:15:23
** H-40 
** Navio Oceanografico ANTARES 
** 173a Comissao Oceanografica 
** OCEANO LESTE I 
** Estacao: OEI007
** Latitude: 11 51.8 S
** Longitude: 035 18.3 W
** Data-Hora (DDHHMMZ/MMM/AA): 031313Z/NOV/01
** Profundidade Local (m): 4337
** N/S do CTD: 11282 
** Operador: 1T E. ALMEIDA
# nquan = 11
# nvalues = 2539                        
# units = specified
# name 0 = prDM: Pressure, Digiquartz [db]
# name 1 = t068C: Temperature [ITS-68, deg C]
# name 2 = c0S/m: Conductivity [S/m]
# name 3 = depSM: Depth [salt water, m], lat = -15
# name 4 = sal00: Salinity [PSU]
# name 5 = sigma-t00: Density [sigma-t, Kg/m^3 ]
# name 6 = density00: Density [density, Kg/m^3]
# name 7 = svCM: Sound Velocity [Chen-Millero, m/s]
# name 8 = dz/dtM: Descent Rate [m/s], WS = 2
# name 9 = flag: flag
# name 10 = nbin: number of scans per bin
# span 0 =      2.000,   2540.000       
# span 1 =     3.1212,    27.0665       
# span 2 =   3.243401,   5.741605       
# span 3 =      1.988,   2509.971       
# span 4 =    34.4431,    37.2062       
# span 5 =    23.8758,    27.8510       
# span 6 =  1023.8843,  1039.4170       
# span 7 =    1480.90,    1541.22       
# span 8 =     -0.083,      3.168       
# span 9 = 0.0000e+00, 0.0000e+00       
# span 10 =       4.00,     298.00      
# interval = decibars: 1                
# start_time = Nov 03 2001 13:15:23
# bad_flag = -9.990e-29
*END*
[from data line 263]
    265.000    11.2440   3.946659    263.282    35.0760    26.7906  1027.9802    1498.68      2.596 0.0000e+00       8.00
    266.000    11.2140   3.943836    264.275    35.0760    26.7962  1027.9903    1498.59      2.545 0.0000e+00       9.00
    267.000    11.1893   3.941025    265.268    35.0712    26.7969  1027.9957    1498.51      2.286 0.0000e+00      10.00
    268.000    11.1398   3.936095    266.261    35.0688    26.8042  1028.0077    1498.36      1.755 0.0000e+00      15.00
    269.000    11.0729   3.929539    267.254    35.0668    26.8148  1028.0231    1498.14      0.926 0.0000e+00      32.00
    270.000    11.0458   3.926699    268.247    35.0639    26.8175  1028.0304    1498.05      1.151 0.0000e+00      22.00
    271.000    11.0205   3.923605    269.239    35.0566    26.8164  1028.0340    1497.97      2.024 0.0000e+00      12.00
    272.000    10.9565   3.916797    270.232    35.0493    26.8223  1028.0446    1497.76      2.468 0.0000e+00      10.00
    273.000    10.9143   3.913000    271.225    35.0512    26.8314  1028.0584    1497.63      2.676 0.0000e+00       8.00
    274.000    10.8902   3.910859    272.218    35.0524    26.8367  1028.0683    1497.56      2.703 0.0000e+00       8.00
    275.000    10.8824   3.910196    273.211    35.0527    26.8384  1028.0745    1497.55      2.495 0.0000e+00      10.00
    276.000    10.8624   3.908090    274.204    35.0503    26.8401  1028.0808    1497.49      2.073 0.0000e+00      10.00
    277.000    10.8454   3.906577    275.196    35.0509    26.8436  1028.0889    1497.45      1.315 0.0000e+00      21.00
    278.000    10.8109   3.902883    276.189    35.0464    26.8464  1028.0963    1497.34      0.730 0.0000e+00      35.00
    279.000    10.7884   3.900391    277.182    35.0425    26.8473  1028.1019    1497.27      1.370 0.0000e+00      17.00
    280.000    10.7614   3.897361    278.175    35.0375    26.8483  1028.1075    1497.19      1.838 0.0000e+00      13.00
    281.000    10.7146   3.891924    279.168    35.0272    26.8486  1028.1126    1497.03      2.125 0.0000e+00      11.00
    282.000    10.6504   3.885955    280.160    35.0282    26.8608  1028.1296    1496.82      2.210 0.0000e+00      10.00
    283.000    10.6280   3.883682    281.153    35.0263    26.8633  1028.1367    1496.75      2.093 0.0000e+00      11.00
    284.000    10.6120   3.882152    282.146    35.0258    26.8658  1028.1437    1496.71      1.740 0.0000e+00      14.00
    285.000    10.5962   3.880469    283.139    35.0235    26.8668  1028.1493    1496.67      1.220 0.0000e+00      23.00
    286.000    10.5608   3.876611    284.132    35.0182    26.8689  1028.1561    1496.56      1.174 0.0000e+00      21.00
    287.000    10.5434   3.874846    285.124    35.0166    26.8708  1028.1625    1496.51      1.765 0.0000e+00      14.00
    288.000    10.5386   3.874366    286.117    35.0159    26.8711  1028.1674    1496.51      2.235 0.0000e+00      10.00
    289.000    10.5226   3.872040    287.110    35.0073    26.8672  1028.1681    1496.46      2.486 0.0000e+00       9.00
    290.000    10.4787   3.867744    288.102    35.0056    26.8736  1028.1792    1496.31      2.551 0.0000e+00       9.00
    291.000    10.4594   3.865990    289.095    35.0059    26.8773  1028.1875    1496.27      2.448 0.0000e+00      10.00
    292.000    10.4463   3.864724    290.088    35.0053    26.8791  1028.1939    1496.23      2.181 0.0000e+00      10.00
    293.000    10.4254   3.862491    291.081    35.0024    26.8805  1028.1999    1496.17      1.762 0.0000e+00      14.00
    294.000    10.4072   3.860729    292.074    35.0015    26.8830  1028.2070    1496.12      1.242 0.0000e+00      21.00
    295.000    10.3825   3.858065    293.066    34.9979    26.8845  1028.2131    1496.05      1.027 0.0000e+00      25.00
    296.000    10.3633   3.856028    294.059    34.9952    26.8857  1028.2190    1495.99      1.251 0.0000e+00      18.00
    297.000    10.3418   3.853541    295.052    34.9902    26.8857  1028.2235    1495.93      1.422 0.0000e+00      17.00
    298.000    10.3057   3.849733    296.045    34.9859    26.8886  1028.2312    1495.81      1.438 0.0000e+00      17.00
    299.000    10.2638   3.845461    297.037    34.9824    26.8931  1028.2404    1495.67      1.416 0.0000e+00      18.00
    300.000    10.2355   3.842511    298.030    34.9792    26.8956  1028.2475    1495.58      1.526 0.0000e+00      15.00
    301.000    10.2097   3.839846    299.023    34.9765    26.8979  1028.2545    1495.51      1.780 0.0000e+00      14.00
    302.000    10.1901   3.837786    300.016    34.9741    26.8994  1028.2606    1495.45      2.000 0.0000e+00      12.00
    303.000    10.1839   3.837169    301.008    34.9733    26.8999  1028.2656    1495.44      2.171 0.0000e+00      10.00
    304.000    10.1811   3.836863    302.001    34.9724    26.8997  1028.2699    1495.45      2.198 0.0000e+00      11.00
    305.000    10.1715   3.835585    302.994    34.9682    26.8981  1028.2728    1495.42      2.125 0.0000e+00      11.00
    306.000    10.1242   3.830164    303.986    34.9581    26.8984  1028.2779    1495.26      1.909 0.0000e+00      13.00
    307.000    10.0616   3.824210    304.979    34.9574    26.9086  1028.2930    1495.05      1.611 0.0000e+00      15.00
    308.000    10.0402   3.822154    305.972    34.9565    26.9116  1028.3006    1494.99      1.362 0.0000e+00      18.00
    309.000    10.0298   3.821019    306.964    34.9545    26.9118  1028.3054    1494.97      1.419 0.0000e+00      19.00
    310.000    10.0173   3.819603    307.957    34.9517    26.9118  1028.3100    1494.93      1.672 0.0000e+00      13.00
    311.000    10.0018   3.818039    308.950    34.9502    26.9133  1028.3160    1494.89      1.837 0.0000e+00      14.00
    312.000     9.9913   3.816811    309.942    34.9474    26.9128  1028.3202    1494.87      1.820 0.0000e+00       9.00
    313.000     9.9712   3.814870    310.935    34.9465    26.9156  1028.3275    1494.81      1.484 0.0000e+00      17.00
    314.000     9.9530   3.813013    311.928    34.9447    26.9172  1028.3338    1494.76      0.883 0.0000e+00      32.00
    315.000     9.9322   3.810778    312.920    34.9414    26.9182  1028.3395    1494.70      1.233 0.0000e+00      22.00
    316.000     9.9086   3.808312    313.913    34.9385    26.9199  1028.3458    1494.62      2.005 0.0000e+00      11.00
    317.000     9.8859   3.805602    314.905    34.9323    26.9190  1028.3495    1494.55      2.431 0.0000e+00      10.00
    318.000     9.8514   3.801586    315.898    34.9241    26.9184  1028.3537    1494.44      2.637 0.0000e+00       9.00
    319.000     9.7972   3.796027    316.891    34.9190    26.9236  1028.3637    1494.25      2.641 0.0000e+00       8.00
    320.000     9.7402   3.790041    317.883    34.9122    26.9279  1028.3729    1494.05      2.466 0.0000e+00       9.00
    321.000     9.6799   3.784267    318.876    34.9108    26.9370  1028.3868    1493.85      2.064 0.0000e+00      11.00
    322.000     9.6454   3.780978    319.869    34.9099    26.9420  1028.3966    1493.74      1.449 0.0000e+00      18.00
    323.000     9.6016   3.776396    320.861    34.9047    26.9453  1028.4047    1493.59      0.907 0.0000e+00      30.00
    324.000     9.5496   3.770967    321.854    34.8987    26.9493  1028.4135    1493.41      1.270 0.0000e+00      20.00
    325.000     9.5296   3.768861    322.846    34.8959    26.9504  1028.4192    1493.35      1.815 0.0000e+00      12.00
    326.000     9.5044   3.766002    323.839    34.8904    26.9503  1028.4238    1493.27      2.097 0.0000e+00      12.00
    327.000     9.4716   3.762496    324.831    34.8856    26.9520  1028.4302    1493.16      2.208 0.0000e+00      10.00
    328.000     9.4391   3.759620    325.824    34.8869    26.9584  1028.4414    1493.06      2.106 0.0000e+00      11.00
    329.000     9.4323   3.759078    326.817    34.8874    26.9599  1028.4474    1493.05      1.820 0.0000e+00      13.00
    330.000     9.4314   3.758993    327.809    34.8869    26.9597  1028.4517    1493.06      1.418 0.0000e+00      19.00
    331.000     9.4313   3.758974    328.802    34.8865    26.9593  1028.4558    1493.08      1.224 0.0000e+00      22.00
    332.000     9.4320   3.759025    329.794    34.8858    26.9587  1028.4597    1493.10      1.296 0.0000e+00      17.00
    333.000     9.4295   3.758641    330.787    34.8838    26.9575  1028.4631    1493.10      1.489 0.0000e+00      16.00
    334.000     9.3922   3.754567    331.780    34.8774    26.9587  1028.4690    1492.98      1.731 0.0000e+00      14.00
    335.000     9.3539   3.750662    332.772    34.8737    26.9621  1028.4772    1492.85      1.931 0.0000e+00      12.00
    336.000     9.3277   3.748118    333.765    34.8724    26.9653  1028.4851    1492.77      2.051 0.0000e+00      12.00
    337.000     9.3022   3.745227    334.757    34.8667    26.9651  1028.4896    1492.69      2.032 0.0000e+00      10.00
    338.000     9.2634   3.741230    335.749    34.8625    26.9682  1028.4974    1492.55      1.843 0.0000e+00      14.00
    339.000     9.2067   3.735462    336.742    34.8573    26.9734  1028.5075    1492.36      1.459 0.0000e+00      17.00
    340.000     9.1354   3.728429    337.735    34.8532    26.9817  1028.5208    1492.11      1.045 0.0000e+00      25.00
    341.000     9.1095   3.725767    338.727    34.8502    26.9836  1028.5274    1492.02      1.210 0.0000e+00      20.00
    342.000     9.0928   3.723737    339.720    34.8448    26.9821  1028.5305    1491.97      1.631 0.0000e+00      15.00
    343.000     9.0493   3.719221    340.712    34.8398    26.9851  1028.5384    1491.82      1.974 0.0000e+00      11.00
    344.000     9.0267   3.717110    341.705    34.8392    26.9883  1028.5462    1491.75      2.173 0.0000e+00      12.00
    345.000     9.0151   3.715968    342.697    34.8382    26.9894  1028.5519    1491.73      2.214 0.0000e+00       9.00
    346.000     9.0026   3.714601    343.690    34.8357    26.9894  1028.5566    1491.69      2.124 0.0000e+00      10.00
    347.000     8.9825   3.712591    344.682    34.8339    26.9912  1028.5630    1491.63      1.871 0.0000e+00      12.00
    348.000     8.9442   3.708669    345.675    34.8298    26.9942  1028.5708    1491.50      1.506 0.0000e+00      18.00
    349.000     8.9018   3.704692    346.667    34.8291    27.0004  1028.5818    1491.36      1.063 0.0000e+00      23.00
    350.000     8.8831   3.702739    347.660    34.8264    27.0013  1028.5873    1491.31      1.003 0.0000e+00      25.00
    351.000     8.8683   3.701115    348.652    34.8235    27.0013  1028.5920    1491.27      1.422 0.0000e+00      18.00
    352.000     8.8458   3.698729    349.645    34.8200    27.0022  1028.5975    1491.19      1.789 0.0000e+00      12.00
    353.000     8.8182   3.695982    350.637    34.8177    27.0048  1028.6049    1491.11      1.994 0.0000e+00      12.00
    354.000     8.8076   3.694938    351.630    34.8166    27.0056  1028.6102    1491.08      2.063 0.0000e+00      12.00
    355.000     8.7851   3.692545    352.622    34.8130    27.0063  1028.6157    1491.01      2.038 0.0000e+00      11.00
    356.000     8.7579   3.689682    353.615    34.8092    27.0076  1028.6217    1490.92      1.991 0.0000e+00      13.00
    357.000     8.7108   3.684905    354.607    34.8046    27.0115  1028.6304    1490.76      1.938 0.0000e+00      12.00
    358.000     8.6824   3.682303    355.599    34.8046    27.0159  1028.6396    1490.67      1.886 0.0000e+00      12.00
    359.000     8.6605   3.680091    356.592    34.8024    27.0176  1028.6460    1490.60      1.748 0.0000e+00      14.00
    360.000     8.6326   3.677248    357.584    34.7992    27.0195  1028.6526    1490.51      1.516 0.0000e+00      16.00
    361.000     8.5961   3.673553    358.577    34.7956    27.0224  1028.6603    1490.39      1.305 0.0000e+00      20.00
    362.000     8.5342   3.667285    359.569    34.7897    27.0274  1028.6703    1490.17      1.295 0.0000e+00      18.00
    363.000     8.5053   3.664455    360.562    34.7878    27.0305  1028.6781    1490.07      1.458 0.0000e+00      17.00
    364.000     8.4851   3.662387    361.554    34.7853    27.0316  1028.6839    1490.01      1.571 0.0000e+00      14.00
    365.000     8.4696   3.660836    362.546    34.7837    27.0327  1028.6897    1489.97      1.540 0.0000e+00      16.00
    366.000     8.4571   3.659609    363.539    34.7825    27.0338  1028.6953    1489.93      1.342 0.0000e+00      17.00
    367.000     8.4446   3.658316    364.531    34.7807    27.0342  1028.7004    1489.90      1.182 0.0000e+00      23.00
    368.000     8.4357   3.657368    365.524    34.7789    27.0342  1028.7050    1489.88      1.497 0.0000e+00      17.00
    369.000     8.4231   3.656012    366.516    34.7764    27.0342  1028.7096    1489.85      2.013 0.0000e+00      11.00
    370.000     8.4043   3.653781    367.508    34.7708    27.0327  1028.7128    1489.79      2.370 0.0000e+00      10.00
    371.000     8.3683   3.650182    368.501    34.7676    27.0357  1028.7206    1489.67      2.539 0.0000e+00       9.00
    372.000     8.3461   3.648223    369.493    34.7682    27.0396  1028.7292    1489.60      2.507 0.0000e+00       9.00
    373.000     8.3276   3.646454    370.485    34.7672    27.0416  1028.7358    1489.55      2.281 0.0000e+00      10.00
    374.000     8.3136   3.645168    371.478    34.7668    27.0435  1028.7424    1489.51      1.788 0.0000e+00      13.00
    375.000     8.2918   3.643023    372.470    34.7650    27.0455  1028.7490    1489.44      0.934 0.0000e+00      37.00
    376.000     8.2755   3.641402    373.463    34.7634    27.0467  1028.7549    1489.40      1.194 0.0000e+00      21.00
    377.000     8.2759   3.641391    374.455    34.7624    27.0458  1028.7586    1489.41      1.974 0.0000e+00      12.00
    378.000     8.2654   3.640150    375.447    34.7591    27.0448  1028.7622    1489.39      2.411 0.0000e+00       9.00
    379.000     8.2486   3.638326    376.440    34.7557    27.0447  1028.7668    1489.33      2.633 0.0000e+00       8.00
    380.000     8.2224   3.635746    377.432    34.7537    27.0472  1028.7739    1489.25      2.676 0.0000e+00       9.00
    381.000     8.1963   3.633176    378.424    34.7516    27.0494  1028.7810    1489.17      2.519 0.0000e+00      10.00
    382.000     8.1691   3.630534    379.417    34.7498    27.0522  1028.7884    1489.08      2.187 0.0000e+00       9.00
    383.000     8.1366   3.627516    380.409    34.7493    27.0567  1028.7977    1488.97      1.523 0.0000e+00      17.00
    384.000     8.1055   3.624468    381.401    34.7469    27.0595  1028.8054    1488.87      0.629 0.0000e+00      47.00
    385.000     8.0815   3.621990    382.393    34.7437    27.0606  1028.8111    1488.79      1.576 0.0000e+00      15.00
    386.000     8.0721   3.621052    383.386    34.7426    27.0611  1028.8163    1488.77      2.137 0.0000e+00      10.00
    387.000     8.0636   3.620155    384.378    34.7409    27.0611  1028.8208    1488.75      2.386 0.0000e+00      10.00
    388.000     8.0521   3.618960    385.370    34.7390    27.0614  1028.8257    1488.72      2.422 0.0000e+00       9.00
    389.000     8.0357   3.617305    386.363    34.7370    27.0623  1028.8313    1488.68      2.264 0.0000e+00      11.00
    390.000     8.0097   3.614602    387.355    34.7334    27.0633  1028.8371    1488.59      1.962 0.0000e+00      12.00
    391.000     7.9717   3.610906    388.347    34.7309    27.0670  1028.8457    1488.46      1.559 0.0000e+00      15.00
    392.000     7.9318   3.607073    389.340    34.7288    27.0713  1028.8548    1488.32      1.217 0.0000e+00      20.00
    393.000     7.9098   3.604977    390.332    34.7277    27.0737  1028.8619    1488.25      1.178 0.0000e+00      23.00
    394.000     7.8947   3.603344    391.324    34.7246    27.0736  1028.8664    1488.21      1.484 0.0000e+00      16.00
