dados/ctd/rad1_doei011.cnv
* Sea-Bird SBE 9 Raw Data File:
* FileName = C:\OceanoEI\OEI011.dat
* Software Version Seasave Win32 v1.10
* Temperature SN = 2326
* Conductivity SN = 2149
* Number of Bytes Per Scan = 12
* Number of Voltage Words = 0
* System UpLoad Time = Nov 04 2001 10:35:35
** H-40 
** Navio Oceanografico ANTARES 
** 173a Comissao Oceanografica 
** OCEANO LESTE I 
** Estacao: OEI11
** Latitude: 09 44.0 S 
** Longitude: 033 52.6 W
** Data-Hora (DDHHMMZ/MMM/AA): 041030Z/NOV/01
** Profundidade Local (m): 4696
** N/S do CTD: 11282 
** Operador: 1T E. ALMEIDA
# nquan = 11
# nvalues = 2543                        
# units = specified
# name 0 = prDM: Pressure, Digiquartz [db]
# name 1 = t068C: Temperature [ITS-68, deg C]
# name 2 = c0S/m: Conductivity [S/m]
# name 3 = depSM: Depth [salt water, m], lat = -15
# name 4 = sal00: Salinity [PSU]
# name 5 = sigma-t00: Density [sigma-t, Kg/m^3 ]
# name 6 = density00: Density [density, Kg/m^3]
# name 7 = svCM: Sound Velocity [Chen-Millero, m/s]
# name 8 = dz/dtM: Descent Rate [m/s], WS = 2
# name 9 = flag: flag
# name 10 = nbin: number of scans per bin
# span 0 =      1.000,   2543.000       
# span 1 =     3.1324,    27.0694       
# span 2 =   3.257698,   5.754064       
# span 3 =      0.994,   2512.918       
# span 4 =    34.4714,    37.0602       
# span 5 =    23.8511,    27.8553       
# span 6 =  1023.8557,  1039.4336       
# span 7 =    1479.60,    1541.78       
# span 8 =     -0.521,      3.393       
# span 9 = 0.0000e+00, 0.0000e+00       
# span 10 =       6.00,     252.00      
# interval = decibars: 1                
# start_time = Nov 04 2001 10:35:35
# bad_flag = -9.990e-29
*END*
[from data line 1312]
   1313.000     4.4196   3.345418   1301.220    34.9339    27.6887  1033.7050    1489.93      2.129 0.0000e+00      10.00
   1314.000     4.4189   3.345421   1302.208    34.9342    27.6890  1033.7099    1489.94      1.876 0.0000e+00      12.00
   1315.000     4.4184   3.345419   1303.196    34.9342    27.6891  1033.7144    1489.96      1.327 0.0000e+00      20.00
   1316.000     4.4181   3.345448   1304.184    34.9343    27.6892  1033.7191    1489.97      0.946 0.0000e+00      26.00
   1317.000     4.4156   3.345416   1305.172    34.9360    27.6909  1033.7254    1489.98      1.282 0.0000e+00      19.00
   1318.000     4.4148   3.345494   1306.160    34.9373    27.6920  1033.7310    1490.00      1.526 0.0000e+00      16.00
   1319.000     4.4145   3.345565   1307.148    34.9380    27.6926  1033.7361    1490.01      1.711 0.0000e+00      15.00
   1320.000     4.4136   3.345585   1308.136    34.9386    27.6931  1033.7412    1490.03      1.866 0.0000e+00      11.00
   1321.000     4.4135   3.345636   1309.124    34.9389    27.6934  1033.7459    1490.04      1.979 0.0000e+00      11.00
   1322.000     4.4132   3.345686   1310.111    34.9393    27.6937  1033.7508    1490.06      2.012 0.0000e+00      13.00
   1323.000     4.4133   3.345754   1311.099    34.9394    27.6938  1033.7554    1490.07      1.977 0.0000e+00      13.00
   1324.000     4.4134   3.345803   1312.087    34.9394    27.6938  1033.7599    1490.09      1.880 0.0000e+00      11.00
   1325.000     4.4143   3.345945   1313.075    34.9396    27.6938  1033.7645    1490.11      1.745 0.0000e+00      15.00
   1326.000     4.4147   3.346022   1314.063    34.9396    27.6938  1033.7689    1490.13      1.531 0.0000e+00      16.00
   1327.000     4.4150   3.346109   1315.051    34.9398    27.6940  1033.7736    1490.15      1.094 0.0000e+00      19.00
   1328.000     4.4139   3.346144   1316.039    34.9409    27.6949  1033.7791    1490.16      0.825 0.0000e+00      34.00
   1329.000     4.4140   3.346253   1317.026    34.9415    27.6954  1033.7841    1490.18      1.634 0.0000e+00      13.00
   1330.000     4.4134   3.346293   1318.014    34.9422    27.6960  1033.7892    1490.20      1.974 0.0000e+00      12.00
   1331.000     4.4133   3.346348   1319.002    34.9424    27.6962  1033.7939    1490.21      2.144 0.0000e+00      11.00
   1332.000     4.4131   3.346379   1319.990    34.9425    27.6962  1033.7985    1490.23      2.210 0.0000e+00      10.00
   1333.000     4.4122   3.346341   1320.978    34.9425    27.6964  1033.8032    1490.24      2.164 0.0000e+00      11.00
   1334.000     4.4113   3.346371   1321.966    34.9434    27.6972  1033.8085    1490.26      2.034 0.0000e+00      13.00
   1335.000     4.4104   3.346451   1322.954    34.9448    27.6984  1033.8142    1490.27      1.859 0.0000e+00      12.00
   1336.000     4.4095   3.346499   1323.942    34.9457    27.6992  1033.8196    1490.28      1.659 0.0000e+00      15.00
   1337.000     4.4085   3.346617   1324.929    34.9476    27.7008  1033.8258    1490.30      1.389 0.0000e+00      17.00
   1338.000     4.4074   3.346595   1325.917    34.9480    27.7013  1033.8308    1490.31      1.125 0.0000e+00      22.00
   1339.000     4.4076   3.346703   1326.905    34.9486    27.7017  1033.8357    1490.33      1.182 0.0000e+00      20.00
   1340.000     4.4070   3.346733   1327.893    34.9491    27.7022  1033.8407    1490.35      1.388 0.0000e+00      18.00
   1341.000     4.4061   3.346752   1328.881    34.9498    27.7028  1033.8459    1490.36      1.518 0.0000e+00      15.00
   1342.000     4.4056   3.346827   1329.868    34.9507    27.7036  1033.8512    1490.37      1.655 0.0000e+00      14.00
   1343.000     4.4048   3.346853   1330.856    34.9513    27.7042  1033.8563    1490.39      1.778 0.0000e+00      14.00
   1344.000     4.4023   3.346699   1331.844    34.9516    27.7047  1033.8614    1490.40      1.755 0.0000e+00      13.00
   1345.000     4.3988   3.346457   1332.832    34.9520    27.7054  1033.8667    1490.40      1.566 0.0000e+00      15.00
   1346.000     4.3957   3.346219   1333.820    34.9520    27.7057  1033.8716    1490.40      1.320 0.0000e+00      20.00
   1347.000     4.3927   3.346038   1334.807    34.9525    27.7065  1033.8770    1490.41      1.456 0.0000e+00      18.00
   1348.000     4.3933   3.346267   1335.795    34.9541    27.7076  1033.8826    1490.43      1.904 0.0000e+00      12.00
   1349.000     4.3945   3.346467   1336.783    34.9546    27.7079  1033.8874    1490.45      2.228 0.0000e+00      10.00
   1350.000     4.3941   3.346471   1337.771    34.9546    27.7080  1033.8920    1490.46      2.339 0.0000e+00      10.00
   1351.000     4.3935   3.346481   1338.758    34.9549    27.7083  1033.8968    1490.48      2.231 0.0000e+00      10.00
   1352.000     4.3930   3.346485   1339.746    34.9549    27.7083  1033.9014    1490.50      1.848 0.0000e+00      13.00
   1353.000     4.3928   3.346494   1340.734    34.9548    27.7083  1033.9059    1490.51      1.001 0.0000e+00      31.00
   1354.000     4.3928   3.346539   1341.722    34.9547    27.7082  1033.9104    1490.53      0.977 0.0000e+00      24.00
   1355.000     4.3925   3.346576   1342.709    34.9551    27.7085  1033.9152    1490.54      1.590 0.0000e+00      16.00
   1356.000     4.3920   3.346564   1343.697    34.9550    27.7085  1033.9197    1490.56      1.967 0.0000e+00      11.00
   1357.000     4.3888   3.346255   1344.685    34.9542    27.7082  1033.9240    1490.56      2.209 0.0000e+00      11.00
   1358.000     4.3841   3.345855   1345.673    34.9540    27.7086  1033.9291    1490.56      2.295 0.0000e+00       9.00
   1359.000     4.3794   3.345494   1346.660    34.9541    27.7092  1033.9344    1490.55      2.152 0.0000e+00      10.00
   1360.000     4.3783   3.345536   1347.648    34.9553    27.7103  1033.9399    1490.57      1.761 0.0000e+00      13.00
   1361.000     4.3788   3.345694   1348.636    34.9561    27.7108  1033.9450    1490.59      0.996 0.0000e+00      33.00
   1362.000     4.3783   3.345739   1349.624    34.9567    27.7114  1033.9501    1490.60      1.206 0.0000e+00      19.00
   1363.000     4.3781   3.345785   1350.611    34.9570    27.7116  1033.9548    1490.62      1.889 0.0000e+00      12.00
   1364.000     4.3760   3.345664   1351.599    34.9573    27.7121  1033.9599    1490.63      2.237 0.0000e+00      12.00
   1365.000     4.3737   3.345504   1352.587    34.9573    27.7124  1033.9647    1490.64      2.386 0.0000e+00       8.00
   1366.000     4.3711   3.345311   1353.574    34.9573    27.7127  1033.9696    1490.64      2.319 0.0000e+00      10.00
   1367.000     4.3642   3.344733   1354.562    34.9573    27.7134  1033.9751    1490.63      2.013 0.0000e+00      12.00
   1368.000     4.3577   3.344308   1355.550    34.9587    27.7152  1033.9816    1490.62      1.409 0.0000e+00      18.00
   1369.000     4.3541   3.344118   1356.537    34.9597    27.7164  1033.9875    1490.62      1.020 0.0000e+00      26.00
   1370.000     4.3477   3.343523   1357.525    34.9590    27.7165  1033.9923    1490.61      1.615 0.0000e+00      14.00
   1371.000     4.3403   3.342901   1358.513    34.9589    27.7173  1033.9978    1490.60      1.871 0.0000e+00      12.00
   1372.000     4.3331   3.342250   1359.501    34.9585    27.7177  1034.0030    1490.58      1.776 0.0000e+00      14.00
   1373.000     4.3307   3.342100   1360.488    34.9587    27.7182  1034.0080    1490.59      1.387 0.0000e+00      18.00
   1374.000     4.3292   3.341993   1361.476    34.9586    27.7182  1034.0127    1490.60      1.029 0.0000e+00      24.00
   1375.000     4.3283   3.341948   1362.463    34.9584    27.7182  1034.0172    1490.62      1.347 0.0000e+00      17.00
   1376.000     4.3268   3.341871   1363.451    34.9586    27.7185  1034.0220    1490.62      1.651 0.0000e+00      15.00
   1377.000     4.3245   3.341608   1364.439    34.9576    27.7179  1034.0261    1490.63      1.834 0.0000e+00      13.00
   1378.000     4.3101   3.340346   1365.426    34.9573    27.7193  1034.0324    1490.59      1.923 0.0000e+00      12.00
   1379.000     4.3042   3.339890   1366.414    34.9578    27.7203  1034.0381    1490.58      1.905 0.0000e+00      13.00
   1380.000     4.2986   3.339512   1367.402    34.9587    27.7216  1034.0441    1490.57      1.797 0.0000e+00      13.00
   1381.000     4.2967   3.339366   1368.389    34.9585    27.7217  1034.0488    1490.58      1.628 0.0000e+00      14.00
   1382.000     4.2949   3.339293   1369.377    34.9590    27.7223  1034.0540    1490.59      1.506 0.0000e+00      18.00
   1383.000     4.2948   3.339324   1370.365    34.9590    27.7223  1034.0585    1490.61      1.585 0.0000e+00      15.00
   1384.000     4.2952   3.339460   1371.352    34.9597    27.7228  1034.0635    1490.63      1.752 0.0000e+00      14.00
   1385.000     4.2956   3.339581   1372.340    34.9601    27.7231  1034.0683    1490.65      1.852 0.0000e+00      11.00
   1386.000     4.2958   3.339626   1373.328    34.9600    27.7230  1034.0726    1490.67      1.753 0.0000e+00      14.00
   1387.000     4.2958   3.339672   1374.315    34.9601    27.7230  1034.0772    1490.68      1.315 0.0000e+00      19.00
   1388.000     4.2955   3.339702   1375.303    34.9603    27.7232  1034.0819    1490.70      0.914 0.0000e+00      30.00
   1389.000     4.2951   3.339717   1376.290    34.9603    27.7233  1034.0866    1490.71      1.483 0.0000e+00      15.00
   1390.000     4.2941   3.339683   1377.278    34.9605    27.7235  1034.0913    1490.73      1.808 0.0000e+00      13.00
   1391.000     4.2932   3.339664   1378.265    34.9607    27.7238  1034.0962    1490.74      1.879 0.0000e+00      12.00
   1392.000     4.2929   3.339759   1379.253    34.9616    27.7246  1034.1014    1490.76      1.737 0.0000e+00      14.00
   1393.000     4.2897   3.339597   1380.241    34.9626    27.7257  1034.1072    1490.76      1.453 0.0000e+00      17.00
   1394.000     4.2900   3.339778   1381.228    34.9639    27.7267  1034.1127    1490.78      1.402 0.0000e+00      19.00
   1395.000     4.2940   3.340240   1382.216    34.9646    27.7268  1034.1171    1490.81      1.770 0.0000e+00      12.00
   1396.000     4.2958   3.340509   1383.203    34.9654    27.7272  1034.1220    1490.84      2.044 0.0000e+00      12.00
   1397.000     4.2986   3.340854   1384.191    34.9660    27.7275  1034.1266    1490.87      2.129 0.0000e+00       9.00
   1398.000     4.2990   3.340943   1385.178    34.9662    27.7275  1034.1312    1490.89      1.989 0.0000e+00      12.00
   1399.000     4.2998   3.341094   1386.166    34.9666    27.7278  1034.1359    1490.91      1.541 0.0000e+00      16.00
   1400.000     4.3008   3.341233   1387.153    34.9667    27.7277  1034.1404    1490.93      0.896 0.0000e+00      34.00
   1401.000     4.3013   3.341324   1388.141    34.9667    27.7277  1034.1449    1490.95      1.220 0.0000e+00      19.00
   1402.000     4.3012   3.341389   1389.129    34.9670    27.7280  1034.1496    1490.96      1.686 0.0000e+00      13.00
   1403.000     4.3041   3.341879   1390.116    34.9692    27.7294  1034.1554    1490.99      2.046 0.0000e+00      12.00
   1404.000     4.3070   3.342278   1391.104    34.9704    27.7300  1034.1605    1491.02      2.342 0.0000e+00      10.00
   1405.000     4.3060   3.342230   1392.091    34.9704    27.7301  1034.1651    1491.04      2.536 0.0000e+00       9.00
   1406.000     4.3064   3.342362   1393.078    34.9710    27.7306  1034.1701    1491.06      2.562 0.0000e+00       9.00
   1407.000     4.3058   3.342353   1394.066    34.9710    27.7307  1034.1747    1491.07      2.445 0.0000e+00       9.00
   1408.000     4.3057   3.342388   1395.054    34.9710    27.7307  1034.1792    1491.09      2.090 0.0000e+00      11.00
   1409.000     4.3060   3.342482   1396.041    34.9714    27.7309  1034.1839    1491.11      1.371 0.0000e+00      19.00
   1410.000     4.3102   3.343048   1397.028    34.9730    27.7318  1034.1892    1491.14      0.470 0.0000e+00      47.00
   1411.000     4.2967   3.341692   1398.016    34.9709    27.7315  1034.1939    1491.10      1.288 0.0000e+00      20.00
   1412.000     4.2882   3.340976   1399.004    34.9710    27.7325  1034.1997    1491.08      1.695 0.0000e+00      13.00
   1413.000     4.2808   3.340219   1399.991    34.9694    27.7321  1034.2040    1491.06      1.943 0.0000e+00      12.00
   1414.000     4.2772   3.340093   1400.979    34.9712    27.7339  1034.2104    1491.07      2.092 0.0000e+00      11.00
   1415.000     4.2804   3.340498   1401.966    34.9721    27.7343  1034.2152    1491.10      2.155 0.0000e+00      11.00
   1416.000     4.2763   3.340145   1402.953    34.9717    27.7344  1034.2200    1491.10      2.155 0.0000e+00      11.00
   1417.000     4.2768   3.340359   1403.941    34.9733    27.7356  1034.2257    1491.12      2.062 0.0000e+00      12.00
   1418.000     4.2818   3.340983   1404.928    34.9748    27.7363  1034.2307    1491.16      1.932 0.0000e+00      12.00
   1419.000     4.2789   3.340718   1405.916    34.9742    27.7361  1034.2351    1491.16      1.767 0.0000e+00      15.00
   1420.000     4.2740   3.340373   1406.903    34.9749    27.7372  1034.2408    1491.16      1.580 0.0000e+00      14.00
   1421.000     4.2722   3.340244   1407.891    34.9748    27.7373  1034.2455    1491.17      1.400 0.0000e+00      17.00
   1422.000     4.2692   3.340013   1408.878    34.9747    27.7376  1034.2504    1491.17      1.218 0.0000e+00      19.00
   1423.000     4.2682   3.339952   1409.866    34.9745    27.7375  1034.2549    1491.19      0.897 0.0000e+00      29.00
   1424.000     4.2662   3.339807   1410.853    34.9744    27.7376  1034.2596    1491.19      1.157 0.0000e+00      23.00
   1425.000     4.2651   3.339727   1411.840    34.9743    27.7376  1034.2642    1491.21      1.822 0.0000e+00      13.00
   1426.000     4.2644   3.339746   1412.828    34.9747    27.7380  1034.2691    1491.22      2.203 0.0000e+00      10.00
   1427.000     4.2646   3.339815   1413.815    34.9748    27.7381  1034.2737    1491.24      2.403 0.0000e+00      10.00
   1428.000     4.2659   3.340049   1414.803    34.9756    27.7386  1034.2787    1491.26      2.438 0.0000e+00       9.00
   1429.000     4.2673   3.340230   1415.790    34.9759    27.7387  1034.2832    1491.28      2.328 0.0000e+00      10.00
   1430.000     4.2687   3.340429   1416.777    34.9762    27.7388  1034.2877    1491.31      2.038 0.0000e+00      12.00
   1431.000     4.2711   3.340737   1417.765    34.9767    27.7390  1034.2923    1491.33      1.596 0.0000e+00      16.00
   1432.000     4.2719   3.340849   1418.752    34.9767    27.7389  1034.2967    1491.35      1.257 0.0000e+00      20.00
   1433.000     4.2720   3.340911   1419.740    34.9769    27.7390  1034.3014    1491.37      1.373 0.0000e+00      18.00
   1434.000     4.2719   3.340951   1420.727    34.9770    27.7391  1034.3060    1491.39      1.564 0.0000e+00      15.00
   1435.000     4.2715   3.340952   1421.714    34.9770    27.7391  1034.3105    1491.40      1.706 0.0000e+00      14.00
   1436.000     4.2680   3.340655   1422.702    34.9766    27.7392  1034.3152    1491.40      1.722 0.0000e+00      13.00
   1437.000     4.2681   3.340851   1423.689    34.9783    27.7405  1034.3210    1491.42      1.437 0.0000e+00      14.00
   1438.000     4.2684   3.340958   1424.677    34.9787    27.7408  1034.3259    1491.44      0.452 0.0000e+00      56.00
   1439.000     4.2669   3.340941   1425.664    34.9796    27.7417  1034.3313    1491.46      1.943 0.0000e+00      12.00
   1440.000     4.2763   3.342345   1426.651    34.9857    27.7456  1034.3393    1491.52      2.547 0.0000e+00       9.00
   1441.000     4.2867   3.343477   1427.639    34.9875    27.7459  1034.3437    1491.58      2.918 0.0000e+00       8.00
   1442.000     4.2889   3.343718   1428.626    34.9875    27.7456  1034.3478    1491.61      3.069 0.0000e+00       8.00
