dados/ctd/rad1_doei006.cnv
* Sea-Bird SBE 9 Raw Data File:
* FileName = C:\OceanoEI\OEI006.dat
* Software Version Seasave Win32 v1.10
* Temperature SN = 2326
* Conductivity SN = 2149
* Number of Bytes Per Scan = 12
* Number of Voltage Words = 0
* System UpLoad Time = Nov 03 2001 07:04:01
** H-40 
** Navio Oceanografico ANTARES 
** 173a Comissao Oceanografica 
** OCEANO LESTE I 
** Estacao: OEI006
** Latitude: 12 29.9 S
** Longitude: 035 40.4 W
** Data-Hora (DDHHMMZ/MMM/AA): 030701Z/NOV/01
** Profundidade Local (m): 4197
** N/S do CTD: 11282 
** Operador: 1T-ALEX URBANCG
# nquan = 11
# nvalues = 2538                        
# units = specified
# name 0 = prDM: Pressure, Digiquartz [db]
# name 1 = t068C: Temperature [ITS-68, deg C]
# name 2 = c0S/m: Conductivity [S/m]
# name 3 = depSM: Depth [salt water, m], lat = -15
# name 4 = sal00: Salinity [PSU]
# name 5 = sigma-t00: Density [sigma-t, Kg/m^3 ]
# name 6 = density00: Density [density, Kg/m^3]
# name 7 = svCM: Sound Velocity [Chen-Millero, m/s]
# name 8 = dz/dtM: Descent Rate [m/s], WS = 2
# name 9 = flag: flag
# name 10 = nbin: number of scans per bin
# span 0 =      2.000,   2539.000       
# span 1 =     3.0883,    26.9946       
# span 2 =   3.248367,   5.738357       
# span 3 =      1.988,   2508.989       
# span 4 =    34.4120,    37.3107       
# span 5 =    23.8639,    27.8483       
# span 6 =  1023.8794,  1039.4100       
# span 7 =    1478.03,    1541.32       
# span 8 =     -0.476,      3.105       
# span 9 = 0.0000e+00, 0.0000e+00       
# span 10 =       1.00,     988.00      
# interval = decibars: 1                
# start_time = Nov 03 2001 07:04:01
# bad_flag = -9.990e-29
*END*
[from data line 1837]
   1839.000     3.8347   3.320570   1820.238    35.0009    27.8042  1036.2086    1496.37      1.672 0.0000e+00      13.00
   1840.000     3.8347   3.320571   1821.224    35.0004    27.8038  1036.2127    1496.38      2.079 0.0000e+00      11.00
   1841.000     3.8346   3.320636   1822.209    35.0007    27.8041  1036.2175    1496.40      2.239 0.0000e+00      11.00
   1842.000     3.8345   3.320655   1823.195    35.0005    27.8040  1036.2218    1496.42      2.198 0.0000e+00      11.00
   1843.000     3.8341   3.320637   1824.180    35.0003    27.8039  1036.2262    1496.43      1.948 0.0000e+00      11.00
   1844.000     3.8320   3.320452   1825.166    34.9999    27.8037  1036.2306    1496.44      1.479 0.0000e+00      17.00
   1845.000     3.8286   3.320147   1826.151    34.9994    27.8036  1036.2352    1496.44      1.234 0.0000e+00      22.00
   1846.000     3.8243   3.319751   1827.137    34.9988    27.8036  1036.2399    1496.44      1.701 0.0000e+00      13.00
   1847.000     3.8207   3.319465   1828.122    34.9987    27.8039  1036.2448    1496.44      1.950 0.0000e+00      13.00
   1848.000     3.8190   3.319344   1829.108    34.9986    27.8040  1036.2495    1496.45      1.886 0.0000e+00      11.00
   1849.000     3.8192   3.319412   1830.093    34.9987    27.8041  1036.2540    1496.47      1.452 0.0000e+00      16.00
   1850.000     3.8192   3.319441   1831.079    34.9985    27.8039  1036.2583    1496.48      0.715 0.0000e+00      43.00
   1851.000     3.8198   3.319573   1832.064    34.9990    27.8042  1036.2630    1496.50      1.440 0.0000e+00      14.00
   1852.000     3.8206   3.319708   1833.050    34.9992    27.8044  1036.2676    1496.53      1.787 0.0000e+00      14.00
   1853.000     3.8201   3.319691   1834.035    34.9991    27.8043  1036.2721    1496.54      1.866 0.0000e+00      12.00
   1854.000     3.8203   3.319786   1835.021    34.9995    27.8046  1036.2769    1496.56      1.852 0.0000e+00      13.00
   1855.000     3.8189   3.319664   1836.006    34.9991    27.8044  1036.2812    1496.57      1.773 0.0000e+00      15.00
   1856.000     3.8149   3.319282   1836.991    34.9983    27.8042  1036.2857    1496.57      1.643 0.0000e+00      14.00
   1857.000     3.8047   3.318257   1837.977    34.9965    27.8039  1036.2903    1496.54      1.497 0.0000e+00      16.00
   1858.000     3.7983   3.317742   1838.962    34.9967    27.8047  1036.2959    1496.53      1.353 0.0000e+00      18.00
   1859.000     3.7968   3.317621   1839.948    34.9964    27.8046  1036.3003    1496.54      1.163 0.0000e+00      21.00
   1860.000     3.7960   3.317586   1840.933    34.9963    27.8046  1036.3048    1496.55      0.886 0.0000e+00      27.00
   1861.000     3.7963   3.317668   1841.919    34.9965    27.8046  1036.3094    1496.57      1.115 0.0000e+00      24.00
   1862.000     3.7967   3.317753   1842.904    34.9966    27.8047  1036.3139    1496.59      1.829 0.0000e+00      13.00
   1863.000     3.7972   3.317856   1843.889    34.9969    27.8049  1036.3185    1496.61      2.317 0.0000e+00      10.00
   1864.000     3.7969   3.317867   1844.875    34.9968    27.8048  1036.3230    1496.62      2.635 0.0000e+00       8.00
   1865.000     3.7934   3.317425   1845.860    34.9948    27.8036  1036.3264    1496.62      2.787 0.0000e+00       9.00
   1866.000     3.7848   3.316669   1846.846    34.9944    27.8042  1036.3318    1496.60      2.766 0.0000e+00       8.00
   1867.000     3.7809   3.316399   1847.831    34.9949    27.8050  1036.3373    1496.60      2.574 0.0000e+00       8.00
   1868.000     3.7786   3.316245   1848.816    34.9950    27.8053  1036.3421    1496.61      2.096 0.0000e+00      12.00
   1869.000     3.7783   3.316254   1849.802    34.9949    27.8053  1036.3467    1496.63      0.732 0.0000e+00      59.00
   1870.000     3.7810   3.316622   1850.787    34.9959    27.8058  1036.3515    1496.66      0.765 0.0000e+00      39.00
   1871.000     3.7839   3.317050   1851.773    34.9975    27.8067  1036.3568    1496.69      1.867 0.0000e+00      12.00
   1872.000     3.7842   3.317111   1852.758    34.9974    27.8066  1036.3611    1496.71      2.468 0.0000e+00       9.00
   1873.000     3.7810   3.316795   1853.743    34.9966    27.8063  1036.3655    1496.71      2.829 0.0000e+00       8.00
   1874.000     3.7787   3.316670   1854.729    34.9970    27.8069  1036.3706    1496.71      3.046 0.0000e+00       7.00
   1875.000     3.7777   3.316614   1855.714    34.9969    27.8069  1036.3752    1496.73      3.105 0.0000e+00       8.00
   1876.000     3.7768   3.316569   1856.699    34.9969    27.8070  1036.3798    1496.74      3.008 0.0000e+00       8.00
   1877.000     3.7747   3.316377   1857.685    34.9963    27.8067  1036.3841    1496.75      2.752 0.0000e+00       8.00
   1878.000     3.7725   3.316204   1858.670    34.9962    27.8069  1036.3888    1496.75      2.187 0.0000e+00      11.00
   1879.000     3.7687   3.315872   1859.655    34.9958    27.8069  1036.3935    1496.76      0.519 0.0000e+00      46.00
   1880.000     3.7665   3.315666   1860.641    34.9951    27.8066  1036.3978    1496.76      2.119 0.0000e+00      11.00
   1881.000     3.7615   3.315270   1861.626    34.9953    27.8073  1036.4032    1496.76      2.362 0.0000e+00       9.00
   1882.000     3.7591   3.315078   1862.611    34.9950    27.8073  1036.4078    1496.77      2.425 0.0000e+00      12.00
   1883.000     3.7572   3.314939   1863.597    34.9950    27.8074  1036.4125    1496.77      2.428 0.0000e+00       7.00
   1884.000     3.7560   3.314863   1864.582    34.9949    27.8075  1036.4171    1496.78      2.278 0.0000e+00      10.00
   1885.000     3.7543   3.314741   1865.567    34.9947    27.8076  1036.4217    1496.79      1.922 0.0000e+00      12.00
   1886.000     3.7535   3.314691   1866.553    34.9945    27.8075  1036.4261    1496.81      1.315 0.0000e+00      20.00
   1887.000     3.7527   3.314656   1867.538    34.9944    27.8075  1036.4307    1496.82      0.908 0.0000e+00      28.00
   1888.000     3.7515   3.314591   1868.523    34.9945    27.8077  1036.4354    1496.83      1.228 0.0000e+00      18.00
   1889.000     3.7504   3.314516   1869.509    34.9942    27.8075  1036.4398    1496.84      1.480 0.0000e+00      18.00
   1890.000     3.7483   3.314348   1870.494    34.9940    27.8076  1036.4444    1496.85      1.632 0.0000e+00      13.00
   1891.000     3.7470   3.314305   1871.479    34.9944    27.8080  1036.4494    1496.86      1.673 0.0000e+00      14.00
   1892.000     3.7485   3.314537   1872.464    34.9950    27.8084  1036.4541    1496.89      1.610 0.0000e+00      14.00
   1893.000     3.7492   3.314652   1873.450    34.9952    27.8085  1036.4587    1496.91      1.562 0.0000e+00      17.00
   1894.000     3.7478   3.314541   1874.435    34.9949    27.8083  1036.4631    1496.92      1.591 0.0000e+00      16.00
   1895.000     3.7452   3.314320   1875.420    34.9946    27.8084  1036.4677    1496.92      1.586 0.0000e+00      13.00
   1896.000     3.7421   3.314062   1876.405    34.9942    27.8084  1036.4724    1496.93      1.456 0.0000e+00      18.00
   1897.000     3.7379   3.313660   1877.391    34.9935    27.8082  1036.4769    1496.92      1.249 0.0000e+00      17.00
   1898.000     3.7317   3.313117   1878.376    34.9932    27.8086  1036.4820    1496.92      0.967 0.0000e+00      26.00
   1899.000     3.7273   3.312740   1879.361    34.9928    27.8088  1036.4869    1496.91      0.913 0.0000e+00      29.00
   1900.000     3.7251   3.312583   1880.346    34.9928    27.8090  1036.4917    1496.92      1.653 0.0000e+00      14.00
   1901.000     3.7235   3.312460   1881.332    34.9926    27.8090  1036.4962    1496.93      2.049 0.0000e+00      12.00
   1902.000     3.7228   3.312419   1882.317    34.9923    27.8088  1036.5006    1496.94      2.214 0.0000e+00      10.00
   1903.000     3.7217   3.312348   1883.302    34.9922    27.8089  1036.5051    1496.96      2.229 0.0000e+00      10.00
   1904.000     3.7166   3.311878   1884.287    34.9915    27.8089  1036.5098    1496.95      2.119 0.0000e+00      12.00
   1905.000     3.7126   3.311585   1885.273    34.9918    27.8095  1036.5151    1496.95      1.908 0.0000e+00      11.00
   1906.000     3.7117   3.311622   1886.258    34.9927    27.8103  1036.5204    1496.96      1.628 0.0000e+00      15.00
   1907.000     3.7112   3.311636   1887.243    34.9930    27.8105  1036.5252    1496.98      1.383 0.0000e+00      18.00
   1908.000     3.7100   3.311571   1888.228    34.9930    27.8107  1036.5298    1496.99      1.202 0.0000e+00      19.00
   1909.000     3.7100   3.311639   1889.213    34.9933    27.8109  1036.5346    1497.01      1.030 0.0000e+00      25.00
   1910.000     3.7107   3.311797   1890.199    34.9939    27.8114  1036.5394    1497.03      0.985 0.0000e+00      26.00
   1911.000     3.7099   3.311760   1891.184    34.9939    27.8114  1036.5440    1497.04      1.388 0.0000e+00      17.00
   1912.000     3.7097   3.311800   1892.169    34.9941    27.8116  1036.5487    1497.06      1.734 0.0000e+00      14.00
   1913.000     3.7099   3.311886   1893.154    34.9944    27.8118  1036.5533    1497.08      1.934 0.0000e+00      12.00
   1914.000     3.7092   3.311836   1894.139    34.9940    27.8115  1036.5576    1497.09      1.993 0.0000e+00      11.00
   1915.000     3.7085   3.311826   1895.124    34.9941    27.8118  1036.5623    1497.11      1.877 0.0000e+00      11.00
   1916.000     3.7073   3.311741   1896.110    34.9940    27.8117  1036.5669    1497.12      1.537 0.0000e+00      15.00
   1917.000     3.7065   3.311718   1897.095    34.9941    27.8119  1036.5715    1497.13      1.015 0.0000e+00      27.00
   1918.000     3.7085   3.312014   1898.080    34.9950    27.8124  1036.5764    1497.16      1.107 0.0000e+00      24.00
   1919.000     3.7106   3.312322   1899.065    34.9960    27.8130  1036.5813    1497.18      1.613 0.0000e+00      13.00
   1920.000     3.7121   3.312514   1900.050    34.9961    27.8130  1036.5857    1497.21      1.868 0.0000e+00      13.00
   1921.000     3.7110   3.312426   1901.035    34.9957    27.8128  1036.5901    1497.22      1.977 0.0000e+00      12.00
   1922.000     3.7097   3.312361   1902.021    34.9959    27.8131  1036.5949    1497.23      1.957 0.0000e+00      11.00
   1923.000     3.7070   3.312113   1903.006    34.9953    27.8128  1036.5993    1497.23      1.758 0.0000e+00      13.00
   1924.000     3.7046   3.311944   1903.991    34.9954    27.8131  1036.6041    1497.24      1.361 0.0000e+00      19.00
   1925.000     3.7023   3.311765   1904.976    34.9952    27.8132  1036.6088    1497.25      1.176 0.0000e+00      22.00
   1926.000     3.6997   3.311569   1905.961    34.9951    27.8134  1036.6136    1497.25      1.604 0.0000e+00      15.00
   1927.000     3.6979   3.311462   1906.946    34.9953    27.8137  1036.6185    1497.26      1.835 0.0000e+00      12.00
   1928.000     3.6972   3.311410   1907.931    34.9949    27.8135  1036.6228    1497.28      1.767 0.0000e+00      12.00
   1929.000     3.6959   3.311316   1908.916    34.9948    27.8135  1036.6273    1497.29      1.364 0.0000e+00      19.00
   1930.000     3.6905   3.310839   1909.902    34.9943    27.8137  1036.6322    1497.28      0.687 0.0000e+00      41.00
   1931.000     3.6872   3.310605   1910.887    34.9945    27.8142  1036.6374    1497.28      1.495 0.0000e+00      16.00
   1932.000     3.6866   3.310577   1911.872    34.9944    27.8142  1036.6418    1497.30      1.957 0.0000e+00      12.00
   1933.000     3.6863   3.310591   1912.857    34.9944    27.8142  1036.6464    1497.31      2.140 0.0000e+00      10.00
   1934.000     3.6869   3.310710   1913.842    34.9946    27.8143  1036.6510    1497.33      2.165 0.0000e+00      11.00
   1935.000     3.6875   3.310817   1914.827    34.9949    27.8145  1036.6555    1497.35      2.079 0.0000e+00      11.00
   1936.000     3.6850   3.310628   1915.812    34.9947    27.8146  1036.6602    1497.36      1.858 0.0000e+00      13.00
   1937.000     3.6833   3.310516   1916.797    34.9948    27.8148  1036.6650    1497.37      1.535 0.0000e+00      16.00
   1938.000     3.6815   3.310391   1917.782    34.9946    27.8149  1036.6696    1497.38      1.234 0.0000e+00      20.00
   1939.000     3.6800   3.310283   1918.767    34.9945    27.8149  1036.6742    1497.39      1.058 0.0000e+00      23.00
   1940.000     3.6797   3.310304   1919.752    34.9946    27.8150  1036.6789    1497.40      1.063 0.0000e+00      24.00
   1941.000     3.6793   3.310328   1920.737    34.9949    27.8153  1036.6836    1497.42      1.398 0.0000e+00      17.00
   1942.000     3.6791   3.310340   1921.722    34.9947    27.8152  1036.6880    1497.43      1.781 0.0000e+00      13.00
   1943.000     3.6788   3.310384   1922.707    34.9951    27.8155  1036.6928    1497.45      2.032 0.0000e+00      12.00
   1944.000     3.6825   3.310948   1923.693    34.9973    27.8169  1036.6984    1497.49      2.144 0.0000e+00      11.00
   1945.000     3.6863   3.311358   1924.678    34.9977    27.8168  1036.7026    1497.52      2.080 0.0000e+00      10.00
   1946.000     3.6863   3.311365   1925.663    34.9973    27.8166  1036.7069    1497.54      1.795 0.0000e+00      15.00
   1947.000     3.6851   3.311275   1926.648    34.9971    27.8165  1036.7113    1497.55      1.068 0.0000e+00      25.00
   1948.000     3.6865   3.311534   1927.632    34.9981    27.8171  1036.7163    1497.57      0.690 0.0000e+00      37.00
   1949.000     3.6868   3.311598   1928.618    34.9981    27.8171  1036.7208    1497.59      1.844 0.0000e+00      11.00
   1950.000     3.6864   3.311619   1929.603    34.9982    27.8173  1036.7254    1497.60      2.108 0.0000e+00      11.00
   1951.000     3.6864   3.311660   1930.588    34.9983    27.8173  1036.7300    1497.62      2.114 0.0000e+00      12.00
   1952.000     3.6863   3.311688   1931.573    34.9983    27.8173  1036.7344    1497.64      1.939 0.0000e+00      12.00
   1953.000     3.6857   3.311646   1932.558    34.9980    27.8171  1036.7388    1497.65      1.577 0.0000e+00      14.00
   1954.000     3.6834   3.311474   1933.543    34.9979    27.8173  1036.7435    1497.66      1.127 0.0000e+00      26.00
   1955.000     3.6826   3.311454   1934.528    34.9980    27.8174  1036.7482    1497.67      1.402 0.0000e+00      16.00
   1956.000     3.6814   3.311422   1935.513    34.9983    27.8178  1036.7531    1497.68      1.868 0.0000e+00      12.00
   1957.000     3.6802   3.311383   1936.498    34.9987    27.8182  1036.7580    1497.70      2.058 0.0000e+00      11.00
   1958.000     3.6794   3.311330   1937.483    34.9984    27.8181  1036.7624    1497.71      2.006 0.0000e+00      12.00
   1959.000     3.6761   3.311033   1938.468    34.9979    27.8180  1036.7669    1497.71      1.721 0.0000e+00      14.00
   1960.000     3.6709   3.310593   1939.453    34.9977    27.8184  1036.7721    1497.71      1.071 0.0000e+00      23.00
   1961.000     3.6691   3.310474   1940.438    34.9977    27.8186  1036.7768    1497.71      0.540 0.0000e+00      43.00
   1962.000     3.6690   3.310522   1941.422    34.9979    27.8187  1036.7814    1497.73      1.643 0.0000e+00      14.00
   1963.000     3.6692   3.310568   1942.408    34.9978    27.8186  1036.7858    1497.75      1.949 0.0000e+00      11.00
   1964.000     3.6685   3.310538   1943.392    34.9977    27.8186  1036.7903    1497.76      2.100 0.0000e+00      11.00
   1965.000     3.6661   3.310338   1944.377    34.9974    27.8186  1036.7949    1497.77      2.158 0.0000e+00      12.00
   1966.000     3.6641   3.310204   1945.362    34.9974    27.8188  1036.7996    1497.78      2.149 0.0000e+00      10.00
   1967.000     3.6630   3.310144   1946.347    34.9974    27.8190  1036.8043    1497.79      2.037 0.0000e+00      12.00
   1968.000     3.6623   3.310123   1947.332    34.9974    27.8191  1036.8089    1497.80      1.817 0.0000e+00      12.00
