dados/ctd/rad1_doei010.cnv
* Sea-Bird SBE 9 Raw Data File:
* FileName = C:\OceanoEI\OEI010.dat
* Software Version Seasave Win32 v1.10
* Temperature SN = 2326
* Conductivity SN = 2149
* Number of Bytes Per Scan = 12
* Number of Voltage Words = 0
* System UpLoad Time = Nov 04 2001 04:37:58
** H-40 
** Navio Oceanografico ANTARES 
** 173a Comissao Oceanografica 
** OCEANO LESTE I 
** Estacao: OEI010
** Latitude: 10 19.8 S
** Longitude: 034 18.3 W
** Data-Hora (DDHHMMZ/MMM/AA): 010436Z/NOV/01
** Profundidade Local (m): 4433
** N/S do CTD: 11282 
** Operador: 1T-ALEX URBANCG
# nquan = 11
# nvalues = 2532                        
# units = specified
# name 0 = prDM: Pressure, Digiquartz [db]
# name 1 = t068C: Temperature [ITS-68, deg C]
# name 2 = c0S/m: Conductivity [S/m]
# name 3 = depSM: Depth [salt water, m], lat = -15
# name 4 = sal00: Salinity [PSU]
# name 5 = sigma-t00: Density [sigma-t, Kg/m^3 ]
# name 6 = density00: Density [density, Kg/m^3]
# name 7 = svCM: Sound Velocity [Chen-Millero, m/s]
# name 8 = dz/dtM: Descent Rate [m/s], WS = 2
# name 9 = flag: flag
# name 10 = nbin: number of scans per bin
# span 0 =      3.000,   2534.000       
# span 1 =     3.1980,    26.9144       
# span 2 =   3.255264,   5.753765       
# span 3 =      2.983,   2504.077       
# span 4 =    34.4555,    37.1222       
# span 5 =    23.9750,    27.8472       
# span 6 =  1023.9891,  1039.3815       
# span 7 =    1479.03,    1541.20       
# span 8 =     -0.102,      3.024       
# span 9 = 0.0000e+00, 0.0000e+00       
# span 10 =       1.00,     206.00      
# interval = decibars: 1                
# start_time = Nov 04 2001 04:37:58
# bad_flag = -9.990e-29
*END*
[from data line 2361]
   2364.000     3.3280   3.295331   2337.008    34.9879    27.8445  1038.6174    1503.05      2.250 0.0000e+00      11.00
   2365.000     3.3279   3.295344   2337.992    34.9878    27.8444  1038.6218    1503.06      1.836 0.0000e+00      12.00
   2366.000     3.3258   3.295180   2338.975    34.9875    27.8444  1038.6263    1503.07      1.036 0.0000e+00      30.00
   2367.000     3.3232   3.294989   2339.958    34.9876    27.8447  1038.6313    1503.08      1.009 0.0000e+00      25.00
   2368.000     3.3229   3.295004   2340.941    34.9875    27.8447  1038.6357    1503.09      1.792 0.0000e+00      12.00
   2369.000     3.3228   3.295024   2341.924    34.9875    27.8447  1038.6401    1503.11      1.949 0.0000e+00      14.00
   2370.000     3.3220   3.294991   2342.907    34.9874    27.8447  1038.6446    1503.13      1.887 0.0000e+00      10.00
   2371.000     3.3211   3.294942   2343.890    34.9874    27.8447  1038.6492    1503.14      1.678 0.0000e+00      14.00
   2372.000     3.3195   3.294830   2344.874    34.9873    27.8448  1038.6538    1503.15      1.317 0.0000e+00      19.00
   2373.000     3.3182   3.294731   2345.857    34.9870    27.8447  1038.6582    1503.16      0.786 0.0000e+00      38.00
   2374.000     3.3168   3.294663   2346.840    34.9872    27.8450  1038.6630    1503.17      1.206 0.0000e+00      20.00
   2375.000     3.3165   3.294694   2347.823    34.9874    27.8452  1038.6676    1503.19      1.853 0.0000e+00      13.00
   2376.000     3.3157   3.294651   2348.806    34.9873    27.8452  1038.6721    1503.20      2.144 0.0000e+00      11.00
   2377.000     3.3147   3.294581   2349.789    34.9871    27.8451  1038.6766    1503.21      2.257 0.0000e+00       9.00
   2378.000     3.3129   3.294459   2350.772    34.9870    27.8452  1038.6812    1503.22      2.199 0.0000e+00      11.00
   2379.000     3.3109   3.294291   2351.755    34.9867    27.8451  1038.6857    1503.23      1.986 0.0000e+00      12.00
   2380.000     3.3087   3.294143   2352.738    34.9867    27.8454  1038.6906    1503.24      1.570 0.0000e+00      15.00
   2381.000     3.3072   3.294037   2353.721    34.9866    27.8455  1038.6951    1503.25      1.130 0.0000e+00      23.00
   2382.000     3.3068   3.294040   2354.704    34.9866    27.8455  1038.6996    1503.26      1.355 0.0000e+00      18.00
   2383.000     3.3065   3.294054   2355.687    34.9866    27.8455  1038.7041    1503.28      1.613 0.0000e+00      14.00
   2384.000     3.3060   3.294039   2356.670    34.9865    27.8455  1038.7085    1503.29      1.483 0.0000e+00      15.00
   2385.000     3.3056   3.294034   2357.653    34.9864    27.8454  1038.7130    1503.31      0.729 0.0000e+00      52.00
   2386.000     3.3055   3.294087   2358.637    34.9867    27.8457  1038.7176    1503.32      1.436 0.0000e+00      17.00
   2387.000     3.3056   3.294131   2359.619    34.9867    27.8456  1038.7221    1503.34      2.098 0.0000e+00      10.00
   2388.000     3.3052   3.294129   2360.603    34.9866    27.8457  1038.7265    1503.36      2.486 0.0000e+00      10.00
   2389.000     3.3049   3.294159   2361.586    34.9867    27.8458  1038.7311    1503.37      2.681 0.0000e+00       8.00
   2390.000     3.3047   3.294180   2362.569    34.9867    27.8458  1038.7356    1503.39      2.749 0.0000e+00       8.00
   2391.000     3.3047   3.294231   2363.552    34.9869    27.8459  1038.7401    1503.41      2.700 0.0000e+00       8.00
   2392.000     3.3047   3.294249   2364.535    34.9866    27.8457  1038.7444    1503.42      2.463 0.0000e+00      10.00
   2393.000     3.3044   3.294256   2365.518    34.9866    27.8457  1038.7488    1503.44      2.003 0.0000e+00      10.00
   2394.000     3.3043   3.294259   2366.500    34.9862    27.8454  1038.7530    1503.45      0.629 0.0000e+00      61.00
   2395.000     3.3025   3.294124   2367.484    34.9861    27.8455  1038.7577    1503.46      1.711 0.0000e+00      11.00
   2396.000     3.2996   3.293914   2368.467    34.9862    27.8459  1038.7626    1503.47      1.893 0.0000e+00      12.00
   2397.000     3.2982   3.293838   2369.449    34.9863    27.8461  1038.7673    1503.48      1.568 0.0000e+00      14.00
   2398.000     3.2980   3.293827   2370.433    34.9860    27.8458  1038.7716    1503.49      1.055 0.0000e+00      27.00
   2399.000     3.2977   3.293859   2371.416    34.9862    27.8460  1038.7762    1503.51      1.330 0.0000e+00      20.00
   2400.000     3.2975   3.293889   2372.399    34.9862    27.8461  1038.7807    1503.53      1.952 0.0000e+00      11.00
   2401.000     3.2970   3.293873   2373.381    34.9862    27.8461  1038.7852    1503.54      2.313 0.0000e+00      10.00
   2402.000     3.2966   3.293898   2374.364    34.9863    27.8463  1038.7898    1503.56      2.496 0.0000e+00      10.00
   2403.000     3.2965   3.293931   2375.348    34.9864    27.8464  1038.7944    1503.57      2.527 0.0000e+00       8.00
   2404.000     3.2960   3.293883   2376.330    34.9859    27.8460  1038.7985    1503.59      2.394 0.0000e+00      10.00
   2405.000     3.2936   3.293695   2377.313    34.9858    27.8461  1038.8032    1503.59      2.023 0.0000e+00      12.00
   2406.000     3.2930   3.293670   2378.296    34.9856    27.8460  1038.8076    1503.61      0.378 0.0000e+00      66.00
   2407.000     3.2931   3.293754   2379.279    34.9861    27.8464  1038.8124    1503.63      2.340 0.0000e+00       9.00
   2408.000     3.2920   3.293679   2380.262    34.9859    27.8463  1038.8168    1503.64      2.589 0.0000e+00       9.00
   2409.000     3.2916   3.293700   2381.245    34.9860    27.8465  1038.8214    1503.65      2.542 0.0000e+00       9.00
   2410.000     3.2914   3.293721   2382.228    34.9860    27.8465  1038.8259    1503.67      2.324 0.0000e+00      10.00
   2411.000     3.2915   3.293746   2383.211    34.9858    27.8464  1038.8302    1503.69      1.980 0.0000e+00      12.00
   2412.000     3.2915   3.293782   2384.194    34.9858    27.8463  1038.8346    1503.70      1.441 0.0000e+00      19.00
   2413.000     3.2916   3.293832   2385.177    34.9858    27.8463  1038.8390    1503.72      1.134 0.0000e+00      24.00
   2414.000     3.2917   3.293892   2386.160    34.9859    27.8464  1038.8435    1503.74      1.587 0.0000e+00      14.00
   2415.000     3.2918   3.293943   2387.143    34.9859    27.8464  1038.8480    1503.75      1.846 0.0000e+00      12.00
   2416.000     3.2919   3.293982   2388.126    34.9859    27.8463  1038.8524    1503.77      1.826 0.0000e+00      13.00
   2417.000     3.2920   3.294016   2389.109    34.9857    27.8462  1038.8567    1503.79      1.570 0.0000e+00      15.00
   2418.000     3.2920   3.294055   2390.091    34.9857    27.8462  1038.8611    1503.81      1.074 0.0000e+00      23.00
   2419.000     3.2920   3.294089   2391.074    34.9856    27.8461  1038.8654    1503.82      0.638 0.0000e+00      43.00
   2420.000     3.2919   3.294150   2392.057    34.9859    27.8464  1038.8701    1503.84      1.427 0.0000e+00      16.00
   2421.000     3.2913   3.294119   2393.040    34.9858    27.8464  1038.8746    1503.85      1.848 0.0000e+00      12.00
   2422.000     3.2907   3.294123   2394.023    34.9859    27.8465  1038.8792    1503.87      2.037 0.0000e+00      13.00
   2423.000     3.2906   3.294135   2395.006    34.9858    27.8464  1038.8835    1503.88      2.109 0.0000e+00      10.00
   2424.000     3.2904   3.294157   2395.989    34.9858    27.8464  1038.8880    1503.90      2.058 0.0000e+00      12.00
   2425.000     3.2898   3.294138   2396.971    34.9858    27.8465  1038.8925    1503.92      1.862 0.0000e+00      12.00
   2426.000     3.2889   3.294088   2397.954    34.9857    27.8465  1038.8971    1503.93      1.432 0.0000e+00      18.00
   2427.000     3.2885   3.294085   2398.937    34.9855    27.8464  1038.9014    1503.94      0.898 0.0000e+00      30.00
   2428.000     3.2884   3.294130   2399.920    34.9857    27.8466  1038.9061    1503.96      1.225 0.0000e+00      19.00
   2429.000     3.2883   3.294178   2400.903    34.9860    27.8468  1038.9107    1503.98      1.766 0.0000e+00      14.00
   2430.000     3.2884   3.294218   2401.886    34.9858    27.8466  1038.9150    1503.99      2.057 0.0000e+00      12.00
   2431.000     3.2886   3.294259   2402.869    34.9857    27.8465  1038.9193    1504.01      2.204 0.0000e+00      10.00
   2432.000     3.2883   3.294286   2403.851    34.9858    27.8466  1038.9239    1504.03      2.200 0.0000e+00      11.00
   2433.000     3.2882   3.294310   2404.834    34.9858    27.8466  1038.9283    1504.04      2.032 0.0000e+00      12.00
   2434.000     3.2881   3.294326   2405.817    34.9855    27.8464  1038.9326    1504.06      1.616 0.0000e+00      14.00
   2435.000     3.2876   3.294306   2406.800    34.9853    27.8463  1038.9369    1504.07      0.733 0.0000e+00      44.00
   2436.000     3.2867   3.294270   2407.783    34.9855    27.8465  1038.9416    1504.09      1.074 0.0000e+00      19.00
   2437.000     3.2862   3.294256   2408.766    34.9854    27.8465  1038.9461    1504.10      1.268 0.0000e+00      21.00
   2438.000     3.2857   3.294261   2409.748    34.9855    27.8467  1038.9507    1504.12      1.374 0.0000e+00      17.00
   2439.000     3.2838   3.294105   2410.731    34.9852    27.8466  1038.9551    1504.13      1.608 0.0000e+00      15.00
   2440.000     3.2819   3.293991   2411.714    34.9853    27.8469  1038.9600    1504.13      1.752 0.0000e+00      14.00
   2441.000     3.2808   3.293927   2412.697    34.9853    27.8470  1038.9646    1504.15      1.726 0.0000e+00      13.00
   2442.000     3.2786   3.293731   2413.680    34.9848    27.8468  1038.9690    1504.15      1.555 0.0000e+00      16.00
   2443.000     3.2764   3.293561   2414.662    34.9847    27.8469  1038.9737    1504.16      1.393 0.0000e+00      18.00
   2444.000     3.2756   3.293526   2415.645    34.9846    27.8469  1038.9782    1504.17      1.503 0.0000e+00      16.00
   2445.000     3.2751   3.293518   2416.628    34.9846    27.8469  1038.9827    1504.19      1.806 0.0000e+00      13.00
   2446.000     3.2747   3.293490   2417.611    34.9842    27.8467  1038.9869    1504.20      2.038 0.0000e+00      12.00
   2447.000     3.2718   3.293196   2418.593    34.9833    27.8463  1038.9911    1504.21      2.134 0.0000e+00      10.00
   2448.000     3.2661   3.292657   2419.576    34.9825    27.8461  1038.9957    1504.20      2.049 0.0000e+00      11.00
   2449.000     3.2607   3.292172   2420.559    34.9819    27.8462  1039.0006    1504.19      1.732 0.0000e+00      14.00
   2450.000     3.2590   3.292042   2421.542    34.9817    27.8462  1039.0051    1504.20      0.789 0.0000e+00      53.00
   2451.000     3.2574   3.291943   2422.524    34.9817    27.8464  1039.0098    1504.21      1.478 0.0000e+00      16.00
   2452.000     3.2563   3.291878   2423.507    34.9817    27.8464  1039.0144    1504.22      1.997 0.0000e+00      10.00
   2453.000     3.2551   3.291787   2424.490    34.9814    27.8463  1039.0188    1504.24      2.160 0.0000e+00      10.00
   2454.000     3.2526   3.291559   2425.473    34.9809    27.8461  1039.0232    1504.24      2.070 0.0000e+00      11.00
   2455.000     3.2495   3.291277   2426.455    34.9803    27.8460  1039.0277    1504.24      1.796 0.0000e+00      14.00
   2456.000     3.2456   3.290924   2427.438    34.9797    27.8459  1039.0323    1504.24      1.352 0.0000e+00      18.00
   2457.000     3.2423   3.290642   2428.421    34.9794    27.8460  1039.0370    1504.25      1.091 0.0000e+00      26.00
   2458.000     3.2400   3.290449   2429.403    34.9791    27.8460  1039.0415    1504.25      1.424 0.0000e+00      15.00
   2459.000     3.2383   3.290357   2430.386    34.9794    27.8463  1039.0465    1504.26      1.576 0.0000e+00      13.00
   2460.000     3.2377   3.290350   2431.369    34.9794    27.8464  1039.0510    1504.28      1.360 0.0000e+00      18.00
   2461.000     3.2371   3.290301   2432.352    34.9791    27.8462  1039.0553    1504.29      0.851 0.0000e+00      32.00
   2462.000     3.2366   3.290305   2433.334    34.9792    27.8463  1039.0599    1504.31      1.101 0.0000e+00      23.00
   2463.000     3.2350   3.290200   2434.317    34.9792    27.8465  1039.0645    1504.32      1.695 0.0000e+00      14.00
   2464.000     3.2341   3.290146   2435.300    34.9790    27.8464  1039.0689    1504.33      2.006 0.0000e+00      11.00
   2465.000     3.2330   3.290102   2436.282    34.9791    27.8466  1039.0737    1504.34      2.199 0.0000e+00      11.00
   2466.000     3.2330   3.290135   2437.265    34.9791    27.8466  1039.0781    1504.36      2.294 0.0000e+00      11.00
   2467.000     3.2329   3.290163   2438.248    34.9790    27.8466  1039.0825    1504.38      2.300 0.0000e+00       9.00
   2468.000     3.2328   3.290193   2439.230    34.9790    27.8466  1039.0869    1504.39      2.200 0.0000e+00      11.00
   2469.000     3.2329   3.290234   2440.213    34.9790    27.8465  1039.0913    1504.41      1.947 0.0000e+00      12.00
   2470.000     3.2328   3.290250   2441.196    34.9788    27.8464  1039.0956    1504.43      1.536 0.0000e+00      16.00
   2471.000     3.2333   3.290332   2442.178    34.9788    27.8463  1039.1000    1504.44      1.063 0.0000e+00      25.00
   2472.000     3.2335   3.290381   2443.161    34.9787    27.8463  1039.1043    1504.46      1.120 0.0000e+00      21.00
   2473.000     3.2335   3.290428   2444.144    34.9788    27.8463  1039.1088    1504.48      1.174 0.0000e+00      20.00
   2474.000     3.2335   3.290453   2445.126    34.9786    27.8462  1039.1131    1504.50      0.952 0.0000e+00      27.00
   2475.000     3.2331   3.290457   2446.109    34.9787    27.8463  1039.1177    1504.51      1.234 0.0000e+00      20.00
   2476.000     3.2331   3.290509   2447.092    34.9788    27.8463  1039.1222    1504.53      1.677 0.0000e+00      15.00
   2477.000     3.2331   3.290547   2448.074    34.9788    27.8464  1039.1267    1504.54      1.900 0.0000e+00      11.00
   2478.000     3.2331   3.290583   2449.057    34.9788    27.8463  1039.1311    1504.56      1.927 0.0000e+00      12.00
   2479.000     3.2330   3.290620   2450.039    34.9788    27.8464  1039.1355    1504.58      1.796 0.0000e+00      12.00
   2480.000     3.2323   3.290576   2451.022    34.9786    27.8463  1039.1399    1504.59      1.420 0.0000e+00      18.00
   2481.000     3.2323   3.290605   2452.005    34.9785    27.8462  1039.1443    1504.61      0.808 0.0000e+00      36.00
   2482.000     3.2322   3.290652   2452.987    34.9787    27.8463  1039.1488    1504.63      1.341 0.0000e+00      17.00
   2483.000     3.2323   3.290704   2453.970    34.9787    27.8464  1039.1533    1504.64      1.778 0.0000e+00      13.00
   2484.000     3.2322   3.290727   2454.952    34.9786    27.8463  1039.1577    1504.66      1.877 0.0000e+00      13.00
   2485.000     3.2319   3.290739   2455.935    34.9786    27.8463  1039.1621    1504.67      1.847 0.0000e+00      13.00
   2486.000     3.2311   3.290700   2456.918    34.9785    27.8463  1039.1666    1504.69      1.792 0.0000e+00      13.00
   2487.000     3.2309   3.290737   2457.900    34.9787    27.8465  1039.1712    1504.71      1.708 0.0000e+00      14.00
   2488.000     3.2312   3.290787   2458.883    34.9786    27.8463  1039.1755    1504.72      1.597 0.0000e+00      16.00
   2489.000     3.2309   3.290801   2459.865    34.9785    27.8464  1039.1800    1504.74      1.571 0.0000e+00      15.00
   2490.000     3.2305   3.290795   2460.848    34.9785    27.8463  1039.1844    1504.75      1.648 0.0000e+00      15.00
   2491.000     3.2290   3.290670   2461.831    34.9781    27.8462  1039.1888    1504.76      1.636 0.0000e+00      13.00
   2492.000     3.2252   3.290379   2462.813    34.9782    27.8466  1039.1939    1504.77      1.396 0.0000e+00      17.00
   2493.000     3.2230   3.290211   2463.796    34.9780    27.8467  1039.1985    1504.77      1.108 0.0000e+00      25.00
