dados/ctd/rad1_doei004.cnv
* Sea-Bird SBE 9 Raw Data File:
* FileName = C:\OceanoEI\OEI004.dat
* Software Version Seasave Win32 v1.10
* Temperature SN = 2326
* Conductivity SN = 2149
* Number of Bytes Per Scan = 12
* Number of Voltage Words = 0
* System UpLoad Time = Nov 02 2001 18:40:30
** H-40 
** Navio Oceanografico ANTARES 
** 173a Comissao Oceanografica 
** OCEANO LESTE I 
** Estacao: OEI004
** Latitude: 13 42.0 S
** Longitude: 036 30.4 W
** Data-Hora (DDHHMMZ/MMM/AA): 021838Z/NOV/01
** Profundidade Local (m): 42456
** N/S do CTD: 11282 
** Operador: 1T ALEX URBANCG
# nquan = 11
# nvalues = 2542                        
# units = specified
# name 0 = prDM: Pressure, Digiquartz [db]
# name 1 = t068C: Temperature [ITS-68, deg C]
# name 2 = c0S/m: Conductivity [S/m]
# name 3 = depSM: Depth [salt water, m], lat = -15
# name 4 = sal00: Salinity [PSU]
# name 5 = sigma-t00: Density [sigma-t, Kg/m^3 ]
# name 6 = density00: Density [density, Kg/m^3]
# name 7 = svCM: Sound Velocity [Chen-Millero, m/s]
# name 8 = dz/dtM: Descent Rate [m/s], WS = 2
# name 9 = flag: flag
# name 10 = nbin: number of scans per bin
# span 0 =      2.000,   2543.000       
# span 1 =     3.2762,    26.6196       
# span 2 =   3.246126,   5.763318       
# span 3 =      1.988,   2512.918       
# span 4 =    34.4291,    37.2387       
# span 5 =    24.4052,    27.8436       
# span 6 =  1024.4180,  1039.4132       
# span 7 =    1479.31,    1540.47       
# span 8 =     -0.083,      3.165       
# span 9 = 0.0000e+00, 0.0000e+00       
# span 10 =       5.00,     245.00      
# interval = decibars: 1                
# start_time = Nov 02 2001 18:40:30
# bad_flag = -9.990e-29
*END*
[from data line 394]
    396.000     8.7042   3.682605    393.309    34.7687    26.9844  1028.7796    1491.33      1.887 0.0000e+00      12.00
    397.000     8.6178   3.674068    394.301    34.7629    26.9934  1028.7938    1491.02      1.355 0.0000e+00      18.00
    398.000     8.5658   3.669021    395.293    34.7602    26.9994  1028.8047    1490.84      0.919 0.0000e+00      30.00
    399.000     8.5350   3.665484    396.285    34.7526    26.9982  1028.8084    1490.73      1.326 0.0000e+00      18.00
    400.000     8.5056   3.662654    397.277    34.7511    27.0015  1028.8165    1490.64      1.704 0.0000e+00      14.00
    401.000     8.5079   3.663018    398.270    34.7522    27.0021  1028.8216    1490.66      1.865 0.0000e+00      11.00
    402.000     8.4968   3.661391    399.262    34.7455    26.9985  1028.8226    1490.63      1.848 0.0000e+00      14.00
    403.000     8.4173   3.653433    400.254    34.7388    27.0056  1028.8349    1490.34      1.753 0.0000e+00      14.00
    404.000     8.3828   3.650132    401.246    34.7373    27.0097  1028.8438    1490.23      1.677 0.0000e+00      14.00
    405.000     8.3665   3.648575    402.239    34.7364    27.0115  1028.8502    1490.18      1.622 0.0000e+00      13.00
    406.000     8.3455   3.646233    403.231    34.7316    27.0110  1028.8545    1490.11      1.589 0.0000e+00      17.00
    407.000     8.3152   3.643327    404.223    34.7301    27.0145  1028.8627    1490.01      1.595 0.0000e+00      15.00
    408.000     8.2943   3.641015    405.215    34.7257    27.0142  1028.8672    1489.95      1.667 0.0000e+00      14.00
    409.000     8.2752   3.639292    406.207    34.7258    27.0172  1028.8748    1489.89      1.774 0.0000e+00      14.00
    410.000     8.2719   3.638984    407.200    34.7252    27.0172  1028.8794    1489.90      1.815 0.0000e+00      13.00
    411.000     8.2706   3.638884    408.192    34.7249    27.0172  1028.8839    1489.91      1.664 0.0000e+00      13.00
    412.000     8.2718   3.639041    409.184    34.7250    27.0171  1028.8883    1489.93      1.156 0.0000e+00      21.00
    413.000     8.2652   3.638366    410.176    34.7238    27.0172  1028.8930    1489.92      0.846 0.0000e+00      33.00
    414.000     8.2538   3.637116    411.168    34.7213    27.0169  1028.8973    1489.89      1.919 0.0000e+00      13.00
    415.000     8.2378   3.635337    412.161    34.7177    27.0166  1028.9016    1489.84      2.578 0.0000e+00       8.00
    416.000     8.2075   3.632067    413.153    34.7122    27.0168  1028.9067    1489.74      2.939 0.0000e+00       8.00
    417.000     8.1792   3.629151    414.145    34.7086    27.0183  1028.9130    1489.64      3.099 0.0000e+00       7.00
    418.000     8.1536   3.626987    415.137    34.7102    27.0235  1028.9228    1489.57      3.063 0.0000e+00       7.00
    419.000     8.1481   3.626656    416.129    34.7118    27.0255  1028.9295    1489.56      2.847 0.0000e+00       8.00
    420.000     8.1467   3.626611    417.121    34.7121    27.0260  1028.9345    1489.57      2.398 0.0000e+00       9.00
    421.000     8.1376   3.625493    418.113    34.7087    27.0246  1028.9378    1489.55      1.671 0.0000e+00      16.00
    422.000     8.0564   3.617451    419.106    34.7025    27.0320  1028.9504    1489.25      0.604 0.0000e+00      53.00
    423.000     8.0017   3.611862    420.098    34.6963    27.0354  1028.9588    1489.06      1.416 0.0000e+00      18.00
    424.000     7.9868   3.610290    421.090    34.6937    27.0355  1028.9636    1489.01      2.101 0.0000e+00      10.00
    425.000     7.9749   3.608957    422.082    34.6907    27.0350  1028.9677    1488.98      2.449 0.0000e+00      10.00
    426.000     7.9548   3.606884    423.074    34.6879    27.0358  1028.9732    1488.92      2.586 0.0000e+00       8.00
    427.000     7.9380   3.605207    424.066    34.6861    27.0369  1028.9790    1488.87      2.531 0.0000e+00       9.00
    428.000     7.9124   3.602422    425.058    34.6810    27.0367  1028.9835    1488.78      2.276 0.0000e+00      10.00
    429.000     7.8647   3.598153    426.050    34.6820    27.0445  1028.9963    1488.62      1.835 0.0000e+00      14.00
    430.000     7.8471   3.596538    427.042    34.6816    27.0468  1029.0033    1488.57      1.251 0.0000e+00      22.00
    431.000     7.8179   3.593603    428.035    34.6784    27.0486  1029.0100    1488.47      0.982 0.0000e+00      24.00
    432.000     7.8078   3.592796    429.027    34.6794    27.0509  1029.0168    1488.45      1.284 0.0000e+00      17.00
    433.000     7.8033   3.592343    430.019    34.6784    27.0508  1029.0213    1488.45      1.466 0.0000e+00      16.00
    434.000     7.7916   3.591162    431.011    34.6768    27.0513  1029.0264    1488.42      1.492 0.0000e+00      15.00
    435.000     7.7753   3.589465    432.003    34.6743    27.0516  1029.0315    1488.37      1.542 0.0000e+00      16.00
    436.000     7.7524   3.587120    432.995    34.6712    27.0526  1029.0372    1488.29      1.790 0.0000e+00      14.00
    437.000     7.7354   3.585321    433.987    34.6683    27.0528  1029.0421    1488.24      2.109 0.0000e+00      12.00
    438.000     7.7129   3.582997    434.979    34.6651    27.0536  1029.0476    1488.17      2.334 0.0000e+00      10.00
    439.000     7.6833   3.579796    435.971    34.6595    27.0535  1029.0524    1488.07      2.425 0.0000e+00       9.00
    440.000     7.6291   3.573984    436.963    34.6500    27.0539  1029.0578    1487.86      2.361 0.0000e+00       9.00
    441.000     7.5698   3.568675    437.955    34.6510    27.0634  1029.0724    1487.66      2.128 0.0000e+00      11.00
    442.000     7.5308   3.564982    438.947    34.6494    27.0677  1029.0816    1487.52      1.749 0.0000e+00      14.00
    443.000     7.5008   3.562112    439.939    34.6476    27.0706  1029.0894    1487.42      1.327 0.0000e+00      20.00
    444.000     7.4906   3.561213    440.931    34.6476    27.0721  1029.0955    1487.40      1.085 0.0000e+00      21.00
    445.000     7.4963   3.561841    441.923    34.6483    27.0718  1029.0997    1487.44      1.216 0.0000e+00      19.00
    446.000     7.4982   3.562049    442.915    34.6481    27.0714  1029.1038    1487.46      1.386 0.0000e+00      18.00
    447.000     7.4930   3.561550    443.907    34.6474    27.0716  1029.1086    1487.45      1.476 0.0000e+00      16.00
    448.000     7.4917   3.561421    444.899    34.6468    27.0713  1029.1128    1487.47      1.556 0.0000e+00      16.00
    449.000     7.4759   3.559680    445.891    34.6432    27.0708  1029.1170    1487.42      1.651 0.0000e+00      14.00
    450.000     7.4480   3.557006    446.883    34.6415    27.0734  1029.1244    1487.33      1.749 0.0000e+00      13.00
    451.000     7.4237   3.554750    447.875    34.6407    27.0763  1029.1321    1487.25      1.786 0.0000e+00      14.00
    452.000     7.4081   3.553150    448.867    34.6384    27.0767  1029.1372    1487.20      1.736 0.0000e+00      12.00
    453.000     7.3892   3.551257    449.859    34.6362    27.0777  1029.1429    1487.14      1.637 0.0000e+00      14.00
    454.000     7.3767   3.550050    450.851    34.6351    27.0786  1029.1484    1487.11      1.608 0.0000e+00      16.00
    455.000     7.3691   3.549231    451.843    34.6332    27.0782  1029.1527    1487.09      1.660 0.0000e+00      16.00
    456.000     7.3550   3.547715    452.835    34.6304    27.0780  1029.1571    1487.05      1.749 0.0000e+00      13.00
    457.000     7.3358   3.545943    453.827    34.6298    27.0802  1029.1641    1487.00      1.775 0.0000e+00      13.00
    458.000     7.2991   3.541803    454.819    34.6207    27.0783  1029.1671    1486.86      1.678 0.0000e+00      13.00
    459.000     7.1836   3.530570    455.811    34.6131    27.0887  1029.1832    1486.42      1.448 0.0000e+00      15.00
    460.000     7.1336   3.525859    456.803    34.6111    27.0941  1029.1936    1486.24      1.190 0.0000e+00      22.00
    461.000     7.1069   3.523221    457.795    34.6085    27.0957  1029.2001    1486.15      1.228 0.0000e+00      21.00
    462.000     7.0793   3.520315    458.787    34.6038    27.0959  1029.2051    1486.06      1.641 0.0000e+00      14.00
    463.000     7.0527   3.517804    459.779    34.6024    27.0985  1029.2125    1485.97      2.011 0.0000e+00      12.00
    464.000     7.0446   3.517045    460.771    34.6017    27.0991  1029.2177    1485.95      2.245 0.0000e+00      11.00
    465.000     7.0354   3.516124    461.763    34.6003    27.0992  1029.2225    1485.93      2.320 0.0000e+00       9.00
    466.000     7.0297   3.515734    462.755    34.6013    27.1008  1029.2287    1485.93      2.238 0.0000e+00      10.00
    467.000     7.0376   3.517012    463.747    34.6069    27.1041  1029.2365    1485.98      1.969 0.0000e+00      12.00
    468.000     7.0425   3.517426    464.739    34.6060    27.1028  1029.2396    1486.01      1.521 0.0000e+00      16.00
    469.000     7.0432   3.517497    465.731    34.6056    27.1023  1029.2437    1486.03      1.057 0.0000e+00      24.00
    470.000     7.0346   3.516568    466.722    34.6035    27.1019  1029.2479    1486.01      1.132 0.0000e+00      23.00
    471.000     7.0219   3.515328    467.714    34.6022    27.1026  1029.2533    1485.98      1.593 0.0000e+00      15.00
    472.000     7.0073   3.513956    468.706    34.6013    27.1039  1029.2593    1485.94      1.854 0.0000e+00      12.00
    473.000     6.9966   3.512896    469.698    34.5998    27.1043  1029.2643    1485.91      1.920 0.0000e+00      13.00
    474.000     6.9914   3.512496    470.690    34.6003    27.1053  1029.2700    1485.91      1.822 0.0000e+00      12.00
    475.000     6.9862   3.511919    471.682    34.5986    27.1048  1029.2740    1485.90      1.590 0.0000e+00      16.00
    476.000     6.9599   3.509357    472.674    34.5964    27.1066  1029.2806    1485.82      1.358 0.0000e+00      18.00
    477.000     6.9370   3.507107    473.666    34.5942    27.1080  1029.2869    1485.74      1.370 0.0000e+00      18.00
    478.000     6.9200   3.505355    474.658    34.5914    27.1082  1029.2918    1485.69      1.580 0.0000e+00      16.00
    479.000     6.8919   3.502639    475.649    34.5893    27.1104  1029.2988    1485.59      1.791 0.0000e+00      12.00
    480.000     6.8812   3.501597    476.641    34.5881    27.1109  1029.3040    1485.57      1.909 0.0000e+00      13.00
    481.000     6.8609   3.499529    477.633    34.5852    27.1114  1029.3092    1485.50      1.902 0.0000e+00      11.00
    482.000     6.8382   3.497352    478.625    34.5834    27.1131  1029.3158    1485.42      1.750 0.0000e+00      15.00
    483.000     6.8218   3.495798    479.617    34.5824    27.1145  1029.3219    1485.38      1.526 0.0000e+00      16.00
    484.000     6.8142   3.495098    480.609    34.5818    27.1151  1029.3271    1485.36      1.363 0.0000e+00      17.00
    485.000     6.7866   3.492164    481.600    34.5766    27.1148  1029.3316    1485.26      1.429 0.0000e+00      19.00
    486.000     6.7447   3.488019    482.592    34.5725    27.1172  1029.3391    1485.11      1.594 0.0000e+00      13.00
    487.000     6.6979   3.483348    483.584    34.5675    27.1196  1029.3465    1484.94      1.702 0.0000e+00      15.00
    488.000     6.6619   3.480044    484.576    34.5667    27.1238  1029.3557    1484.82      1.729 0.0000e+00      13.00
    489.000     6.6423   3.477884    485.568    34.5620    27.1228  1029.3594    1484.75      1.711 0.0000e+00      14.00
    490.000     6.6000   3.473893    486.559    34.5599    27.1268  1029.3684    1484.60      1.672 0.0000e+00      15.00
    491.000     6.5800   3.472027    487.551    34.5588    27.1286  1029.3751    1484.54      1.673 0.0000e+00      14.00
    492.000     6.5757   3.471750    488.543    34.5597    27.1298  1029.3809    1484.53      1.734 0.0000e+00      14.00
    493.000     6.5783   3.472132    489.535    34.5607    27.1303  1029.3859    1484.56      1.744 0.0000e+00      14.00
    494.000     6.5798   3.472317    490.527    34.5608    27.1302  1029.3903    1484.59      1.600 0.0000e+00      14.00
    495.000     6.5727   3.471672    491.519    34.5603    27.1308  1029.3955    1484.57      1.247 0.0000e+00      19.00
    496.000     6.5610   3.470679    492.510    34.5606    27.1325  1029.4019    1484.54      0.911 0.0000e+00      32.00
    497.000     6.5588   3.470498    493.502    34.5604    27.1327  1029.4067    1484.55      1.457 0.0000e+00      17.00
    498.000     6.5606   3.470834    494.494    34.5618    27.1335  1029.4120    1484.58      2.044 0.0000e+00      10.00
    499.000     6.5543   3.470053    495.486    34.5590    27.1322  1029.4153    1484.57      2.398 0.0000e+00      10.00
    500.000     6.5247   3.466717    496.478    34.5513    27.1301  1029.4181    1484.46      2.573 0.0000e+00       9.00
    501.000     6.4820   3.462578    497.469    34.5479    27.1330  1029.4261    1484.30      2.550 0.0000e+00       8.00
    502.000     6.4371   3.458456    498.461    34.5469    27.1381  1029.4363    1484.14      2.336 0.0000e+00      11.00
    503.000     6.4123   3.456348    499.453    34.5479    27.1422  1029.4452    1484.06      1.876 0.0000e+00      13.00
    504.000     6.4066   3.455883    500.444    34.5480    27.1431  1029.4506    1484.05      1.156 0.0000e+00      23.00
    505.000     6.4043   3.455604    501.436    34.5467    27.1424  1029.4545    1484.06      0.734 0.0000e+00      34.00
    506.000     6.4000   3.455167    502.428    34.5458    27.1422  1029.4589    1484.06      1.366 0.0000e+00      18.00
    507.000     6.3820   3.453318    503.419    34.5428    27.1422  1029.4637    1484.00      1.836 0.0000e+00      13.00
    508.000     6.3733   3.452592    504.411    34.5430    27.1435  1029.4697    1483.98      2.158 0.0000e+00      11.00
    509.000     6.3599   3.451051    505.403    34.5389    27.1420  1029.4729    1483.94      2.382 0.0000e+00       9.00
    510.000     6.3036   3.445342    506.395    34.5316    27.1436  1029.4797    1483.73      2.473 0.0000e+00      11.00
    511.000     6.2737   3.442418    507.386    34.5286    27.1452  1029.4862    1483.62      2.455 0.0000e+00       9.00
    512.000     6.2236   3.437759    508.378    34.5268    27.1502  1029.4964    1483.44      2.298 0.0000e+00      10.00
    513.000     6.2075   3.436429    509.370    34.5278    27.1531  1029.5040    1483.39      1.993 0.0000e+00      11.00
    514.000     6.1858   3.434288    510.362    34.5252    27.1539  1029.5096    1483.32      1.472 0.0000e+00      18.00
    515.000     6.1725   3.433111    511.353    34.5250    27.1554  1029.5159    1483.28      0.824 0.0000e+00      31.00
    516.000     6.1627   3.432036    512.345    34.5225    27.1547  1029.5198    1483.26      0.981 0.0000e+00      27.00
    517.000     6.1391   3.429751    513.337    34.5202    27.1559  1029.5259    1483.18      1.460 0.0000e+00      15.00
    518.000     6.1321   3.429183    514.328    34.5205    27.1571  1029.5317    1483.17      1.754 0.0000e+00      14.00
    519.000     6.1293   3.428904    515.320    34.5197    27.1568  1029.5360    1483.17      1.947 0.0000e+00      11.00
    520.000     6.1208   3.427993    516.312    34.5176    27.1563  1029.5401    1483.15      2.083 0.0000e+00      12.00
    521.000     6.1227   3.428773    517.303    34.5239    27.1610  1029.5494    1483.18      2.163 0.0000e+00      10.00
    522.000     6.1401   3.430540    518.295    34.5257    27.1601  1029.5528    1483.27      2.193 0.0000e+00      11.00
    523.000     6.1119   3.426963    519.287    34.5136    27.1542  1029.5519    1483.16      2.169 0.0000e+00      11.00
    524.000     6.0583   3.422187    520.278    34.5139    27.1613  1029.5641    1482.96      2.087 0.0000e+00      12.00
    525.000     6.0393   3.420622    521.270    34.5151    27.1647  1029.5723    1482.91      1.902 0.0000e+00      12.00
