dados/ctd/rad1_doei011.cnv
* Sea-Bird SBE 9 Raw Data File:
* FileName = C:\OceanoEI\OEI011.dat
* Software Version Seasave Win32 v1.10
* Temperature SN = 2326
* Conductivity SN = 2149
* Number of Bytes Per Scan = 12
* Number of Voltage Words = 0
* System UpLoad Time = Nov 04 2001 10:35:35
** H-40 
** Navio Oceanografico ANTARES 
** 173a Comissao Oceanografica 
** OCEANO LESTE I 
** Estacao: OEI11
** Latitude: 09 44.0 S 
** Longitude: 033 52.6 W
** Data-Hora (DDHHMMZ/MMM/AA): 041030Z/NOV/01
** Profundidade Local (m): 4696
** N/S do CTD: 11282 
** Operador: 1T E. ALMEIDA
# nquan = 11
# nvalues = 2543                        
# units = specified
# name 0 = prDM: Pressure, Digiquartz [db]
# name 1 = t068C: Temperature [ITS-68, deg C]
# name 2 = c0S/m: Conductivity [S/m]
# name 3 = depSM: Depth [salt water, m], lat = -15
# name 4 = sal00: Salinity [PSU]
# name 5 = sigma-t00: Density [sigma-t, Kg/m^3 ]
# name 6 = density00: Density [density, Kg/m^3]
# name 7 = svCM: Sound Velocity [Chen-Millero, m/s]
# name 8 = dz/dtM: Descent Rate [m/s], WS = 2
# name 9 = flag: flag
# name 10 = nbin: number of scans per bin
# span 0 =      1.000,   2543.000       
# span 1 =     3.1324,    27.0694       
# span 2 =   3.257698,   5.754064       
# span 3 =      0.994,   2512.918       
# span 4 =    34.4714,    37.0602       
# span 5 =    23.8511,    27.8553       
# span 6 =  1023.8557,  1039.4336       
# span 7 =    1479.60,    1541.78       
# span 8 =     -0.521,      3.393       
# span 9 = 0.0000e+00, 0.0000e+00       
# span 10 =       6.00,     252.00      
# interval = decibars: 1                
# start_time = Nov 04 2001 10:35:35
# bad_flag = -9.990e-29
*END*
[from data line 525]
    526.000     5.3332   3.353645    522.262    34.4755    27.2204  1029.6413    1480.04      2.594 0.0000e+00       9.00
    527.000     5.3321   3.353598    523.253    34.4755    27.2206  1029.6460    1480.06      1.999 0.0000e+00      12.00
    528.000     5.3315   3.353596    524.245    34.4756    27.2207  1029.6507    1480.07      1.155 0.0000e+00      25.00
    529.000     5.3322   3.353716    525.236    34.4758    27.2208  1029.6554    1480.09      0.753 0.0000e+00      33.00
    530.000     5.3354   3.354205    526.228    34.4776    27.2218  1029.6610    1480.12      0.989 0.0000e+00      25.00
    531.000     5.3466   3.355486    527.220    34.4802    27.2225  1029.6661    1480.19      1.402 0.0000e+00      17.00
    532.000     5.3441   3.355278    528.211    34.4798    27.2226  1029.6708    1480.19      1.828 0.0000e+00      14.00
    533.000     5.3397   3.354838    529.203    34.4788    27.2223  1029.6751    1480.19      2.177 0.0000e+00      10.00
    534.000     5.3325   3.354220    530.194    34.4787    27.2230  1029.6805    1480.18      2.431 0.0000e+00      10.00
    535.000     5.3302   3.354048    531.186    34.4786    27.2233  1029.6854    1480.18      2.552 0.0000e+00       9.00
    536.000     5.3276   3.353819    532.178    34.4781    27.2232  1029.6898    1480.19      2.531 0.0000e+00       9.00
    537.000     5.3184   3.352900    533.169    34.4765    27.2230  1029.6944    1480.17      2.352 0.0000e+00      10.00
    538.000     5.3103   3.352264    534.161    34.4770    27.2244  1029.7004    1480.15      1.986 0.0000e+00      12.00
    539.000     5.3031   3.351651    535.153    34.4769    27.2252  1029.7059    1480.14      1.434 0.0000e+00      16.00
    540.000     5.2967   3.351083    536.144    34.4764    27.2255  1029.7109    1480.13      0.972 0.0000e+00      29.00
    541.000     5.2888   3.350388    537.136    34.4761    27.2262  1029.7162    1480.11      1.283 0.0000e+00      18.00
    542.000     5.2730   3.348919    538.127    34.4750    27.2272  1029.7221    1480.06      1.707 0.0000e+00      14.00
    543.000     5.2521   3.346991    539.119    34.4738    27.2288  1029.7284    1479.99      1.898 0.0000e+00      13.00
    544.000     5.2399   3.346026    540.110    34.4748    27.2309  1029.7353    1479.96      1.914 0.0000e+00      12.00
    545.000     5.2463   3.347047    541.102    34.4794    27.2339  1029.7428    1480.01      1.816 0.0000e+00      12.00
    546.000     5.2494   3.347531    542.093    34.4813    27.2350  1029.7484    1480.04      1.693 0.0000e+00      16.00
    547.000     5.2641   3.349314    543.085    34.4861    27.2370  1029.7548    1480.12      1.697 0.0000e+00      13.00
    548.000     5.2726   3.350166    544.076    34.4866    27.2365  1029.7587    1480.18      1.815 0.0000e+00      13.00
    549.000     5.2736   3.350411    545.068    34.4879    27.2374  1029.7642    1480.20      1.878 0.0000e+00      12.00
    550.000     5.2660   3.349627    546.060    34.4863    27.2370  1029.7685    1480.18      1.793 0.0000e+00      13.00
    551.000     5.2575   3.348972    547.051    34.4870    27.2386  1029.7747    1480.16      1.550 0.0000e+00      16.00
    552.000     5.2558   3.348882    548.043    34.4872    27.2389  1029.7797    1480.18      1.273 0.0000e+00      20.00
    553.000     5.2551   3.348893    549.034    34.4875    27.2392  1029.7846    1480.19      1.246 0.0000e+00      19.00
    554.000     5.2575   3.349198    550.025    34.4880    27.2394  1029.7893    1480.21      1.473 0.0000e+00      17.00
    555.000     5.2583   3.349323    551.017    34.4882    27.2394  1029.7939    1480.23      1.625 0.0000e+00      14.00
    556.000     5.2600   3.349553    552.009    34.4885    27.2395  1029.7985    1480.26      1.625 0.0000e+00      15.00
    557.000     5.2643   3.350070    553.000    34.4895    27.2398  1029.8033    1480.29      1.557 0.0000e+00      16.00
    558.000     5.2462   3.348195    553.991    34.4861    27.2392  1029.8076    1480.23      1.605 0.0000e+00      15.00
    559.000     5.2310   3.346900    554.983    34.4864    27.2412  1029.8144    1480.19      1.786 0.0000e+00      14.00
    560.000     5.2221   3.346013    555.974    34.4848    27.2410  1029.8188    1480.17      1.940 0.0000e+00      11.00
    561.000     5.2095   3.344764    556.966    34.4830    27.2411  1029.8236    1480.13      1.982 0.0000e+00      11.00
    562.000     5.2002   3.343916    557.957    34.4822    27.2415  1029.8288    1480.11      1.880 0.0000e+00      13.00
    563.000     5.1936   3.343362    558.949    34.4821    27.2423  1029.8342    1480.10      1.627 0.0000e+00      16.00
    564.000     5.1935   3.343402    559.940    34.4823    27.2424  1029.8389    1480.11      1.337 0.0000e+00      18.00
    565.000     5.1994   3.344263    560.932    34.4856    27.2443  1029.8453    1480.16      1.323 0.0000e+00      20.00
    566.000     5.2222   3.346771    561.923    34.4904    27.2454  1029.8506    1480.27      1.680 0.0000e+00      14.00
    567.000     5.2184   3.346284    562.915    34.4882    27.2441  1029.8540    1480.27      2.043 0.0000e+00      12.00
    568.000     5.2048   3.345043    563.906    34.4874    27.2451  1029.8597    1480.23      2.221 0.0000e+00       9.00
    569.000     5.1966   3.344430    564.897    34.4883    27.2468  1029.8662    1480.22      2.220 0.0000e+00      10.00
    570.000     5.1938   3.344244    565.889    34.4886    27.2473  1029.8713    1480.22      1.953 0.0000e+00      12.00
    571.000     5.1907   3.343996    566.880    34.4884    27.2475  1029.8761    1480.22      1.457 0.0000e+00      18.00
    572.000     5.1855   3.343550    567.872    34.4882    27.2480  1029.8812    1480.22      0.979 0.0000e+00      27.00
    573.000     5.1806   3.343162    568.863    34.4882    27.2486  1029.8864    1480.22      1.188 0.0000e+00      20.00
    574.000     5.1788   3.343054    569.855    34.4883    27.2489  1029.8913    1480.23      1.477 0.0000e+00      16.00
    575.000     5.1798   3.343261    570.846    34.4891    27.2494  1029.8964    1480.25      1.589 0.0000e+00      15.00
    576.000     5.1835   3.343762    571.838    34.4906    27.2501  1029.9016    1480.28      1.660 0.0000e+00      15.00
    577.000     5.1881   3.344288    572.829    34.4914    27.2502  1029.9063    1480.32      1.811 0.0000e+00      13.00
    578.000     5.1893   3.344443    573.820    34.4915    27.2502  1029.9107    1480.34      2.031 0.0000e+00      11.00
    579.000     5.1895   3.344515    574.812    34.4916    27.2502  1029.9154    1480.36      2.248 0.0000e+00      12.00
    580.000     5.1893   3.344540    575.803    34.4915    27.2502  1029.9199    1480.37      2.376 0.0000e+00       9.00
    581.000     5.1891   3.344556    576.794    34.4914    27.2501  1029.9244    1480.39      2.366 0.0000e+00      10.00
    582.000     5.1849   3.344136    577.786    34.4905    27.2499  1029.9288    1480.39      2.208 0.0000e+00      10.00
    583.000     5.1782   3.343600    578.777    34.4906    27.2508  1029.9344    1480.37      1.836 0.0000e+00      14.00
    584.000     5.1740   3.343268    579.768    34.4906    27.2513  1029.9395    1480.37      1.253 0.0000e+00      20.00
    585.000     5.1657   3.342531    580.760    34.4903    27.2520  1029.9449    1480.35      0.908 0.0000e+00      30.00
    586.000     5.1615   3.342169    581.751    34.4898    27.2521  1029.9497    1480.36      1.456 0.0000e+00      15.00
    587.000     5.1562   3.341659    582.743    34.4890    27.2521  1029.9543    1480.35      1.854 0.0000e+00      13.00
    588.000     5.1491   3.341037    583.734    34.4886    27.2526  1029.9595    1480.34      1.943 0.0000e+00      11.00
    589.000     5.1432   3.340492    584.725    34.4879    27.2527  1029.9643    1480.33      1.808 0.0000e+00      13.00
    590.000     5.1356   3.339810    585.717    34.4874    27.2533  1029.9695    1480.31      1.555 0.0000e+00      16.00
    591.000     5.1287   3.339171    586.708    34.4866    27.2535  1029.9743    1480.30      1.519 0.0000e+00      17.00
    592.000     5.1218   3.338590    587.699    34.4865    27.2541  1029.9797    1480.29      1.823 0.0000e+00      14.00
    593.000     5.1188   3.338351    588.691    34.4864    27.2544  1029.9846    1480.29      2.177 0.0000e+00      10.00
    594.000     5.1044   3.336843    589.682    34.4834    27.2537  1029.9887    1480.25      2.353 0.0000e+00      10.00
    595.000     5.0949   3.336247    590.673    34.4857    27.2567  1029.9963    1480.23      2.280 0.0000e+00      10.00
    596.000     5.0960   3.336738    591.664    34.4898    27.2597  1030.0039    1480.25      1.922 0.0000e+00      12.00
    597.000     5.1009   3.337323    592.656    34.4909    27.2601  1030.0088    1480.29      1.101 0.0000e+00      25.00
    598.000     5.1022   3.337543    593.647    34.4916    27.2604  1030.0137    1480.32      0.763 0.0000e+00      34.00
    599.000     5.1002   3.337402    594.638    34.4915    27.2607  1030.0185    1480.32      1.809 0.0000e+00      13.00
    600.000     5.0964   3.337143    595.630    34.4920    27.2615  1030.0239    1480.32      2.243 0.0000e+00      10.00
    601.000     5.0967   3.337292    596.621    34.4928    27.2621  1030.0291    1480.34      2.444 0.0000e+00       9.00
    602.000     5.0980   3.337449    597.612    34.4928    27.2619  1030.0335    1480.37      2.493 0.0000e+00      10.00
    603.000     5.0979   3.337483    598.604    34.4928    27.2619  1030.0381    1480.38      2.425 0.0000e+00       9.00
    604.000     5.0956   3.337232    599.595    34.4918    27.2614  1030.0422    1480.39      2.262 0.0000e+00      12.00
    605.000     5.0743   3.334976    600.586    34.4873    27.2603  1030.0460    1480.31      2.009 0.0000e+00      11.00
    606.000     5.0615   3.334149    601.577    34.4904    27.2642  1030.0547    1480.28      1.608 0.0000e+00      14.00
    607.000     5.0585   3.333903    602.569    34.4901    27.2644  1030.0595    1480.28      0.883 0.0000e+00      34.00
    608.000     5.0520   3.333276    603.560    34.4892    27.2644  1030.0641    1480.27      0.866 0.0000e+00      31.00
    609.000     5.0412   3.332252    604.551    34.4880    27.2647  1030.0692    1480.24      1.820 0.0000e+00      13.00
    610.000     5.0340   3.331742    605.542    34.4890    27.2663  1030.0754    1480.23      2.292 0.0000e+00      10.00
    611.000     5.0339   3.331782    606.534    34.4891    27.2664  1030.0801    1480.25      2.613 0.0000e+00       9.00
    612.000     5.0334   3.331787    607.525    34.4891    27.2664  1030.0848    1480.26      2.727 0.0000e+00       9.00
    613.000     5.0320   3.331702    608.516    34.4890    27.2666  1030.0895    1480.27      2.713 0.0000e+00       8.00
    614.000     5.0297   3.331555    609.507    34.4892    27.2670  1030.0945    1480.28      2.562 0.0000e+00       9.00
    615.000     5.0275   3.331367    610.498    34.4888    27.2669  1030.0991    1480.29      2.270 0.0000e+00      10.00
    616.000     5.0237   3.331073    611.490    34.4889    27.2674  1030.1042    1480.29      1.890 0.0000e+00      14.00
    617.000     5.0083   3.329706    612.481    34.4884    27.2688  1030.1104    1480.24      1.480 0.0000e+00      16.00
    618.000     4.9959   3.328888    613.472    34.4913    27.2725  1030.1188    1480.21      1.184 0.0000e+00      21.00
    619.000     4.9942   3.328770    614.463    34.4911    27.2726  1030.1235    1480.22      1.238 0.0000e+00      19.00
    620.000     4.9928   3.328648    615.455    34.4907    27.2725  1030.1280    1480.23      1.487 0.0000e+00      17.00
    621.000     4.9895   3.328317    616.446    34.4898    27.2721  1030.1322    1480.23      1.615 0.0000e+00      14.00
    622.000     4.9775   3.327157    617.437    34.4882    27.2722  1030.1371    1480.20      1.525 0.0000e+00      14.00
    623.000     4.9688   3.326361    618.428    34.4876    27.2727  1030.1423    1480.18      1.200 0.0000e+00      20.00
    624.000     4.9644   3.326011    619.419    34.4875    27.2732  1030.1474    1480.18      0.891 0.0000e+00      28.00
    625.000     4.9585   3.325459    620.410    34.4868    27.2733  1030.1522    1480.17      1.459 0.0000e+00      17.00
    626.000     4.9564   3.325361    621.401    34.4873    27.2739  1030.1574    1480.18      2.178 0.0000e+00      11.00
    627.000     4.9575   3.325522    622.393    34.4875    27.2740  1030.1620    1480.20      2.615 0.0000e+00       9.00
    628.000     4.9578   3.325594    623.384    34.4875    27.2739  1030.1665    1480.21      2.818 0.0000e+00       8.00
    629.000     4.9589   3.325779    624.375    34.4880    27.2742  1030.1714    1480.24      2.815 0.0000e+00       8.00
    630.000     4.9592   3.325804    625.366    34.4874    27.2737  1030.1755    1480.25      2.625 0.0000e+00       9.00
    631.000     4.9601   3.326006    626.357    34.4884    27.2744  1030.1807    1480.28      2.225 0.0000e+00      11.00
    632.000     4.9580   3.325843    627.348    34.4881    27.2744  1030.1853    1480.28      1.663 0.0000e+00      14.00
    633.000     4.9466   3.324831    628.340    34.4877    27.2754  1030.1910    1480.25      1.116 0.0000e+00      25.00
    634.000     4.9361   3.323989    629.331    34.4883    27.2770  1030.1974    1480.23      1.215 0.0000e+00      20.00
    635.000     4.9334   3.323781    630.322    34.4882    27.2773  1030.2023    1480.23      1.642 0.0000e+00      15.00
    636.000     4.9316   3.323665    631.313    34.4882    27.2775  1030.2071    1480.24      1.882 0.0000e+00      12.00
    637.000     4.9312   3.323669    632.304    34.4882    27.2775  1030.2117    1480.26      1.903 0.0000e+00      12.00
    638.000     4.9309   3.323689    633.295    34.4882    27.2776  1030.2164    1480.27      1.728 0.0000e+00      12.00
    639.000     4.9299   3.323647    634.286    34.4882    27.2777  1030.2211    1480.28      1.427 0.0000e+00      20.00
    640.000     4.9281   3.323532    635.277    34.4882    27.2779  1030.2259    1480.29      1.378 0.0000e+00      17.00
    641.000     4.9251   3.323268    636.268    34.4878    27.2779  1030.2305    1480.30      1.665 0.0000e+00      14.00
    642.000     4.9187   3.322718    637.259    34.4875    27.2784  1030.2357    1480.29      1.907 0.0000e+00      12.00
    643.000     4.9147   3.322396    638.251    34.4874    27.2788  1030.2407    1480.29      1.931 0.0000e+00      12.00
    644.000     4.9087   3.321946    639.242    34.4879    27.2799  1030.2464    1480.28      1.726 0.0000e+00      14.00
    645.000     4.9068   3.321829    640.233    34.4880    27.2802  1030.2514    1480.29      1.314 0.0000e+00      20.00
    646.000     4.9051   3.321715    641.224    34.4880    27.2803  1030.2561    1480.30      1.085 0.0000e+00      23.00
    647.000     4.9036   3.321657    642.215    34.4883    27.2808  1030.2612    1480.31      1.479 0.0000e+00      17.00
    648.000     4.9039   3.321739    643.206    34.4885    27.2809  1030.2659    1480.33      1.927 0.0000e+00      12.00
    649.000     4.8995   3.321350    644.197    34.4880    27.2810  1030.2705    1480.32      2.184 0.0000e+00      11.00
    650.000     4.8953   3.321053    645.188    34.4884    27.2818  1030.2760    1480.32      2.238 0.0000e+00       9.00
    651.000     4.8920   3.320806    646.179    34.4884    27.2822  1030.2810    1480.33      2.093 0.0000e+00      11.00
    652.000     4.8878   3.320442    647.170    34.4880    27.2824  1030.2859    1480.33      1.764 0.0000e+00      14.00
    653.000     4.8819   3.319971    648.161    34.4882    27.2832  1030.2913    1480.32      1.408 0.0000e+00      20.00
    654.000     4.8793   3.319767    649.152    34.4880    27.2833  1030.2961    1480.32      1.382 0.0000e+00      17.00
    655.000     4.8779   3.319683    650.143    34.4880    27.2834  1030.3008    1480.34      1.544 0.0000e+00      15.00
