dados/ctd/rad1_doei007.cnv
* Sea-Bird SBE 9 Raw Data File:
* FileName = C:\OceanoEI\OEI007.dat
* Software Version Seasave Win32 v1.10
* Temperature SN = 2326
* Conductivity SN = 2149
* Number of Bytes Per Scan = 12
* Number of Voltage Words = 0
* System UpLoad Time = Nov 03 2001 13:15:23
** H-40 
** Navio Oceanografico ANTARES 
** 173a Comissao Oceanografica 
** OCEANO LESTE I 
** Estacao: OEI007
** Latitude: 11 51.8 S
** Longitude: 035 18.3 W
** Data-Hora (DDHHMMZ/MMM/AA): 031313Z/NOV/01
** Profundidade Local (m): 4337
** N/S do CTD: 11282 
** Operador: 1T E. ALMEIDA
# nquan = 11
# nvalues = 2539                        
# units = specified
# name 0 = prDM: Pressure, Digiquartz [db]
# name 1 = t068C: Temperature [ITS-68, deg C]
# name 2 = c0S/m: Conductivity [S/m]
# name 3 = depSM: Depth [salt water, m], lat = -15
# name 4 = sal00: Salinity [PSU]
# name 5 = sigma-t00: Density [sigma-t, Kg/m^3 ]
# name 6 = density00: Density [density, Kg/m^3]
# name 7 = svCM: Sound Velocity [Chen-Millero, m/s]
# name 8 = dz/dtM: Descent Rate [m/s], WS = 2
# name 9 = flag: flag
# name 10 = nbin: number of scans per bin
# span 0 =      2.000,   2540.000       
# span 1 =     3.1212,    27.0665       
# span 2 =   3.243401,   5.741605       
# span 3 =      1.988,   2509.971       
# span 4 =    34.4431,    37.2062       
# span 5 =    23.8758,    27.8510       
# span 6 =  1023.8843,  1039.4170       
# span 7 =    1480.90,    1541.22       
# span 8 =     -0.083,      3.168       
# span 9 = 0.0000e+00, 0.0000e+00       
# span 10 =       4.00,     298.00      
# interval = decibars: 1                
# start_time = Nov 03 2001 13:15:23
# bad_flag = -9.990e-29
*END*
[from data line 787]
    789.000     4.9775   3.335483    782.898    34.5004    27.2819  1030.9095    1482.97      0.884 0.0000e+00      32.00
    790.000     4.9705   3.334863    783.889    34.4999    27.2823  1030.9146    1482.96      1.454 0.0000e+00      17.00
    791.000     4.9652   3.334407    784.879    34.4996    27.2827  1030.9196    1482.95      2.009 0.0000e+00      11.00
    792.000     4.9611   3.334092    785.869    34.4997    27.2832  1030.9248    1482.95      2.289 0.0000e+00      11.00
    793.000     4.9592   3.333975    786.860    34.4998    27.2835  1030.9297    1482.96      2.355 0.0000e+00       9.00
    794.000     4.9587   3.333971    787.850    34.4998    27.2836  1030.9343    1482.98      2.182 0.0000e+00      11.00
    795.000     4.9547   3.333559    788.840    34.4987    27.2832  1030.9385    1482.97      1.737 0.0000e+00      13.00
    796.000     4.9165   3.329843    789.831    34.4947    27.2844  1030.9450    1482.83      0.927 0.0000e+00      35.00
    797.000     4.8798   3.326361    790.821    34.4918    27.2862  1030.9521    1482.69      0.964 0.0000e+00      25.00
    798.000     4.8709   3.325489    791.811    34.4904    27.2861  1030.9568    1482.67      1.731 0.0000e+00      14.00
    799.000     4.8628   3.324661    792.802    34.4886    27.2857  1030.9611    1482.65      2.167 0.0000e+00      11.00
    800.000     4.8586   3.324344    793.792    34.4888    27.2863  1030.9663    1482.65      2.400 0.0000e+00       9.00
    801.000     4.8549   3.324035    794.783    34.4886    27.2866  1030.9712    1482.65      2.428 0.0000e+00      10.00
    802.000     4.8562   3.324405    795.773    34.4910    27.2883  1030.9775    1482.68      2.232 0.0000e+00      10.00
    803.000     4.8556   3.324356    796.763    34.4906    27.2881  1030.9818    1482.69      1.745 0.0000e+00      14.00
    804.000     4.8512   3.324004    797.754    34.4905    27.2885  1030.9869    1482.69      0.946 0.0000e+00      32.00
    805.000     4.8422   3.323194    798.744    34.4899    27.2890  1030.9922    1482.67      1.223 0.0000e+00      20.00
    806.000     4.8342   3.322503    799.734    34.4897    27.2898  1030.9976    1482.65      1.778 0.0000e+00      13.00
    807.000     4.8249   3.321614    800.725    34.4885    27.2899  1031.0024    1482.63      2.038 0.0000e+00      11.00
    808.000     4.8136   3.320661    801.715    34.4886    27.2912  1031.0086    1482.60      2.063 0.0000e+00      12.00
    809.000     4.8062   3.320017    802.705    34.4884    27.2919  1031.0140    1482.59      1.862 0.0000e+00      12.00
    810.000     4.7913   3.318719    803.695    34.4881    27.2934  1031.0203    1482.54      1.491 0.0000e+00      16.00
    811.000     4.7779   3.317578    804.686    34.4883    27.2951  1031.0268    1482.50      1.255 0.0000e+00      22.00
    812.000     4.7742   3.317359    805.676    34.4891    27.2961  1031.0324    1482.50      1.485 0.0000e+00      15.00
    813.000     4.7706   3.317017    806.666    34.4884    27.2959  1031.0369    1482.51      1.900 0.0000e+00      14.00
    814.000     4.7608   3.316160    807.657    34.4880    27.2967  1031.0425    1482.48      2.176 0.0000e+00      10.00
    815.000     4.7538   3.315615    808.647    34.4884    27.2979  1031.0483    1482.47      2.265 0.0000e+00       9.00
    816.000     4.7500   3.315294    809.637    34.4882    27.2981  1031.0532    1482.47      2.131 0.0000e+00      11.00
    817.000     4.7461   3.314990    810.627    34.4881    27.2985  1031.0582    1482.47      1.737 0.0000e+00      14.00
    818.000     4.7362   3.314065    811.618    34.4871    27.2988  1031.0633    1482.44      1.010 0.0000e+00      27.00
    819.000     4.7137   3.312066    812.608    34.4868    27.3010  1031.0705    1482.37      0.716 0.0000e+00      32.00
    820.000     4.7058   3.311438    813.598    34.4870    27.3022  1031.0763    1482.36      1.416 0.0000e+00      19.00
    821.000     4.7014   3.311130    814.588    34.4875    27.3030  1031.0818    1482.35      1.793 0.0000e+00      12.00
    822.000     4.7001   3.311021    815.579    34.4872    27.3029  1031.0863    1482.36      1.993 0.0000e+00      12.00
    823.000     4.6989   3.310953    816.569    34.4871    27.3030  1031.0910    1482.37      2.031 0.0000e+00      12.00
    824.000     4.6976   3.310861    817.559    34.4868    27.3029  1031.0955    1482.39      1.983 0.0000e+00      12.00
    825.000     4.6957   3.310725    818.549    34.4867    27.3030  1031.1002    1482.39      1.901 0.0000e+00      12.00
    826.000     4.6925   3.310439    819.540    34.4863    27.3030  1031.1048    1482.40      1.836 0.0000e+00      13.00
    827.000     4.6893   3.310158    820.530    34.4858    27.3030  1031.1094    1482.40      1.781 0.0000e+00      14.00
    828.000     4.6843   3.309728    821.520    34.4855    27.3033  1031.1144    1482.40      1.702 0.0000e+00      14.00
    829.000     4.6787   3.309224    822.510    34.4849    27.3034  1031.1192    1482.39      1.566 0.0000e+00      15.00
    830.000     4.6669   3.308096    823.501    34.4835    27.3037  1031.1243    1482.35      1.397 0.0000e+00      18.00
    831.000     4.6483   3.306430    824.491    34.4829    27.3053  1031.1308    1482.29      1.306 0.0000e+00      19.00
    832.000     4.6345   3.305276    825.481    34.4832    27.3071  1031.1374    1482.25      1.323 0.0000e+00      19.00
    833.000     4.6309   3.305057    826.471    34.4839    27.3080  1031.1430    1482.26      1.382 0.0000e+00      16.00
    834.000     4.6292   3.304981    827.461    34.4843    27.3085  1031.1481    1482.27      1.464 0.0000e+00      16.00
    835.000     4.6256   3.304724    828.451    34.4845    27.3091  1031.1533    1482.27      1.596 0.0000e+00      15.00
    836.000     4.6249   3.304724    829.442    34.4848    27.3094  1031.1582    1482.28      1.764 0.0000e+00      14.00
    837.000     4.6236   3.304632    830.432    34.4845    27.3093  1031.1627    1482.29      1.897 0.0000e+00      11.00
    838.000     4.6218   3.304588    831.422    34.4853    27.3102  1031.1681    1482.31      1.974 0.0000e+00      13.00
    839.000     4.6213   3.304575    832.412    34.4852    27.3101  1031.1727    1482.32      1.936 0.0000e+00      12.00
    840.000     4.6210   3.304580    833.402    34.4851    27.3100  1031.1772    1482.33      1.775 0.0000e+00      14.00
    841.000     4.6207   3.304609    834.392    34.4852    27.3102  1031.1819    1482.35      1.485 0.0000e+00      15.00
    842.000     4.6204   3.304649    835.382    34.4855    27.3104  1031.1867    1482.36      1.148 0.0000e+00      22.00
    843.000     4.6213   3.304855    836.373    34.4865    27.3111  1031.1919    1482.39      1.004 0.0000e+00      24.00
    844.000     4.6232   3.305240    837.363    34.4884    27.3125  1031.1978    1482.41      1.399 0.0000e+00      19.00
    845.000     4.6277   3.305969    838.353    34.4918    27.3146  1031.2044    1482.45      1.789 0.0000e+00      12.00
    846.000     4.6225   3.305648    839.343    34.4929    27.3161  1031.2105    1482.45      1.948 0.0000e+00      13.00
    847.000     4.6173   3.305361    840.333    34.4945    27.3179  1031.2170    1482.45      1.849 0.0000e+00      11.00
    848.000     4.6154   3.305310    841.323    34.4953    27.3188  1031.2225    1482.46      1.447 0.0000e+00      19.00
    849.000     4.6127   3.305129    842.313    34.4955    27.3193  1031.2275    1482.46      1.096 0.0000e+00      25.00
    850.000     4.6091   3.304888    843.303    34.4959    27.3200  1031.2329    1482.46      1.546 0.0000e+00      15.00
    851.000     4.6071   3.304786    844.294    34.4964    27.3205  1031.2381    1482.47      2.036 0.0000e+00      11.00
    852.000     4.6054   3.304666    845.284    34.4962    27.3206  1031.2427    1482.48      2.339 0.0000e+00      10.00
    853.000     4.6023   3.304435    846.274    34.4962    27.3209  1031.2477    1482.48      2.471 0.0000e+00      10.00
    854.000     4.5999   3.304343    847.264    34.4971    27.3219  1031.2532    1482.49      2.446 0.0000e+00       9.00
    855.000     4.5981   3.304341    848.254    34.4984    27.3232  1031.2591    1482.50      2.258 0.0000e+00      11.00
    856.000     4.5979   3.304381    849.244    34.4986    27.3233  1031.2638    1482.52      1.870 0.0000e+00      11.00
    857.000     4.5953   3.304128    850.234    34.4979    27.3231  1031.2682    1482.52      1.232 0.0000e+00      21.00
    858.000     4.5866   3.303278    851.224    34.4965    27.3229  1031.2728    1482.50      0.691 0.0000e+00      42.00
    859.000     4.5842   3.303099    852.214    34.4964    27.3231  1031.2776    1482.51      1.349 0.0000e+00      17.00
    860.000     4.5814   3.302875    853.204    34.4961    27.3232  1031.2823    1482.51      1.964 0.0000e+00      12.00
    861.000     4.5743   3.301965    854.194    34.4925    27.3211  1031.2849    1482.50      2.312 0.0000e+00      10.00
    862.000     4.5483   3.299206    855.184    34.4867    27.3194  1031.2883    1482.40      2.463 0.0000e+00       9.00
    863.000     4.5170   3.296123    856.174    34.4828    27.3197  1031.2939    1482.28      2.440 0.0000e+00       9.00
    864.000     4.4845   3.292951    857.165    34.4789    27.3202  1031.2996    1482.16      2.223 0.0000e+00      10.00
    865.000     4.4548   3.290259    858.154    34.4779    27.3226  1031.3072    1482.05      1.768 0.0000e+00      14.00
    866.000     4.4448   3.289463    859.145    34.4784    27.3241  1031.3135    1482.03      1.064 0.0000e+00      26.00
    867.000     4.4352   3.288565    860.134    34.4774    27.3243  1031.3185    1482.00      0.996 0.0000e+00      24.00
    868.000     4.4415   3.289270    861.124    34.4786    27.3246  1031.3232    1482.05      1.377 0.0000e+00      18.00
    869.000     4.4465   3.289804    862.114    34.4792    27.3245  1031.3276    1482.09      1.643 0.0000e+00      15.00
    870.000     4.4489   3.290105    863.105    34.4796    27.3246  1031.3322    1482.11      1.817 0.0000e+00      13.00
    871.000     4.4509   3.290328    864.094    34.4797    27.3245  1031.3365    1482.14      1.919 0.0000e+00      13.00
    872.000     4.4459   3.289834    865.085    34.4786    27.3242  1031.3409    1482.13      1.949 0.0000e+00      12.00
    873.000     4.4367   3.288977    866.075    34.4776    27.3243  1031.3459    1482.11      1.899 0.0000e+00      12.00
    874.000     4.4226   3.287558    867.065    34.4752    27.3239  1031.3504    1482.06      1.758 0.0000e+00      13.00
    875.000     4.4029   3.285698    868.055    34.4734    27.3247  1031.3561    1482.00      1.603 0.0000e+00      16.00
    876.000     4.3815   3.283668    869.045    34.4714    27.3254  1031.3618    1481.92      1.596 0.0000e+00      15.00
    877.000     4.3775   3.283618    870.035    34.4744    27.3282  1031.3692    1481.93      1.622 0.0000e+00      15.00
    878.000     4.3841   3.284271    871.025    34.4747    27.3278  1031.3732    1481.97      1.510 0.0000e+00      14.00
    879.000     4.3872   3.284617    872.014    34.4751    27.3277  1031.3777    1482.00      1.226 0.0000e+00      22.00
    880.000     4.3950   3.285511    873.004    34.4768    27.3283  1031.3826    1482.05      0.981 0.0000e+00      26.00
    881.000     4.3886   3.285049    873.994    34.4776    27.3296  1031.3886    1482.04      1.201 0.0000e+00      20.00
    882.000     4.3865   3.284940    874.984    34.4780    27.3301  1031.3937    1482.05      1.667 0.0000e+00      15.00
    883.000     4.3805   3.284410    875.974    34.4776    27.3304  1031.3988    1482.04      1.985 0.0000e+00      11.00
    884.000     4.3783   3.284296    876.964    34.4780    27.3310  1031.4039    1482.05      2.123 0.0000e+00      10.00
    885.000     4.3762   3.284209    877.954    34.4786    27.3317  1031.4093    1482.06      2.137 0.0000e+00      13.00
    886.000     4.3729   3.283904    878.944    34.4780    27.3316  1031.4138    1482.06      2.078 0.0000e+00      11.00
    887.000     4.3497   3.281177    879.934    34.4697    27.3275  1031.4148    1481.97      2.001 0.0000e+00      11.00
    888.000     4.2702   3.273144    880.924    34.4577    27.3265  1031.4201    1481.64      1.877 0.0000e+00      14.00
    889.000     4.2041   3.267065    881.914    34.4545    27.3310  1031.4306    1481.38      1.728 0.0000e+00      13.00
    890.000     4.1767   3.264822    882.904    34.4563    27.3353  1031.4401    1481.28      1.529 0.0000e+00      15.00
    891.000     4.1727   3.264356    883.894    34.4544    27.3342  1031.4437    1481.28      1.245 0.0000e+00      21.00
    892.000     4.1664   3.263695    884.884    34.4528    27.3335  1031.4477    1481.27      0.986 0.0000e+00      26.00
    893.000     4.1540   3.262489    885.874    34.4510    27.3334  1031.4525    1481.23      1.175 0.0000e+00      21.00
    894.000     4.1486   3.262009    886.863    34.4504    27.3335  1031.4572    1481.23      1.569 0.0000e+00      15.00
    895.000     4.1434   3.261506    887.853    34.4494    27.3333  1031.4617    1481.22      1.867 0.0000e+00      12.00
    896.000     4.1348   3.260653    888.843    34.4478    27.3330  1031.4661    1481.20      1.959 0.0000e+00      13.00
    897.000     4.1306   3.260372    889.833    34.4484    27.3338  1031.4717    1481.20      1.884 0.0000e+00      11.00
    898.000     4.1284   3.260202    890.823    34.4482    27.3339  1031.4764    1481.20      1.717 0.0000e+00      14.00
    899.000     4.1263   3.260020    891.813    34.4477    27.3337  1031.4808    1481.21      1.534 0.0000e+00      16.00
    900.000     4.1238   3.259815    892.803    34.4474    27.3338  1031.4855    1481.22      1.390 0.0000e+00      19.00
    901.000     4.1174   3.259241    893.793    34.4468    27.3339  1031.4903    1481.21      1.329 0.0000e+00      17.00
    902.000     4.1063   3.258280    894.783    34.4466    27.3349  1031.4962    1481.18      1.306 0.0000e+00      19.00
    903.000     4.0904   3.256802    895.772    34.4452    27.3355  1031.5017    1481.12      1.456 0.0000e+00      16.00
    904.000     4.0725   3.255123    896.762    34.4436    27.3361  1031.5072    1481.07      1.770 0.0000e+00      15.00
    905.000     4.0516   3.253279    897.752    34.4431    27.3379  1031.5140    1481.00      2.021 0.0000e+00      12.00
    906.000     4.0384   3.252241    898.742    34.4441    27.3401  1031.5211    1480.96      2.139 0.0000e+00       9.00
    907.000     4.0339   3.251924    899.732    34.4446    27.3409  1031.5266    1480.95      2.093 0.0000e+00      11.00
    908.000     4.0293   3.251554    900.722    34.4445    27.3413  1031.5317    1480.95      1.841 0.0000e+00      14.00
    909.000     4.0267   3.251370    901.712    34.4445    27.3416  1031.5366    1480.96      1.393 0.0000e+00      18.00
    910.000     4.0239   3.251136    902.701    34.4442    27.3416  1031.5412    1480.96      0.949 0.0000e+00      27.00
    911.000     4.0100   3.250063    903.691    34.4455    27.3441  1031.5486    1480.92      1.226 0.0000e+00      20.00
    912.000     4.0009   3.249447    904.681    34.4472    27.3464  1031.5557    1480.90      1.645 0.0000e+00      14.00
    913.000     3.9961   3.249403    905.671    34.4511    27.3500  1031.5639    1480.91      1.888 0.0000e+00      12.00
    914.000     3.9966   3.249545    906.660    34.4518    27.3505  1031.5690    1480.92      1.932 0.0000e+00      12.00
    915.000     3.9973   3.249711    907.650    34.4526    27.3511  1031.5740    1480.94      1.782 0.0000e+00      13.00
    916.000     3.9978   3.249814    908.640    34.4527    27.3511  1031.5786    1480.96      1.426 0.0000e+00      17.00
    917.000     3.9972   3.249797    909.630    34.4526    27.3511  1031.5832    1480.98      1.000 0.0000e+00      27.00
    918.000     3.9962   3.249765    910.620    34.4528    27.3514  1031.5881    1480.99      1.154 0.0000e+00      22.00
    919.000     3.9958   3.249792    911.609    34.4530    27.3516  1031.5929    1481.01      1.742 0.0000e+00      14.00
