dados/ctd/rad1_doei006.cnv
* Sea-Bird SBE 9 Raw Data File:
* FileName = C:\OceanoEI\OEI006.dat
* Software Version Seasave Win32 v1.10
* Temperature SN = 2326
* Conductivity SN = 2149
* Number of Bytes Per Scan = 12
* Number of Voltage Words = 0
* System UpLoad Time = Nov 03 2001 07:04:01
** H-40 
** Navio Oceanografico ANTARES 
** 173a Comissao Oceanografica 
** OCEANO LESTE I 
** Estacao: OEI006
** Latitude: 12 29.9 S
** Longitude: 035 40.4 W
** Data-Hora (DDHHMMZ/MMM/AA): 030701Z/NOV/01
** Profundidade Local (m): 4197
** N/S do CTD: 11282 
** Operador: 1T-ALEX URBANCG
# nquan = 11
# nvalues = 2538                        
# units = specified
# name 0 = prDM: Pressure, Digiquartz [db]
# name 1 = t068C: Temperature [ITS-68, deg C]
# name 2 = c0S/m: Conductivity [S/m]
# name 3 = depSM: Depth [salt water, m], lat = -15
# name 4 = sal00: Salinity [PSU]
# name 5 = sigma-t00: Density [sigma-t, Kg/m^3 ]
# name 6 = density00: Density [density, Kg/m^3]
# name 7 = svCM: Sound Velocity [Chen-Millero, m/s]
# name 8 = dz/dtM: Descent Rate [m/s], WS = 2
# name 9 = flag: flag
# name 10 = nbin: number of scans per bin
# span 0 =      2.000,   2539.000       
# span 1 =     3.0883,    26.9946       
# span 2 =   3.248367,   5.738357       
# span 3 =      1.988,   2508.989       
# span 4 =    34.4120,    37.3107       
# span 5 =    23.8639,    27.8483       
# span 6 =  1023.8794,  1039.4100       
# span 7 =    1478.03,    1541.32       
# span 8 =     -0.476,      3.105       
# span 9 = 0.0000e+00, 0.0000e+00       
# span 10 =       1.00,     988.00      
# interval = decibars: 1                
# start_time = Nov 03 2001 07:04:01
# bad_flag = -9.990e-29
*END*
[from data line 132]
    134.000    24.9786   5.618522    133.174    37.3007    25.0896  1025.6651    1539.07      1.929 0.0000e+00      11.00
    135.000    24.9588   5.615617    134.167    37.2950    25.0913  1025.6712    1539.03      2.170 0.0000e+00      11.00
    136.000    24.9351   5.612424    135.161    37.2903    25.0950  1025.6792    1538.99      2.204 0.0000e+00      11.00
    137.000    24.8987   5.606393    136.154    37.2748    25.0944  1025.6830    1538.90      2.038 0.0000e+00      11.00
    138.000    24.8391   5.598765    137.147    37.2665    25.1064  1025.6993    1538.77      1.630 0.0000e+00      16.00
    139.000    24.8201   5.596363    138.141    37.2638    25.1102  1025.7074    1538.73      1.044 0.0000e+00      25.00
    140.000    24.7835   5.590225    139.134    37.2476    25.1091  1025.7107    1538.65      1.141 0.0000e+00      23.00
    141.000    24.6609   5.570844    140.128    37.2029    25.1125  1025.7186    1538.32      1.791 0.0000e+00      12.00
    142.000    24.4740   5.542334    141.122    37.1422    25.1233  1025.7340    1537.82      2.188 0.0000e+00      10.00
    143.000    24.2057   5.504306    142.115    37.0762    25.1542  1025.7696    1537.11      2.284 0.0000e+00      11.00
    144.000    24.0008   5.480475    143.108    37.0648    25.2070  1025.8270    1536.61      2.177 0.0000e+00      10.00
    145.000    23.8590   5.460142    144.102    37.0272    25.2208  1025.8453    1536.23      1.822 0.0000e+00      13.00
    146.000    23.5292   5.417276    145.095    36.9732    25.2776  1025.9070    1535.37      1.255 0.0000e+00      23.00
    147.000    23.3633   5.398028    146.089    36.9634    25.3190  1025.9529    1534.96      0.974 0.0000e+00      25.00
    148.000    23.3233   5.392154    147.082    36.9513    25.3215  1025.9599    1534.86      1.466 0.0000e+00      17.00
    149.000    23.2420   5.379671    148.076    36.9226    25.3236  1025.9663    1534.64      1.989 0.0000e+00      11.00
    150.000    23.1041   5.361554    149.069    36.8975    25.3449  1025.9922    1534.28      2.330 0.0000e+00       9.00
    151.000    22.9967   5.348020    150.063    36.8822    25.3645  1026.0163    1534.01      2.539 0.0000e+00      10.00
    152.000    22.9051   5.337494    151.056    36.8770    25.3871  1026.0434    1533.79      2.601 0.0000e+00       8.00
    153.000    22.8352   5.328694    152.049    36.8669    25.3997  1026.0604    1533.62      2.514 0.0000e+00       9.00
    154.000    22.7194   5.314688    153.043    36.8548    25.4240  1026.0892    1533.32      2.267 0.0000e+00      10.00
    155.000    22.6524   5.307743    154.036    36.8566    25.4447  1026.1143    1533.17      1.854 0.0000e+00      13.00
    156.000    22.6157   5.303363    155.030    36.8530    25.4525  1026.1265    1533.09      1.329 0.0000e+00      19.00
    157.000    22.5850   5.299504    156.023    36.8483    25.4577  1026.1361    1533.02      0.970 0.0000e+00      27.00
    158.000    22.5357   5.292838    157.017    36.8373    25.4636  1026.1464    1532.90      1.073 0.0000e+00      21.00
    159.000    22.3641   5.266961    158.010    36.7786    25.4680  1026.1554    1532.41      1.239 0.0000e+00      19.00
    160.000    21.8322   5.200881    159.003    36.7068    25.5642  1026.2569    1530.97      1.401 0.0000e+00      17.00
    161.000    21.5796   5.169235    159.997    36.6693    25.6063  1026.3040    1530.28      1.586 0.0000e+00      15.00
    162.000    21.3499   5.140344    160.990    36.6337    25.6432  1026.3455    1529.64      1.745 0.0000e+00      14.00
    163.000    21.2618   5.129369    161.983    36.6205    25.6575  1026.3644    1529.41      1.832 0.0000e+00      13.00
    164.000    21.2090   5.122372    162.977    36.6090    25.6633  1026.3746    1529.28      1.856 0.0000e+00      13.00
    165.000    21.1703   5.117398    163.970    36.6018    25.6685  1026.3842    1529.18      1.836 0.0000e+00      12.00
    166.000    21.1266   5.110872    164.963    36.5862    25.6687  1026.3889    1529.06      1.828 0.0000e+00      15.00
    167.000    21.0289   5.098586    165.957    36.5704    25.6835  1026.4082    1528.80      1.848 0.0000e+00      12.00
    168.000    20.9811   5.092716    166.950    36.5636    25.6914  1026.4206    1528.68      1.924 0.0000e+00      13.00
    169.000    20.9315   5.085515    167.943    36.5475    25.6927  1026.4263    1528.55      2.005 0.0000e+00      11.00
    170.000    20.8357   5.073154    168.937    36.5293    25.7050  1026.4431    1528.29      2.032 0.0000e+00      12.00
    171.000    20.6840   5.053649    169.930    36.5009    25.7246  1026.4674    1527.86      1.987 0.0000e+00      12.00
    172.000    20.5970   5.043961    170.923    36.4965    25.7449  1026.4922    1527.64      1.852 0.0000e+00      13.00
    173.000    20.5362   5.035384    171.917    36.4786    25.7477  1026.4995    1527.47      1.631 0.0000e+00      14.00
    174.000    20.3945   5.017989    172.910    36.4583    25.7704  1026.5268    1527.08      1.312 0.0000e+00      20.00
    175.000    20.3043   5.006873    173.903    36.4448    25.7843  1026.5453    1526.83      1.032 0.0000e+00      24.00
    176.000    20.2514   5.000307    174.897    36.4363    25.7920  1026.5575    1526.69      1.132 0.0000e+00      22.00
    177.000    20.2121   4.994653    175.890    36.4235    25.7928  1026.5627    1526.59      1.471 0.0000e+00      16.00
    178.000    20.1363   4.984625    176.883    36.4063    25.7999  1026.5743    1526.38      1.791 0.0000e+00      14.00
    179.000    20.0572   4.974731    177.877    36.3929    25.8107  1026.5897    1526.16      1.971 0.0000e+00      11.00
    180.000    19.9882   4.965917    178.870    36.3797    25.8190  1026.6024    1525.97      2.023 0.0000e+00      12.00
    181.000    19.9315   4.959116    179.863    36.3723    25.8284  1026.6163    1525.82      1.951 0.0000e+00      12.00
    182.000    19.9087   4.956481    180.856    36.3699    25.8326  1026.6250    1525.78      1.790 0.0000e+00      13.00
    183.000    19.8456   4.948155    181.850    36.3554    25.8382  1026.6351    1525.60      1.531 0.0000e+00      16.00
    184.000    19.7852   4.940870    182.843    36.3472    25.8479  1026.6493    1525.44      1.295 0.0000e+00      18.00
    185.000    19.6877   4.927319    183.836    36.3192    25.8522  1026.6581    1525.16      1.350 0.0000e+00      19.00
    186.000    19.5100   4.905038    184.829    36.2881    25.8750  1026.6858    1524.64      1.617 0.0000e+00      15.00
    187.000    19.3427   4.884018    185.823    36.2580    25.8957  1026.7112    1524.15      1.830 0.0000e+00      12.00
    188.000    19.2384   4.872252    186.816    36.2502    25.9168  1026.7369    1523.87      1.894 0.0000e+00      12.00
    189.000    19.1983   4.867727    187.809    36.2469    25.9246  1026.7492    1523.77      1.797 0.0000e+00      14.00
    190.000    19.1755   4.864973    188.803    36.2433    25.9278  1026.7568    1523.72      1.639 0.0000e+00      15.00
    191.000    19.1616   4.863190    189.796    36.2402    25.9290  1026.7624    1523.69      1.554 0.0000e+00      15.00
    192.000    19.1571   4.862579    190.789    36.2386    25.9289  1026.7667    1523.69      1.608 0.0000e+00      15.00
    193.000    19.1414   4.860051    191.782    36.2308    25.9270  1026.7692    1523.66      1.745 0.0000e+00      13.00
    194.000    19.1108   4.856114    192.775    36.2241    25.9298  1026.7763    1523.58      1.850 0.0000e+00      12.00
    195.000    19.0751   4.851579    193.769    36.2168    25.9334  1026.7845    1523.49      1.873 0.0000e+00      13.00
    196.000    18.9574   4.834414    194.762    36.1750    25.9317  1026.7874    1523.12      1.794 0.0000e+00      12.00
    197.000    18.6718   4.798818    195.755    36.1241    25.9656  1026.8265    1522.27      1.676 0.0000e+00      14.00
    198.000    18.4120   4.768113    196.748    36.0912    26.0062  1026.8721    1521.50      1.572 0.0000e+00      16.00
    199.000    18.2053   4.742372    197.741    36.0531    26.0288  1026.8997    1520.88      1.467 0.0000e+00      16.00
    200.000    17.9618   4.713528    198.735    36.0204    26.0644  1026.9403    1520.15      1.322 0.0000e+00      18.00
    201.000    17.7416   4.687493    199.728    35.9905    26.0958  1026.9768    1519.49      1.222 0.0000e+00      20.00
    202.000    17.5837   4.668475    200.721    35.9657    26.1155  1027.0013    1519.01      1.341 0.0000e+00      20.00
    203.000    17.5323   4.661928    201.714    35.9542    26.1193  1027.0096    1518.86      1.603 0.0000e+00      14.00
    204.000    17.4267   4.647621    202.707    35.9233    26.1213  1027.0164    1518.53      1.804 0.0000e+00      13.00
    205.000    17.3142   4.634310    203.701    35.9072    26.1362  1027.0360    1518.20      1.868 0.0000e+00      12.00
    206.000    17.2033   4.621121    204.694    35.8905    26.1502  1027.0547    1517.86      1.771 0.0000e+00      14.00
    207.000    17.1207   4.611523    205.687    35.8798    26.1618  1027.0709    1517.63      1.590 0.0000e+00      15.00
    208.000    17.0113   4.597267    206.680    35.8522    26.1668  1027.0807    1517.28      1.513 0.0000e+00      16.00
    209.000    16.7904   4.571154    207.673    35.8197    26.1945  1027.1135    1516.60      1.623 0.0000e+00      15.00
    210.000    16.7152   4.562039    208.666    35.8063    26.2020  1027.1256    1516.37      1.773 0.0000e+00      13.00
    211.000    16.5662   4.543019    209.660    35.7712    26.2102  1027.1387    1515.90      1.832 0.0000e+00      14.00
    212.000    16.4488   4.530607    210.653    35.7662    26.2339  1027.1672    1515.55      1.721 0.0000e+00      12.00
    213.000    16.3931   4.523783    211.646    35.7552    26.2385  1027.1763    1515.39      1.479 0.0000e+00      18.00
    214.000    16.3344   4.516767    212.639    35.7452    26.2445  1027.1869    1515.21      1.421 0.0000e+00      17.00
    215.000    16.2841   4.510658    213.632    35.7357    26.2489  1027.1958    1515.07      1.721 0.0000e+00      15.00
    216.000    16.2467   4.506366    214.625    35.7307    26.2537  1027.2052    1514.96      2.057 0.0000e+00      11.00
    217.000    16.2235   4.503359    215.618    35.7244    26.2543  1027.2102    1514.90      2.212 0.0000e+00      11.00
    218.000    16.1964   4.500352    216.611    35.7216    26.2584  1027.2188    1514.83      2.193 0.0000e+00       9.00
    219.000    16.1867   4.499366    217.605    35.7211    26.2603  1027.2252    1514.82      1.932 0.0000e+00      13.00
    220.000    16.1787   4.498426    218.598    35.7195    26.2609  1027.2302    1514.81      1.436 0.0000e+00      18.00
    221.000    16.1213   4.491205    219.591    35.7064    26.2641  1027.2380    1514.63      0.829 0.0000e+00      33.00
    222.000    15.9865   4.475458    220.584    35.6866    26.2800  1027.2587    1514.21      1.078 0.0000e+00      24.00
    223.000    15.9475   4.470545    221.577    35.6773    26.2818  1027.2651    1514.10      1.711 0.0000e+00      14.00
    224.000    15.9242   4.468004    222.570    35.6752    26.2855  1027.2732    1514.04      2.080 0.0000e+00      10.00
    225.000    15.9063   4.465590    223.563    35.6693    26.2851  1027.2773    1514.00      2.255 0.0000e+00      11.00
    226.000    15.8815   4.462801    224.556    35.6662    26.2883  1027.2851    1513.93      2.245 0.0000e+00      10.00
    227.000    15.8429   4.458093    225.549    35.6584    26.2911  1027.2924    1513.82      2.086 0.0000e+00      12.00
    228.000    15.8139   4.454929    226.542    35.6557    26.2957  1027.3015    1513.75      1.853 0.0000e+00      13.00
    229.000    15.7774   4.450528    227.535    35.6488    26.2987  1027.3090    1513.64      1.674 0.0000e+00      14.00
    230.000    15.6856   4.439433    228.528    35.6314    26.3062  1027.3212    1513.35      1.609 0.0000e+00      15.00
    231.000    15.6136   4.431657    229.521    35.6261    26.3184  1027.3381    1513.14      1.584 0.0000e+00      16.00
    232.000    15.5367   4.421891    230.514    35.6070    26.3211  1027.3455    1512.90      1.519 0.0000e+00      14.00
    233.000    15.3909   4.405345    231.507    35.5889    26.3400  1027.3693    1512.44      1.416 0.0000e+00      19.00
    234.000    15.2856   4.392837    232.500    35.5706    26.3494  1027.3836    1512.10      1.417 0.0000e+00      17.00
    235.000    15.2236   4.386329    233.494    35.5673    26.3607  1027.3995    1511.92      1.508 0.0000e+00      16.00
    236.000    15.1938   4.382586    234.486    35.5599    26.3616  1027.4050    1511.84      1.555 0.0000e+00      15.00
    237.000    15.1735   4.380199    235.480    35.5562    26.3633  1027.4111    1511.78      1.513 0.0000e+00      16.00
    238.000    15.1456   4.376837    236.473    35.5505    26.3651  1027.4174    1511.71      1.479 0.0000e+00      16.00
    239.000    15.1141   4.373058    237.466    35.5443    26.3673  1027.4242    1511.62      1.564 0.0000e+00      16.00
    240.000    15.0619   4.366951    238.459    35.5356    26.3722  1027.4337    1511.46      1.734 0.0000e+00      13.00
    241.000    15.0230   4.362542    239.451    35.5304    26.3768  1027.4428    1511.35      1.896 0.0000e+00      14.00
    242.000    14.9796   4.357725    240.445    35.5254    26.3825  1027.4532    1511.22      2.022 0.0000e+00      11.00
    243.000    14.9565   4.355222    241.437    35.5232    26.3859  1027.4610    1511.16      2.071 0.0000e+00      11.00
    244.000    14.9219   4.351132    242.431    35.5169    26.3886  1027.4683    1511.06      2.015 0.0000e+00      12.00
    245.000    14.8836   4.346953    243.424    35.5131    26.3941  1027.4784    1510.95      1.816 0.0000e+00      12.00
    246.000    14.8466   4.343165    244.417    35.5117    26.4011  1027.4899    1510.85      1.416 0.0000e+00      18.00
    247.000    14.8204   4.340196    245.409    35.5080    26.4040  1027.4974    1510.78      0.918 0.0000e+00      30.00
    248.000    14.7958   4.337228    246.402    35.5027    26.4054  1027.5032    1510.71      1.214 0.0000e+00      21.00
    249.000    14.7829   4.335518    247.395    35.4985    26.4049  1027.5072    1510.68      1.848 0.0000e+00      13.00
    250.000    14.7679   4.333808    248.388    35.4960    26.4062  1027.5131    1510.65      2.224 0.0000e+00      10.00
    251.000    14.7583   4.332662    249.381    35.4939    26.4067  1027.5180    1510.63      2.369 0.0000e+00       9.00
    252.000    14.7515   4.332024    250.374    35.4938    26.4081  1027.5238    1510.63      2.286 0.0000e+00      11.00
    253.000    14.7376   4.330159    251.367    35.4889    26.4074  1027.5276    1510.59      1.963 0.0000e+00      12.00
    254.000    14.6323   4.316945    252.360    35.4630    26.4103  1027.5353    1510.24      1.392 0.0000e+00      18.00
    255.000    14.4305   4.295272    253.353    35.4472    26.4417  1027.5720    1509.60      0.948 0.0000e+00      31.00
    256.000    14.3716   4.287751    254.346    35.4311    26.4420  1027.5770    1509.41      1.423 0.0000e+00      15.00
    257.000    14.2597   4.274425    255.339    35.4097    26.4494  1027.5893    1509.04      1.895 0.0000e+00      13.00
    258.000    14.1725   4.264833    256.332    35.4001    26.4606  1027.6053    1508.76      2.113 0.0000e+00      11.00
    259.000    14.1398   4.262146    257.325    35.4048    26.4711  1027.6204    1508.68      2.141 0.0000e+00      10.00
    260.000    14.1390   4.262316    258.318    35.4066    26.4728  1027.6264    1508.70      1.978 0.0000e+00      12.00
    261.000    14.1092   4.258404    259.310    35.3972    26.4718  1027.6300    1508.60      1.718 0.0000e+00      14.00
    262.000    14.0426   4.250684    260.303    35.3860    26.4773  1027.6402    1508.39      1.546 0.0000e+00      16.00
    263.000    13.9759   4.243140    261.296    35.3765    26.4840  1027.6517    1508.18      1.650 0.0000e+00      16.00
