dados/ctd/rad1_doei010.cnv
* Sea-Bird SBE 9 Raw Data File:
* FileName = C:\OceanoEI\OEI010.dat
* Software Version Seasave Win32 v1.10
* Temperature SN = 2326
* Conductivity SN = 2149
* Number of Bytes Per Scan = 12
* Number of Voltage Words = 0
* System UpLoad Time = Nov 04 2001 04:37:58
** H-40 
** Navio Oceanografico ANTARES 
** 173a Comissao Oceanografica 
** OCEANO LESTE I 
** Estacao: OEI010
** Latitude: 10 19.8 S
** Longitude: 034 18.3 W
** Data-Hora (DDHHMMZ/MMM/AA): 010436Z/NOV/01
** Profundidade Local (m): 4433
** N/S do CTD: 11282 
** Operador: 1T-ALEX URBANCG
# nquan = 11
# nvalues = 2532                        
# units = specified
# name 0 = prDM: Pressure, Digiquartz [db]
# name 1 = t068C: Temperature [ITS-68, deg C]
# name 2 = c0S/m: Conductivity [S/m]
# name 3 = depSM: Depth [salt water, m], lat = -15
# name 4 = sal00: Salinity [PSU]
# name 5 = sigma-t00: Density [sigma-t, Kg/m^3 ]
# name 6 = density00: Density [density, Kg/m^3]
# name 7 = svCM: Sound Velocity [Chen-Millero, m/s]
# name 8 = dz/dtM: Descent Rate [m/s], WS = 2
# name 9 = flag: flag
# name 10 = nbin: number of scans per bin
# span 0 =      3.000,   2534.000       
# span 1 =     3.1980,    26.9144       
# span 2 =   3.255264,   5.753765       
# span 3 =      2.983,   2504.077       
# span 4 =    34.4555,    37.1222       
# span 5 =    23.9750,    27.8472       
# span 6 =  1023.9891,  1039.3815       
# span 7 =    1479.03,    1541.20       
# span 8 =     -0.102,      3.024       
# span 9 = 0.0000e+00, 0.0000e+00       
# span 10 =       1.00,     206.00      
# interval = decibars: 1                
# start_time = Nov 04 2001 04:37:58
# bad_flag = -9.990e-29
*END*
[from data line 1443]
   1446.000     4.2488   3.340435   1432.575    34.9893    27.7513  1034.3730    1491.51      0.788 0.0000e+00      33.00
   1447.000     4.2487   3.340492   1433.563    34.9895    27.7516  1034.3777    1491.53      1.134 0.0000e+00      22.00
   1448.000     4.2484   3.340522   1434.550    34.9897    27.7517  1034.3824    1491.54      1.611 0.0000e+00      15.00
   1449.000     4.2463   3.340398   1435.537    34.9900    27.7522  1034.3874    1491.55      1.923 0.0000e+00      12.00
   1450.000     4.2444   3.340285   1436.525    34.9902    27.7525  1034.3924    1491.56      2.079 0.0000e+00      10.00
   1451.000     4.2428   3.340199   1437.512    34.9904    27.7529  1034.3973    1491.57      2.094 0.0000e+00      12.00
   1452.000     4.2412   3.340120   1438.499    34.9907    27.7533  1034.4022    1491.58      1.979 0.0000e+00      13.00
   1453.000     4.2398   3.340028   1439.486    34.9906    27.7533  1034.4068    1491.59      1.752 0.0000e+00      13.00
   1454.000     4.2380   3.339929   1440.474    34.9908    27.7537  1034.4118    1491.60      1.462 0.0000e+00      17.00
   1455.000     4.2380   3.340010   1441.461    34.9912    27.7541  1034.4166    1491.62      1.279 0.0000e+00      19.00
   1456.000     4.2383   3.340128   1442.448    34.9918    27.7545  1034.4216    1491.63      1.389 0.0000e+00      17.00
   1457.000     4.2387   3.340244   1443.436    34.9923    27.7548  1034.4264    1491.65      1.652 0.0000e+00      15.00
   1458.000     4.2394   3.340364   1444.423    34.9924    27.7549  1034.4309    1491.67      1.862 0.0000e+00      14.00
   1459.000     4.2398   3.340472   1445.410    34.9928    27.7551  1034.4356    1491.69      1.986 0.0000e+00      11.00
   1460.000     4.2389   3.340469   1446.397    34.9932    27.7555  1034.4406    1491.71      1.993 0.0000e+00      11.00
   1461.000     4.2376   3.340387   1447.385    34.9932    27.7556  1034.4453    1491.72      1.830 0.0000e+00      13.00
   1462.000     4.2350   3.340203   1448.372    34.9932    27.7560  1034.4502    1491.72      1.454 0.0000e+00      15.00
   1463.000     4.2327   3.340036   1449.359    34.9932    27.7562  1034.4550    1491.73      0.922 0.0000e+00      31.00
   1464.000     4.2308   3.339902   1450.346    34.9931    27.7563  1034.4597    1491.74      1.108 0.0000e+00      22.00
   1465.000     4.2284   3.339701   1451.334    34.9928    27.7564  1034.4644    1491.74      1.674 0.0000e+00      13.00
   1466.000     4.2207   3.338968   1452.321    34.9918    27.7564  1034.4691    1491.73      1.916 0.0000e+00      13.00
   1467.000     4.2094   3.338005   1453.308    34.9920    27.7577  1034.4754    1491.70      1.996 0.0000e+00      11.00
   1468.000     4.2067   3.337885   1454.295    34.9929    27.7587  1034.4810    1491.70      1.936 0.0000e+00      13.00
   1469.000     4.2061   3.337876   1455.282    34.9929    27.7588  1034.4856    1491.72      1.776 0.0000e+00      13.00
   1470.000     4.2062   3.337915   1456.270    34.9928    27.7587  1034.4900    1491.74      1.535 0.0000e+00      17.00
   1471.000     4.2059   3.337923   1457.257    34.9926    27.7586  1034.4944    1491.75      1.315 0.0000e+00      18.00
   1472.000     4.2032   3.337742   1458.244    34.9929    27.7591  1034.4995    1491.76      1.143 0.0000e+00      22.00
   1473.000     4.2007   3.337581   1459.231    34.9932    27.7596  1034.5046    1491.76      1.222 0.0000e+00      19.00
   1474.000     4.1978   3.337400   1460.219    34.9936    27.7603  1034.5099    1491.77      1.458 0.0000e+00      17.00
   1475.000     4.1947   3.337186   1461.206    34.9939    27.7608  1034.5151    1491.77      1.659 0.0000e+00      15.00
   1476.000     4.1931   3.337108   1462.193    34.9942    27.7612  1034.5200    1491.78      1.851 0.0000e+00      13.00
   1477.000     4.1920   3.337055   1463.180    34.9942    27.7614  1034.5247    1491.80      2.004 0.0000e+00      11.00
   1478.000     4.1910   3.337029   1464.167    34.9944    27.7616  1034.5295    1491.81      2.095 0.0000e+00      11.00
   1479.000     4.1896   3.336918   1465.154    34.9941    27.7616  1034.5340    1491.82      2.088 0.0000e+00      12.00
   1480.000     4.1877   3.336815   1466.142    34.9944    27.7620  1034.5390    1491.83      1.931 0.0000e+00      11.00
   1481.000     4.1861   3.336714   1467.129    34.9945    27.7622  1034.5438    1491.84      1.509 0.0000e+00      17.00
   1482.000     4.1825   3.336441   1468.116    34.9945    27.7626  1034.5488    1491.84      1.004 0.0000e+00      29.00
   1483.000     4.1808   3.336328   1469.103    34.9945    27.7628  1034.5536    1491.85      1.426 0.0000e+00      16.00
   1484.000     4.1797   3.336286   1470.090    34.9946    27.7630  1034.5583    1491.86      1.701 0.0000e+00      13.00
   1485.000     4.1779   3.336164   1471.077    34.9947    27.7633  1034.5631    1491.87      1.670 0.0000e+00      13.00
   1486.000     4.1750   3.335977   1472.065    34.9950    27.7638  1034.5683    1491.88      1.418 0.0000e+00      18.00
   1487.000     4.1729   3.335836   1473.052    34.9950    27.7641  1034.5731    1491.88      1.067 0.0000e+00      22.00
   1488.000     4.1721   3.335800   1474.039    34.9950    27.7641  1034.5777    1491.90      1.120 0.0000e+00      24.00
   1489.000     4.1679   3.335475   1475.026    34.9951    27.7647  1034.5829    1491.90      1.716 0.0000e+00      14.00
   1490.000     4.1641   3.335214   1476.013    34.9956    27.7655  1034.5884    1491.90      2.081 0.0000e+00      10.00
   1491.000     4.1622   3.335120   1477.000    34.9960    27.7660  1034.5935    1491.91      2.225 0.0000e+00      10.00
   1492.000     4.1617   3.335120   1477.987    34.9960    27.7660  1034.5980    1491.92      2.164 0.0000e+00      12.00
   1493.000     4.1613   3.335118   1478.974    34.9960    27.7660  1034.6026    1491.94      1.891 0.0000e+00      11.00
   1494.000     4.1605   3.335082   1479.961    34.9959    27.7661  1034.6071    1491.95      1.287 0.0000e+00      22.00
   1495.000     4.1596   3.335071   1480.949    34.9962    27.7664  1034.6120    1491.96      0.877 0.0000e+00      29.00
   1496.000     4.1578   3.334954   1481.936    34.9962    27.7667  1034.6168    1491.97      1.470 0.0000e+00      17.00
   1497.000     4.1555   3.334829   1482.923    34.9966    27.7672  1034.6219    1491.98      1.952 0.0000e+00      12.00
   1498.000     4.1539   3.334724   1483.910    34.9967    27.7674  1034.6267    1491.99      2.289 0.0000e+00      10.00
   1499.000     4.1517   3.334564   1484.897    34.9966    27.7676  1034.6315    1492.00      2.460 0.0000e+00       9.00
   1500.000     4.1475   3.334357   1485.884    34.9981    27.7692  1034.6378    1492.00      2.444 0.0000e+00       9.00
   1501.000     4.1466   3.334351   1486.871    34.9984    27.7696  1034.6427    1492.01      2.202 0.0000e+00      11.00
   1502.000     4.1461   3.334347   1487.858    34.9985    27.7697  1034.6473    1492.03      1.655 0.0000e+00      14.00
   1503.000     4.1431   3.334171   1488.845    34.9991    27.7705  1034.6527    1492.03      0.844 0.0000e+00      33.00
   1504.000     4.1423   3.334168   1489.832    34.9994    27.7708  1034.6575    1492.05      0.986 0.0000e+00      23.00
   1505.000     4.1412   3.334127   1490.820    34.9996    27.7711  1034.6623    1492.06      1.160 0.0000e+00      23.00
   1506.000     4.1404   3.334100   1491.806    34.9996    27.7712  1034.6670    1492.07      1.530 0.0000e+00      14.00
   1507.000     4.1390   3.334052   1492.794    35.0000    27.7716  1034.6720    1492.08      1.891 0.0000e+00      13.00
   1508.000     4.1367   3.333899   1493.781    35.0001    27.7720  1034.6769    1492.09      2.184 0.0000e+00      11.00
   1509.000     4.1348   3.333799   1494.768    35.0005    27.7725  1034.6820    1492.10      2.378 0.0000e+00      10.00
   1510.000     4.1331   3.333719   1495.755    35.0008    27.7729  1034.6870    1492.11      2.429 0.0000e+00       9.00
   1511.000     4.1321   3.333655   1496.742    35.0007    27.7729  1034.6915    1492.12      2.302 0.0000e+00      10.00
   1512.000     4.1293   3.333466   1497.729    35.0009    27.7734  1034.6966    1492.13      1.924 0.0000e+00      12.00
   1513.000     4.1269   3.333300   1498.716    35.0010    27.7737  1034.7016    1492.13      1.137 0.0000e+00      27.00
   1514.000     4.1221   3.332946   1499.703    35.0014    27.7746  1034.7070    1492.13      0.806 0.0000e+00      30.00
   1515.000     4.1152   3.332417   1500.690    35.0020    27.7757  1034.7130    1492.12      1.254 0.0000e+00      18.00
   1516.000     4.1112   3.332113   1501.677    35.0021    27.7763  1034.7182    1492.12      1.566 0.0000e+00      16.00
   1517.000     4.1087   3.331923   1502.664    35.0020    27.7764  1034.7229    1492.13      1.893 0.0000e+00      13.00
   1518.000     4.1039   3.331514   1503.651    35.0018    27.7768  1034.7280    1492.12      2.116 0.0000e+00      10.00
   1519.000     4.1040   3.331591   1504.638    35.0021    27.7770  1034.7327    1492.14      2.255 0.0000e+00      11.00
   1520.000     4.1032   3.331548   1505.625    35.0019    27.7770  1034.7372    1492.15      2.269 0.0000e+00      10.00
   1521.000     4.1029   3.331554   1506.612    35.0018    27.7769  1034.7416    1492.17      2.164 0.0000e+00      11.00
   1522.000     4.1025   3.331565   1507.599    35.0019    27.7770  1034.7463    1492.18      1.901 0.0000e+00      13.00
   1523.000     4.1029   3.331637   1508.586    35.0018    27.7769  1034.7507    1492.20      1.480 0.0000e+00      16.00
   1524.000     4.1030   3.331670   1509.572    35.0016    27.7767  1034.7549    1492.22      0.844 0.0000e+00      32.00
   1525.000     4.1031   3.331729   1510.560    35.0017    27.7768  1034.7596    1492.24      0.891 0.0000e+00      29.00
   1526.000     4.1025   3.331717   1511.547    35.0017    27.7769  1034.7641    1492.25      1.686 0.0000e+00      14.00
   1527.000     4.1019   3.331696   1512.533    35.0016    27.7768  1034.7686    1492.27      2.163 0.0000e+00      10.00
   1528.000     4.1018   3.331742   1513.520    35.0018    27.7770  1034.7733    1492.28      2.408 0.0000e+00      10.00
   1529.000     4.1020   3.331795   1514.507    35.0017    27.7769  1034.7777    1492.30      2.437 0.0000e+00      10.00
   1530.000     4.1018   3.331797   1515.494    35.0014    27.7767  1034.7820    1492.32      2.243 0.0000e+00       9.00
   1531.000     4.1015   3.331816   1516.481    35.0015    27.7768  1034.7866    1492.33      1.751 0.0000e+00      14.00
   1532.000     4.1005   3.331744   1517.468    35.0012    27.7767  1034.7911    1492.34      0.936 0.0000e+00      33.00
   1533.000     4.0998   3.331748   1518.455    35.0015    27.7770  1034.7959    1492.36      1.287 0.0000e+00      18.00
   1534.000     4.0991   3.331733   1519.442    35.0015    27.7771  1034.8005    1492.37      1.720 0.0000e+00      13.00
   1535.000     4.0965   3.331453   1520.429    35.0005    27.7765  1034.8046    1492.37      1.882 0.0000e+00      13.00
   1536.000     4.0870   3.330698   1521.416    35.0011    27.7780  1034.8109    1492.35      1.928 0.0000e+00      12.00
   1537.000     4.0848   3.330580   1522.403    35.0016    27.7786  1034.8161    1492.36      1.856 0.0000e+00      14.00
   1538.000     4.0834   3.330505   1523.390    35.0017    27.7789  1034.8209    1492.37      1.664 0.0000e+00      12.00
   1539.000     4.0822   3.330459   1524.377    35.0019    27.7792  1034.8258    1492.38      1.484 0.0000e+00      16.00
   1540.000     4.0799   3.330288   1525.363    35.0019    27.7794  1034.8306    1492.39      1.462 0.0000e+00      17.00
   1541.000     4.0775   3.330158   1526.350    35.0023    27.7800  1034.8357    1492.40      1.459 0.0000e+00      17.00
   1542.000     4.0738   3.329825   1527.337    35.0019    27.7801  1034.8404    1492.40      1.347 0.0000e+00      17.00
   1543.000     4.0682   3.329361   1528.324    35.0018    27.7806  1034.8457    1492.39      1.143 0.0000e+00      22.00
   1544.000     4.0626   3.328899   1529.311    35.0018    27.7812  1034.8510    1492.39      1.226 0.0000e+00      19.00
   1545.000     4.0523   3.328119   1530.298    35.0029    27.7832  1034.8578    1492.36      1.556 0.0000e+00      16.00
   1546.000     4.0490   3.327872   1531.285    35.0031    27.7837  1034.8630    1492.37      1.849 0.0000e+00      12.00
   1547.000     4.0474   3.327779   1532.271    35.0032    27.7839  1034.8677    1492.38      2.053 0.0000e+00      12.00
   1548.000     4.0460   3.327683   1533.258    35.0030    27.7839  1034.8723    1492.39      2.144 0.0000e+00      10.00
   1549.000     4.0442   3.327568   1534.245    35.0031    27.7842  1034.8771    1492.39      2.076 0.0000e+00      12.00
   1550.000     4.0422   3.327430   1535.232    35.0031    27.7843  1034.8819    1492.40      1.837 0.0000e+00      12.00
   1551.000     4.0411   3.327367   1536.219    35.0031    27.7845  1034.8866    1492.42      1.380 0.0000e+00      17.00
   1552.000     4.0403   3.327342   1537.206    35.0030    27.7845  1034.8912    1492.43      0.935 0.0000e+00      30.00
   1553.000     4.0397   3.327331   1538.193    35.0031    27.7847  1034.8958    1492.44      1.151 0.0000e+00      19.00
   1554.000     4.0392   3.327335   1539.179    35.0031    27.7847  1034.9004    1492.46      1.486 0.0000e+00      17.00
   1555.000     4.0386   3.327317   1540.166    35.0031    27.7848  1034.9050    1492.47      1.772 0.0000e+00      14.00
   1556.000     4.0372   3.327269   1541.153    35.0035    27.7852  1034.9100    1492.48      1.984 0.0000e+00      12.00
   1557.000     4.0359   3.327207   1542.140    35.0037    27.7855  1034.9148    1492.49      2.103 0.0000e+00      10.00
   1558.000     4.0350   3.327199   1543.127    35.0040    27.7858  1034.9197    1492.51      2.114 0.0000e+00      12.00
   1559.000     4.0349   3.327226   1544.113    35.0040    27.7858  1034.9242    1492.52      2.001 0.0000e+00      12.00
   1560.000     4.0348   3.327249   1545.100    35.0038    27.7857  1034.9286    1492.54      1.725 0.0000e+00      13.00
   1561.000     4.0342   3.327241   1546.087    35.0039    27.7858  1034.9332    1492.55      1.207 0.0000e+00      21.00
   1562.000     4.0338   3.327245   1547.074    35.0039    27.7859  1034.9378    1492.57      0.947 0.0000e+00      25.00
   1563.000     4.0333   3.327276   1548.061    35.0043    27.7863  1034.9427    1492.58      1.206 0.0000e+00      20.00
   1564.000     4.0322   3.327336   1549.047    35.0056    27.7874  1034.9484    1492.60      1.268 0.0000e+00      19.00
   1565.000     4.0317   3.327341   1550.034    35.0057    27.7876  1034.9530    1492.61      1.401 0.0000e+00      18.00
   1566.000     4.0314   3.327415   1551.021    35.0065    27.7882  1034.9582    1492.63      1.744 0.0000e+00      14.00
   1567.000     4.0303   3.327378   1552.008    35.0067    27.7885  1034.9630    1492.64      2.091 0.0000e+00      11.00
   1568.000     4.0293   3.327376   1552.994    35.0072    27.7890  1034.9681    1492.66      2.350 0.0000e+00      10.00
   1569.000     4.0280   3.327318   1553.981    35.0074    27.7893  1034.9729    1492.67      2.494 0.0000e+00       9.00
   1570.000     4.0270   3.327286   1554.968    35.0076    27.7896  1034.9777    1492.68      2.493 0.0000e+00      10.00
   1571.000     4.0265   3.327282   1555.955    35.0076    27.7896  1034.9822    1492.69      2.330 0.0000e+00      10.00
   1572.000     4.0261   3.327292   1556.941    35.0076    27.7897  1034.9869    1492.71      1.935 0.0000e+00      11.00
   1573.000     4.0258   3.327289   1557.928    35.0074    27.7895  1034.9912    1492.72      0.814 0.0000e+00      53.00
   1574.000     4.0242   3.327183   1558.915    35.0074    27.7897  1034.9959    1492.73      1.366 0.0000e+00      16.00
   1575.000     4.0224   3.327109   1559.902    35.0079    27.7903  1035.0011    1492.75      1.885 0.0000e+00      12.00
