dados/ctd/rad1_doei009.cnv
* Sea-Bird SBE 9 Raw Data File:
* FileName = C:\OceanoEI\OEI009.dat
* Software Version Seasave Win32 v1.10
* Temperature SN = 2326
* Conductivity SN = 2149
* Number of Bytes Per Scan = 12
* Number of Voltage Words = 0
* System UpLoad Time = Nov 03 2001 23:28:47
** H-40 
** Navio Oceanografico ANTARES 
** 173a Comissao Oceanografica 
** OCEANO LESTE I 
** Estacao: OEI009
** Latitude: 10 46.6  S
** Longitude: 034 43.2  W
** Data-Hora (DDHHMMZ/MMM/AA): 032327Z/NOV/01
** Profundidade Local (m): 
** N/S do CTD: 11282 
** Operador: 1T E. ALMEIDA
# nquan = 11
# nvalues = 2537                        
# units = specified
# name 0 = prDM: Pressure, Digiquartz [db]
# name 1 = t068C: Temperature [ITS-68, deg C]
# name 2 = c0S/m: Conductivity [S/m]
# name 3 = depSM: Depth [salt water, m], lat = -15
# name 4 = sal00: Salinity [PSU]
# name 5 = sigma-t00: Density [sigma-t, Kg/m^3 ]
# name 6 = density00: Density [density, Kg/m^3]
# name 7 = svCM: Sound Velocity [Chen-Millero, m/s]
# name 8 = dz/dtM: Descent Rate [m/s], WS = 2
# name 9 = flag: flag
# name 10 = nbin: number of scans per bin
# span 0 =      2.000,   2538.000       
# span 1 =     3.1016,    26.8783       
# span 2 =   3.249684,   5.741730       
# span 3 =      1.988,   2508.006       
# span 4 =    34.4684,    37.1043       
# span 5 =    24.0442,    27.8506       
# span 6 =  1024.0591,  1039.4067       
# span 7 =    1479.76,    1541.17       
# span 8 =     -0.008,      3.534       
# span 9 = 0.0000e+00, 0.0000e+00       
# span 10 =       5.00,     675.00      
# interval = decibars: 1                
# start_time = Nov 03 2001 23:28:47
# bad_flag = -9.990e-29
*END*
[from data line 2099]
   2101.000     3.5267   3.303101   2078.288    34.9941    27.8299  1037.4207    1499.46      1.141 0.0000e+00      22.00
   2102.000     3.5267   3.303150   2079.272    34.9942    27.8300  1037.4253    1499.48      1.371 0.0000e+00      20.00
   2103.000     3.5268   3.303202   2080.256    34.9942    27.8300  1037.4298    1499.50      1.820 0.0000e+00      12.00
   2104.000     3.5269   3.303265   2081.241    34.9944    27.8302  1037.4344    1499.51      2.022 0.0000e+00      12.00
   2105.000     3.5270   3.303307   2082.225    34.9943    27.8301  1037.4388    1499.53      2.039 0.0000e+00      11.00
   2106.000     3.5271   3.303349   2083.209    34.9942    27.8300  1037.4431    1499.55      1.873 0.0000e+00      12.00
   2107.000     3.5273   3.303396   2084.193    34.9941    27.8299  1037.4475    1499.57      1.555 0.0000e+00      15.00
   2108.000     3.5273   3.303425   2085.178    34.9940    27.8298  1037.4518    1499.58      1.142 0.0000e+00      21.00
   2109.000     3.5274   3.303478   2086.162    34.9941    27.8299  1037.4564    1499.60      0.973 0.0000e+00      26.00
   2110.000     3.5274   3.303526   2087.146    34.9941    27.8299  1037.4609    1499.62      1.167 0.0000e+00      21.00
   2111.000     3.5276   3.303594   2088.131    34.9943    27.8300  1037.4654    1499.64      1.612 0.0000e+00      15.00
   2112.000     3.5277   3.303633   2089.115    34.9941    27.8299  1037.4698    1499.66      2.044 0.0000e+00      13.00
   2113.000     3.5276   3.303684   2090.099    34.9943    27.8300  1037.4744    1499.67      2.337 0.0000e+00       9.00
   2114.000     3.5279   3.303745   2091.083    34.9943    27.8300  1037.4788    1499.69      2.436 0.0000e+00      10.00
   2115.000     3.5279   3.303785   2092.068    34.9943    27.8300  1037.4832    1499.71      2.349 0.0000e+00       9.00
   2116.000     3.5279   3.303812   2093.052    34.9942    27.8299  1037.4876    1499.72      1.988 0.0000e+00      13.00
   2117.000     3.5282   3.303853   2094.036    34.9939    27.8296  1037.4918    1499.74      0.885 0.0000e+00      52.00
   2118.000     3.5280   3.303900   2095.020    34.9941    27.8298  1037.4965    1499.75      1.368 0.0000e+00      14.00
   2119.000     3.5281   3.303948   2096.005    34.9941    27.8298  1037.5009    1499.77      1.649 0.0000e+00      13.00
   2120.000     3.5280   3.303965   2096.989    34.9939    27.8297  1037.5053    1499.79      1.512 0.0000e+00      17.00
   2121.000     3.5277   3.303986   2097.973    34.9941    27.8298  1037.5099    1499.80      1.438 0.0000e+00      16.00
   2122.000     3.5278   3.304048   2098.957    34.9941    27.8299  1037.5144    1499.82      1.583 0.0000e+00      15.00
   2123.000     3.5282   3.304121   2099.942    34.9941    27.8298  1037.5187    1499.84      1.761 0.0000e+00      14.00
   2124.000     3.5282   3.304157   2100.926    34.9942    27.8299  1037.5233    1499.86      1.922 0.0000e+00      12.00
   2125.000     3.5278   3.304156   2101.910    34.9941    27.8299  1037.5278    1499.87      1.987 0.0000e+00      11.00
   2126.000     3.5274   3.304149   2102.894    34.9939    27.8297  1037.5321    1499.89      1.867 0.0000e+00      12.00
   2127.000     3.5268   3.304126   2103.878    34.9938    27.8297  1037.5366    1499.90      1.453 0.0000e+00      16.00
   2128.000     3.5250   3.303986   2104.863    34.9936    27.8297  1037.5411    1499.91      0.789 0.0000e+00      42.00
   2129.000     3.5244   3.304013   2105.847    34.9941    27.8301  1037.5460    1499.93      1.865 0.0000e+00      12.00
   2130.000     3.5235   3.303984   2106.831    34.9941    27.8303  1037.5507    1499.94      2.438 0.0000e+00       9.00
   2131.000     3.5232   3.304012   2107.815    34.9943    27.8305  1037.5554    1499.96      2.724 0.0000e+00       8.00
   2132.000     3.5231   3.304023   2108.799    34.9941    27.8303  1037.5597    1499.97      2.763 0.0000e+00       9.00
   2133.000     3.5224   3.304000   2109.784    34.9941    27.8304  1037.5642    1499.99      2.599 0.0000e+00       7.00
   2134.000     3.5222   3.303991   2110.768    34.9937    27.8301  1037.5684    1500.00      2.206 0.0000e+00      10.00
   2135.000     3.5216   3.303950   2111.752    34.9934    27.8299  1037.5728    1500.01      0.898 0.0000e+00      33.00
   2136.000     3.5212   3.303963   2112.736    34.9936    27.8301  1037.5774    1500.03      1.595 0.0000e+00      12.00
   2137.000     3.5187   3.303792   2113.720    34.9936    27.8304  1037.5823    1500.04      1.977 0.0000e+00      10.00
   2138.000     3.5177   3.303743   2114.705    34.9937    27.8305  1037.5869    1500.05      1.735 0.0000e+00      14.00
   2139.000     3.5173   3.303721   2115.689    34.9934    27.8303  1037.5912    1500.06      1.243 0.0000e+00      21.00
   2140.000     3.5167   3.303716   2116.673    34.9934    27.8304  1037.5958    1500.08      1.004 0.0000e+00      26.00
   2141.000     3.5160   3.303693   2117.657    34.9935    27.8305  1037.6004    1500.09      1.583 0.0000e+00      15.00
   2142.000     3.5152   3.303683   2118.641    34.9937    27.8308  1037.6051    1500.11      2.080 0.0000e+00      11.00
   2143.000     3.5145   3.303648   2119.625    34.9936    27.8308  1037.6096    1500.12      2.362 0.0000e+00      10.00
   2144.000     3.5141   3.303664   2120.609    34.9937    27.8309  1037.6142    1500.13      2.432 0.0000e+00      10.00
   2145.000     3.5138   3.303674   2121.594    34.9936    27.8309  1037.6187    1500.15      2.341 0.0000e+00       9.00
   2146.000     3.5138   3.303700   2122.578    34.9935    27.8308  1037.6231    1500.17      2.017 0.0000e+00      13.00
   2147.000     3.5138   3.303733   2123.562    34.9934    27.8306  1037.6274    1500.18      1.399 0.0000e+00      17.00
   2148.000     3.5139   3.303763   2124.546    34.9932    27.8305  1037.6317    1500.20      0.850 0.0000e+00      33.00
   2149.000     3.5140   3.303847   2125.530    34.9936    27.8308  1037.6365    1500.22      1.690 0.0000e+00      13.00
   2150.000     3.5140   3.303875   2126.514    34.9935    27.8308  1037.6409    1500.23      1.953 0.0000e+00      11.00
   2151.000     3.5141   3.303922   2127.498    34.9934    27.8307  1037.6452    1500.25      1.845 0.0000e+00      13.00
   2152.000     3.5142   3.303962   2128.482    34.9933    27.8306  1037.6496    1500.27      1.441 0.0000e+00      16.00
   2153.000     3.5143   3.304001   2129.466    34.9932    27.8305  1037.6539    1500.29      0.838 0.0000e+00      35.00
   2154.000     3.5144   3.304064   2130.451    34.9934    27.8306  1037.6585    1500.30      1.186 0.0000e+00      19.00
   2155.000     3.5145   3.304108   2131.434    34.9934    27.8306  1037.6630    1500.32      1.489 0.0000e+00      15.00
   2156.000     3.5145   3.304146   2132.419    34.9933    27.8305  1037.6673    1500.34      1.606 0.0000e+00      16.00
   2157.000     3.5141   3.304167   2133.402    34.9935    27.8307  1037.6720    1500.35      1.782 0.0000e+00      12.00
   2158.000     3.5136   3.304169   2134.387    34.9936    27.8308  1037.6766    1500.37      1.972 0.0000e+00      13.00
   2159.000     3.5137   3.304206   2135.371    34.9934    27.8307  1037.6809    1500.38      2.044 0.0000e+00      11.00
   2160.000     3.5136   3.304229   2136.355    34.9934    27.8307  1037.6854    1500.40      1.960 0.0000e+00      12.00
   2161.000     3.5132   3.304228   2137.339    34.9933    27.8307  1037.6899    1500.42      1.694 0.0000e+00      13.00
   2162.000     3.5129   3.304225   2138.323    34.9931    27.8305  1037.6942    1500.43      1.151 0.0000e+00      22.00
   2163.000     3.5120   3.304191   2139.307    34.9932    27.8307  1037.6989    1500.44      0.944 0.0000e+00      30.00
   2164.000     3.5118   3.304227   2140.291    34.9934    27.8309  1037.7035    1500.46      1.649 0.0000e+00      13.00
   2165.000     3.5115   3.304236   2141.275    34.9933    27.8308  1037.7079    1500.48      1.840 0.0000e+00      12.00
   2166.000     3.5109   3.304217   2142.259    34.9932    27.8308  1037.7124    1500.49      1.715 0.0000e+00      14.00
   2167.000     3.5105   3.304197   2143.243    34.9929    27.8306  1037.7167    1500.50      1.447 0.0000e+00      17.00
   2168.000     3.5101   3.304224   2144.227    34.9932    27.8309  1037.7215    1500.52      1.411 0.0000e+00      17.00
   2169.000     3.5098   3.304249   2145.211    34.9934    27.8311  1037.7261    1500.54      1.773 0.0000e+00      13.00
   2170.000     3.5093   3.304229   2146.195    34.9931    27.8309  1037.7304    1500.55      2.017 0.0000e+00      12.00
   2171.000     3.5087   3.304221   2147.179    34.9933    27.8311  1037.7351    1500.57      1.999 0.0000e+00      11.00
   2172.000     3.5081   3.304191   2148.163    34.9931    27.8310  1037.7395    1500.58      1.592 0.0000e+00      15.00
   2173.000     3.5072   3.304133   2149.147    34.9928    27.8309  1037.7439    1500.59      0.544 0.0000e+00      49.00
   2174.000     3.5062   3.304122   2150.131    34.9933    27.8313  1037.7489    1500.61      1.788 0.0000e+00      12.00
   2175.000     3.5060   3.304139   2151.115    34.9933    27.8313  1037.7533    1500.62      2.181 0.0000e+00      10.00
   2176.000     3.5059   3.304163   2152.099    34.9932    27.8313  1037.7577    1500.64      2.294 0.0000e+00      10.00
   2177.000     3.5050   3.304131   2153.083    34.9932    27.8314  1037.7624    1500.65      2.242 0.0000e+00      11.00
   2178.000     3.5045   3.304122   2154.067    34.9932    27.8315  1037.7669    1500.67      2.045 0.0000e+00      11.00
   2179.000     3.5043   3.304121   2155.051    34.9930    27.8313  1037.7712    1500.68      1.646 0.0000e+00      16.00
   2180.000     3.5041   3.304138   2156.035    34.9928    27.8312  1037.7756    1500.70      1.074 0.0000e+00      25.00
   2181.000     3.5041   3.304185   2157.019    34.9929    27.8312  1037.7801    1500.71      1.024 0.0000e+00      23.00
   2182.000     3.5041   3.304240   2158.003    34.9931    27.8314  1037.7847    1500.73      1.479 0.0000e+00      17.00
   2183.000     3.5042   3.304299   2158.987    34.9932    27.8315  1037.7892    1500.75      1.810 0.0000e+00      13.00
   2184.000     3.5042   3.304329   2159.971    34.9931    27.8314  1037.7936    1500.77      2.077 0.0000e+00      11.00
   2185.000     3.5041   3.304366   2160.955    34.9932    27.8315  1037.7981    1500.78      2.176 0.0000e+00      11.00
   2186.000     3.5033   3.304324   2161.939    34.9931    27.8315  1037.8027    1500.80      2.057 0.0000e+00      11.00
   2187.000     3.5026   3.304292   2162.923    34.9929    27.8314  1037.8071    1500.81      1.576 0.0000e+00      13.00
   2188.000     3.5031   3.304348   2163.907    34.9926    27.8311  1037.8112    1500.83      0.310 0.0000e+00      54.00
   2189.000     3.5025   3.304376   2164.891    34.9931    27.8316  1037.8161    1500.84      2.160 0.0000e+00      10.00
   2190.000     3.5021   3.304378   2165.875    34.9931    27.8316  1037.8206    1500.86      2.498 0.0000e+00       9.00
   2191.000     3.5019   3.304401   2166.858    34.9931    27.8317  1037.8252    1500.87      2.558 0.0000e+00       9.00
   2192.000     3.5011   3.304364   2167.842    34.9930    27.8316  1037.8296    1500.89      2.451 0.0000e+00      10.00
   2193.000     3.5007   3.304373   2168.826    34.9932    27.8318  1037.8343    1500.90      2.204 0.0000e+00      10.00
   2194.000     3.5006   3.304387   2169.810    34.9929    27.8316  1037.8385    1500.92      1.685 0.0000e+00      13.00
   2195.000     3.5004   3.304394   2170.794    34.9927    27.8314  1037.8429    1500.93      0.732 0.0000e+00      45.00
   2196.000     3.5002   3.304438   2171.778    34.9930    27.8317  1037.8476    1500.95      1.496 0.0000e+00      14.00
   2197.000     3.5001   3.304469   2172.762    34.9930    27.8317  1037.8520    1500.97      1.848 0.0000e+00      14.00
   2198.000     3.5000   3.304490   2173.746    34.9929    27.8317  1037.8565    1500.98      1.946 0.0000e+00      11.00
   2199.000     3.4999   3.304523   2174.730    34.9930    27.8317  1037.8610    1501.00      1.949 0.0000e+00      13.00
   2200.000     3.4998   3.304544   2175.714    34.9928    27.8316  1037.8653    1501.02      1.898 0.0000e+00      12.00
   2201.000     3.4993   3.304550   2176.698    34.9929    27.8317  1037.8699    1501.03      1.679 0.0000e+00      13.00
   2202.000     3.4990   3.304540   2177.681    34.9927    27.8316  1037.8743    1501.05      0.995 0.0000e+00      26.00
   2203.000     3.4988   3.304578   2178.665    34.9929    27.8317  1037.8789    1501.06      1.000 0.0000e+00      26.00
   2204.000     3.4987   3.304624   2179.649    34.9930    27.8319  1037.8835    1501.08      2.038 0.0000e+00      10.00
   2205.000     3.4985   3.304653   2180.633    34.9931    27.8319  1037.8880    1501.10      2.336 0.0000e+00      10.00
   2206.000     3.4980   3.304631   2181.617    34.9929    27.8318  1037.8923    1501.11      2.403 0.0000e+00      10.00
   2207.000     3.4973   3.304613   2182.600    34.9929    27.8319  1037.8970    1501.12      2.348 0.0000e+00      10.00
   2208.000     3.4964   3.304549   2183.584    34.9927    27.8318  1037.9014    1501.14      2.180 0.0000e+00      11.00
   2209.000     3.4949   3.304458   2184.568    34.9928    27.8320  1037.9061    1501.15      1.875 0.0000e+00      11.00
   2210.000     3.4937   3.304385   2185.552    34.9926    27.8321  1037.9106    1501.16      1.408 0.0000e+00      19.00
   2211.000     3.4922   3.304281   2186.536    34.9926    27.8321  1037.9153    1501.17      0.989 0.0000e+00      26.00
   2212.000     3.4912   3.304237   2187.520    34.9925    27.8322  1037.9199    1501.18      0.729 0.0000e+00      35.00
   2213.000     3.4909   3.304264   2188.504    34.9928    27.8324  1037.9245    1501.20      1.264 0.0000e+00      21.00
   2214.000     3.4910   3.304309   2189.487    34.9928    27.8324  1037.9290    1501.22      1.899 0.0000e+00      12.00
   2215.000     3.4909   3.304357   2190.471    34.9929    27.8326  1037.9335    1501.23      2.171 0.0000e+00      10.00
   2216.000     3.4908   3.304382   2191.455    34.9929    27.8325  1037.9380    1501.25      2.211 0.0000e+00      10.00
   2217.000     3.4904   3.304374   2192.439    34.9927    27.8324  1037.9424    1501.26      2.070 0.0000e+00      12.00
   2218.000     3.4898   3.304360   2193.423    34.9927    27.8325  1037.9469    1501.28      1.738 0.0000e+00      13.00
   2219.000     3.4892   3.304327   2194.407    34.9925    27.8324  1037.9513    1501.29      1.050 0.0000e+00      27.00
   2220.000     3.4887   3.304326   2195.390    34.9925    27.8324  1037.9558    1501.30      0.934 0.0000e+00      29.00
   2221.000     3.4884   3.304362   2196.374    34.9928    27.8327  1037.9606    1501.32      1.774 0.0000e+00      12.00
   2222.000     3.4883   3.304363   2197.357    34.9925    27.8325  1037.9648    1501.34      2.081 0.0000e+00      11.00
   2223.000     3.4878   3.304364   2198.341    34.9925    27.8326  1037.9694    1501.35      2.200 0.0000e+00      11.00
   2224.000     3.4876   3.304402   2199.326    34.9927    27.8327  1037.9740    1501.37      2.193 0.0000e+00      11.00
   2225.000     3.4877   3.304426   2200.309    34.9925    27.8325  1037.9782    1501.39      2.077 0.0000e+00      11.00
   2226.000     3.4876   3.304475   2201.293    34.9926    27.8326  1037.9828    1501.40      1.777 0.0000e+00      13.00
   2227.000     3.4877   3.304497   2202.276    34.9923    27.8324  1037.9870    1501.42      1.189 0.0000e+00      20.00
   2228.000     3.4879   3.304564   2203.260    34.9924    27.8325  1037.9916    1501.44      0.716 0.0000e+00      38.00
   2229.000     3.4880   3.304628   2204.244    34.9926    27.8326  1037.9961    1501.45      1.442 0.0000e+00      14.00
   2230.000     3.4881   3.304688   2205.227    34.9928    27.8327  1038.0007    1501.47      1.603 0.0000e+00      15.00
