dados/ctd/rad1_doei011.cnv
* Sea-Bird SBE 9 Raw Data File:
* FileName = C:\OceanoEI\OEI011.dat
* Software Version Seasave Win32 v1.10
* Temperature SN = 2326
* Conductivity SN = 2149
* Number of Bytes Per Scan = 12
* Number of Voltage Words = 0
* System UpLoad Time = Nov 04 2001 10:35:35
** H-40 
** Navio Oceanografico ANTARES 
** 173a Comissao Oceanografica 
** OCEANO LESTE I 
** Estacao: OEI11
** Latitude: 09 44.0 S 
** Longitude: 033 52.6 W
** Data-Hora (DDHHMMZ/MMM/AA): 041030Z/NOV/01
** Profundidade Local (m): 4696
** N/S do CTD: 11282 
** Operador: 1T E. ALMEIDA
# nquan = 11
# nvalues = 2543                        
# units = specified
# name 0 = prDM: Pressure, Digiquartz [db]
# name 1 = t068C: Temperature [ITS-68, deg C]
# name 2 = c0S/m: Conductivity [S/m]
# name 3 = depSM: Depth [salt water, m], lat = -15
# name 4 = sal00: Salinity [PSU]
# name 5 = sigma-t00: Density [sigma-t, Kg/m^3 ]
# name 6 = density00: Density [density, Kg/m^3]
# name 7 = svCM: Sound Velocity [Chen-Millero, m/s]
# name 8 = dz/dtM: Descent Rate [m/s], WS = 2
# name 9 = flag: flag
# name 10 = nbin: number of scans per bin
# span 0 =      1.000,   2543.000       
# span 1 =     3.1324,    27.0694       
# span 2 =   3.257698,   5.754064       
# span 3 =      0.994,   2512.918       
# span 4 =    34.4714,    37.0602       
# span 5 =    23.8511,    27.8553       
# span 6 =  1023.8557,  1039.4336       
# span 7 =    1479.60,    1541.78       
# span 8 =     -0.521,      3.393       
# span 9 = 0.0000e+00, 0.0000e+00       
# span 10 =       6.00,     252.00      
# interval = decibars: 1                
# start_time = Nov 04 2001 10:35:35
# bad_flag = -9.990e-29
*END*
[from data line 2492]
   2493.000     3.1478   3.283651   2463.796    34.9793    27.8549  1039.2113    1504.46      2.807 0.0000e+00       9.00
   2494.000     3.1472   3.283651   2464.778    34.9795    27.8551  1039.2159    1504.47      2.768 0.0000e+00       8.00
   2495.000     3.1470   3.283666   2465.761    34.9794    27.8550  1039.2203    1504.49      2.624 0.0000e+00       9.00
   2496.000     3.1471   3.283695   2466.743    34.9792    27.8549  1039.2246    1504.50      2.367 0.0000e+00       9.00
   2497.000     3.1471   3.283727   2467.726    34.9792    27.8548  1039.2290    1504.52      1.926 0.0000e+00      13.00
   2498.000     3.1470   3.283745   2468.708    34.9790    27.8547  1039.2333    1504.54      1.195 0.0000e+00      25.00
   2499.000     3.1468   3.283771   2469.691    34.9790    27.8547  1039.2378    1504.55      1.054 0.0000e+00      25.00
   2500.000     3.1462   3.283738   2470.674    34.9788    27.8547  1039.2422    1504.57      1.735 0.0000e+00      12.00
   2501.000     3.1448   3.283665   2471.656    34.9790    27.8549  1039.2469    1504.58      1.884 0.0000e+00      13.00
   2502.000     3.1441   3.283640   2472.639    34.9790    27.8549  1039.2515    1504.59      1.694 0.0000e+00      13.00
   2503.000     3.1434   3.283601   2473.621    34.9788    27.8549  1039.2559    1504.60      1.151 0.0000e+00      21.00
   2504.000     3.1427   3.283577   2474.604    34.9788    27.8549  1039.2604    1504.62      0.746 0.0000e+00      36.00
   2505.000     3.1426   3.283606   2475.586    34.9787    27.8549  1039.2648    1504.64      1.439 0.0000e+00      16.00
   2506.000     3.1422   3.283618   2476.569    34.9789    27.8551  1039.2694    1504.65      1.739 0.0000e+00      12.00
   2507.000     3.1422   3.283655   2477.551    34.9789    27.8550  1039.2738    1504.67      1.862 0.0000e+00      14.00
   2508.000     3.1422   3.283695   2478.534    34.9789    27.8551  1039.2783    1504.68      1.921 0.0000e+00      11.00
   2509.000     3.1422   3.283740   2479.516    34.9789    27.8551  1039.2828    1504.70      1.912 0.0000e+00      13.00
   2510.000     3.1419   3.283750   2480.499    34.9789    27.8551  1039.2872    1504.72      1.771 0.0000e+00      12.00
   2511.000     3.1416   3.283741   2481.481    34.9786    27.8549  1039.2915    1504.73      1.458 0.0000e+00      15.00
   2512.000     3.1417   3.283770   2482.464    34.9784    27.8548  1039.2958    1504.75      0.817 0.0000e+00      37.00
   2513.000     3.1417   3.283840   2483.446    34.9788    27.8550  1039.3005    1504.77      1.281 0.0000e+00      22.00
   2514.000     3.1417   3.283900   2484.428    34.9790    27.8552  1039.3051    1504.79      2.209 0.0000e+00      10.00
   2515.000     3.1417   3.283932   2485.411    34.9790    27.8551  1039.3095    1504.80      2.650 0.0000e+00       9.00
   2516.000     3.1417   3.283992   2486.393    34.9792    27.8553  1039.3141    1504.82      2.852 0.0000e+00       7.00
   2517.000     3.1418   3.284029   2487.376    34.9791    27.8553  1039.3185    1504.83      2.847 0.0000e+00       9.00
   2518.000     3.1418   3.284053   2488.358    34.9790    27.8552  1039.3228    1504.85      2.683 0.0000e+00       8.00
   2519.000     3.1415   3.284045   2489.341    34.9787    27.8549  1039.3270    1504.87      2.300 0.0000e+00      11.00
   2520.000     3.1410   3.284022   2490.323    34.9785    27.8548  1039.3314    1504.88      1.582 0.0000e+00      13.00
   2521.000     3.1403   3.283978   2491.306    34.9782    27.8547  1039.3357    1504.89      0.178 0.0000e+00      58.00
   2522.000     3.1398   3.283993   2492.288    34.9784    27.8549  1039.3404    1504.91      1.870 0.0000e+00      11.00
   2523.000     3.1394   3.284001   2493.270    34.9785    27.8550  1039.3449    1504.93      2.074 0.0000e+00      12.00
   2524.000     3.1391   3.284022   2494.253    34.9786    27.8552  1039.3495    1504.94      2.088 0.0000e+00      11.00
   2525.000     3.1386   3.284006   2495.235    34.9785    27.8551  1039.3539    1504.96      2.016 0.0000e+00      11.00
   2526.000     3.1383   3.284018   2496.218    34.9785    27.8552  1039.3585    1504.97      1.852 0.0000e+00      14.00
   2527.000     3.1382   3.284038   2497.200    34.9784    27.8550  1039.3628    1504.99      1.512 0.0000e+00      15.00
   2528.000     3.1380   3.284049   2498.183    34.9783    27.8550  1039.3671    1505.00      1.016 0.0000e+00      25.00
   2529.000     3.1370   3.283991   2499.165    34.9781    27.8549  1039.3716    1505.02      0.688 0.0000e+00      34.00
   2530.000     3.1370   3.284025   2500.147    34.9781    27.8549  1039.3760    1505.04      0.701 0.0000e+00      39.00
   2531.000     3.1367   3.284048   2501.130    34.9782    27.8551  1039.3806    1505.05      1.402 0.0000e+00      15.00
   2532.000     3.1364   3.284058   2502.112    34.9781    27.8550  1039.3850    1505.07      1.429 0.0000e+00      17.00
   2533.000     3.1365   3.284090   2503.094    34.9780    27.8549  1039.3894    1505.08      1.261 0.0000e+00      16.00
   2534.000     3.1360   3.284091   2504.077    34.9781    27.8550  1039.3939    1505.10      1.129 0.0000e+00      23.00
   2535.000     3.1354   3.284057   2505.059    34.9779    27.8549  1039.3983    1505.11      1.076 0.0000e+00      21.00
   2536.000     3.1348   3.284052   2506.042    34.9780    27.8550  1039.4029    1505.12      1.081 0.0000e+00      22.00
   2537.000     3.1342   3.284033   2507.024    34.9779    27.8550  1039.4073    1505.14      0.902 0.0000e+00      24.00
   2538.000     3.1342   3.284050   2508.006    34.9776    27.8548  1039.4116    1505.16      0.325 0.0000e+00      43.00
   2539.000     3.1333   3.284049   2508.989    34.9781    27.8553  1039.4165    1505.17      1.950 0.0000e+00      12.00
   2540.000     3.1327   3.284030   2509.971    34.9781    27.8553  1039.4210    1505.18      1.964 0.0000e+00      11.00
   2541.000     3.1324   3.284035   2510.953    34.9780    27.8553  1039.4254    1505.20      1.703 0.0000e+00      14.00
   2542.000     3.1325   3.284062   2511.936    34.9778    27.8551  1039.4297    1505.22      1.090 0.0000e+00      20.00
   2543.000     3.1326   3.284062   2512.918    34.9772    27.8546  1039.4336    1505.24     -0.521 0.0000e+00      61.00
