dados/ctd/rad1_doei010.cnv
* Sea-Bird SBE 9 Raw Data File:
* FileName = C:\OceanoEI\OEI010.dat
* Software Version Seasave Win32 v1.10
* Temperature SN = 2326
* Conductivity SN = 2149
* Number of Bytes Per Scan = 12
* Number of Voltage Words = 0
* System UpLoad Time = Nov 04 2001 04:37:58
** H-40 
** Navio Oceanografico ANTARES 
** 173a Comissao Oceanografica 
** OCEANO LESTE I 
** Estacao: OEI010
** Latitude: 10 19.8 S
** Longitude: 034 18.3 W
** Data-Hora (DDHHMMZ/MMM/AA): 010436Z/NOV/01
** Profundidade Local (m): 4433
** N/S do CTD: 11282 
** Operador: 1T-ALEX URBANCG
# nquan = 11
# nvalues = 2532                        
# units = specified
# name 0 = prDM: Pressure, Digiquartz [db]
# name 1 = t068C: Temperature [ITS-68, deg C]
# name 2 = c0S/m: Conductivity [S/m]
# name 3 = depSM: Depth [salt water, m], lat = -15
# name 4 = sal00: Salinity [PSU]
# name 5 = sigma-t00: Density [sigma-t, Kg/m^3 ]
# name 6 = density00: Density [density, Kg/m^3]
# name 7 = svCM: Sound Velocity [Chen-Millero, m/s]
# name 8 = dz/dtM: Descent Rate [m/s], WS = 2
# name 9 = flag: flag
# name 10 = nbin: number of scans per bin
# span 0 =      3.000,   2534.000       
# span 1 =     3.1980,    26.9144       
# span 2 =   3.255264,   5.753765       
# span 3 =      2.983,   2504.077       
# span 4 =    34.4555,    37.1222       
# span 5 =    23.9750,    27.8472       
# span 6 =  1023.9891,  1039.3815       
# span 7 =    1479.03,    1541.20       
# span 8 =     -0.102,      3.024       
# span 9 = 0.0000e+00, 0.0000e+00       
# span 10 =       1.00,     206.00      
# interval = decibars: 1                
# start_time = Nov 04 2001 04:37:58
# bad_flag = -9.990e-29
*END*
[from data line 1968]
   1971.000     3.6027   3.305304   1950.287    35.0019    27.8286  1036.8346    1497.61      1.833 0.0000e+00      12.00
   1972.000     3.6016   3.305243   1951.272    35.0017    27.8286  1036.8391    1497.62      1.707 0.0000e+00      14.00
   1973.000     3.6011   3.305216   1952.257    35.0016    27.8285  1036.8436    1497.64      1.543 0.0000e+00      15.00
   1974.000     3.5980   3.304953   1953.242    35.0012    27.8285  1036.8482    1497.64      1.599 0.0000e+00      17.00
   1975.000     3.5967   3.304901   1954.227    35.0015    27.8289  1036.8531    1497.65      1.820 0.0000e+00      12.00
   1976.000     3.5970   3.304986   1955.211    35.0017    27.8290  1036.8577    1497.67      1.897 0.0000e+00      13.00
   1977.000     3.5985   3.305197   1956.196    35.0021    27.8292  1036.8623    1497.69      1.701 0.0000e+00      12.00
   1978.000     3.5995   3.305324   1957.181    35.0021    27.8291  1036.8666    1497.71      0.955 0.0000e+00      37.00
   1979.000     3.5996   3.305393   1958.166    35.0024    27.8293  1036.8712    1497.73      1.222 0.0000e+00      20.00
   1980.000     3.5988   3.305379   1959.151    35.0026    27.8295  1036.8760    1497.75      2.045 0.0000e+00      11.00
   1981.000     3.5969   3.305221   1960.136    35.0022    27.8294  1036.8804    1497.75      2.386 0.0000e+00       9.00
   1982.000     3.5947   3.305102   1961.121    35.0026    27.8300  1036.8856    1497.76      2.551 0.0000e+00      10.00
   1983.000     3.5941   3.305118   1962.106    35.0030    27.8303  1036.8904    1497.78      2.616 0.0000e+00       8.00
   1984.000     3.5940   3.305121   1963.091    35.0026    27.8301  1036.8947    1497.79      2.549 0.0000e+00       9.00
   1985.000     3.5937   3.305140   1964.075    35.0027    27.8301  1036.8992    1497.81      2.270 0.0000e+00      10.00
   1986.000     3.5930   3.305096   1965.060    35.0024    27.8300  1036.9036    1497.82      1.631 0.0000e+00      15.00
   1987.000     3.5932   3.305156   1966.045    35.0024    27.8299  1036.9080    1497.84      0.429 0.0000e+00      48.00
   1988.000     3.5930   3.305184   1967.030    35.0025    27.8301  1036.9126    1497.86      1.171 0.0000e+00      18.00
   1989.000     3.5930   3.305218   1968.015    35.0025    27.8301  1036.9171    1497.87      0.847 0.0000e+00      33.00
   1990.000     3.5931   3.305273   1968.999    35.0025    27.8301  1036.9215    1497.89      1.479 0.0000e+00      16.00
   1991.000     3.5930   3.305338   1969.984    35.0029    27.8304  1036.9263    1497.91      1.974 0.0000e+00      11.00
   1992.000     3.5932   3.305388   1970.969    35.0029    27.8303  1036.9307    1497.93      2.281 0.0000e+00      12.00
   1993.000     3.5932   3.305449   1971.954    35.0030    27.8304  1036.9353    1497.94      2.565 0.0000e+00       9.00
   1994.000     3.5934   3.305516   1972.939    35.0031    27.8305  1036.9398    1497.96      2.768 0.0000e+00       9.00
   1995.000     3.5938   3.305586   1973.924    35.0031    27.8304  1036.9442    1497.98      2.886 0.0000e+00       8.00
   1996.000     3.5942   3.305673   1974.908    35.0033    27.8305  1036.9488    1498.00      2.855 0.0000e+00       8.00
   1997.000     3.5943   3.305719   1975.893    35.0032    27.8305  1036.9532    1498.01      2.642 0.0000e+00       8.00
   1998.000     3.5943   3.305741   1976.878    35.0030    27.8303  1036.9575    1498.03      2.178 0.0000e+00      11.00
   1999.000     3.5944   3.305760   1977.863    35.0026    27.8300  1036.9617    1498.05      0.419 0.0000e+00      64.00
   2000.000     3.5941   3.305785   1978.848    35.0028    27.8302  1036.9663    1498.06      1.907 0.0000e+00      10.00
   2001.000     3.5929   3.305705   1979.833    35.0026    27.8302  1036.9709    1498.07      2.122 0.0000e+00      12.00
   2002.000     3.5909   3.305575   1980.817    35.0027    27.8304  1036.9757    1498.08      2.169 0.0000e+00      10.00
   2003.000     3.5899   3.305517   1981.802    35.0026    27.8304  1036.9802    1498.09      2.248 0.0000e+00      10.00
   2004.000     3.5897   3.305543   1982.787    35.0027    27.8305  1036.9847    1498.11      2.253 0.0000e+00      11.00
   2005.000     3.5896   3.305580   1983.771    35.0027    27.8305  1036.9893    1498.13      2.073 0.0000e+00      11.00
   2006.000     3.5896   3.305602   1984.756    35.0025    27.8304  1036.9936    1498.14      1.636 0.0000e+00      15.00
   2007.000     3.5897   3.305638   1985.741    35.0024    27.8303  1036.9980    1498.16      0.905 0.0000e+00      33.00
   2008.000     3.5897   3.305688   1986.726    35.0024    27.8303  1037.0024    1498.18      0.982 0.0000e+00      24.00
   2009.000     3.5897   3.305719   1987.710    35.0023    27.8302  1037.0069    1498.19      1.231 0.0000e+00      19.00
   2010.000     3.5897   3.305764   1988.695    35.0024    27.8303  1037.0114    1498.21      1.518 0.0000e+00      16.00
   2011.000     3.5898   3.305822   1989.680    35.0025    27.8304  1037.0159    1498.23      1.905 0.0000e+00      13.00
   2012.000     3.5893   3.305815   1990.665    35.0025    27.8304  1037.0205    1498.24      2.176 0.0000e+00      10.00
   2013.000     3.5889   3.305826   1991.649    35.0025    27.8304  1037.0250    1498.26      2.258 0.0000e+00      11.00
   2014.000     3.5888   3.305851   1992.634    35.0025    27.8305  1037.0295    1498.27      2.135 0.0000e+00      10.00
   2015.000     3.5880   3.305801   1993.619    35.0022    27.8303  1037.0338    1498.29      1.729 0.0000e+00      14.00
   2016.000     3.5871   3.305740   1994.604    35.0019    27.8302  1037.0382    1498.30      0.788 0.0000e+00      48.00
   2017.000     3.5865   3.305745   1995.588    35.0022    27.8305  1037.0430    1498.32      1.740 0.0000e+00      11.00
   2018.000     3.5860   3.305724   1996.573    35.0020    27.8304  1037.0474    1498.33      2.323 0.0000e+00       9.00
   2019.000     3.5858   3.305754   1997.558    35.0021    27.8305  1037.0520    1498.35      2.547 0.0000e+00       9.00
   2020.000     3.5850   3.305695   1998.542    35.0017    27.8302  1037.0563    1498.36      2.584 0.0000e+00       9.00
   2021.000     3.5840   3.305643   1999.527    35.0018    27.8304  1037.0609    1498.37      2.479 0.0000e+00      11.00
   2022.000     3.5828   3.305564   2000.512    35.0015    27.8303  1037.0654    1498.38      2.248 0.0000e+00       9.00
   2023.000     3.5816   3.305460   2001.496    35.0011    27.8301  1037.0697    1498.39      1.779 0.0000e+00      13.00
   2024.000     3.5758   3.304913   2002.481    35.0003    27.8300  1037.0744    1498.38      0.678 0.0000e+00      54.00
   2025.000     3.5729   3.304677   2003.466    35.0001    27.8301  1037.0791    1498.39      1.274 0.0000e+00      20.00
   2026.000     3.5718   3.304599   2004.451    34.9998    27.8300  1037.0836    1498.40      1.742 0.0000e+00      13.00
   2027.000     3.5711   3.304602   2005.435    35.0002    27.8304  1037.0884    1498.42      1.994 0.0000e+00      11.00
   2028.000     3.5714   3.304678   2006.420    35.0003    27.8305  1037.0929    1498.43      2.082 0.0000e+00      11.00
   2029.000     3.5708   3.304651   2007.404    35.0001    27.8304  1037.0974    1498.45      1.992 0.0000e+00      12.00
   2030.000     3.5700   3.304625   2008.389    35.0002    27.8305  1037.1019    1498.46      1.726 0.0000e+00      14.00
   2031.000     3.5697   3.304641   2009.374    35.0002    27.8305  1037.1065    1498.48      1.408 0.0000e+00      19.00
   2032.000     3.5689   3.304588   2010.358    34.9999    27.8304  1037.1109    1498.49      1.418 0.0000e+00      18.00
   2033.000     3.5679   3.304542   2011.343    34.9999    27.8305  1037.1155    1498.50      1.679 0.0000e+00      13.00
   2034.000     3.5669   3.304484   2012.328    34.9998    27.8305  1037.1200    1498.52      1.815 0.0000e+00      14.00
   2035.000     3.5656   3.304395   2013.312    34.9997    27.8306  1037.1246    1498.53      1.780 0.0000e+00      12.00
   2036.000     3.5618   3.304033   2014.297    34.9989    27.8303  1037.1290    1498.53      1.612 0.0000e+00      15.00
   2037.000     3.5567   3.303560   2015.281    34.9982    27.8303  1037.1337    1498.52      1.295 0.0000e+00      20.00
   2038.000     3.5519   3.303129   2016.266    34.9977    27.8304  1037.1385    1498.52      0.915 0.0000e+00      28.00
   2039.000     3.5477   3.302748   2017.251    34.9972    27.8304  1037.1432    1498.51      1.240 0.0000e+00      19.00
   2040.000     3.5455   3.302564   2018.235    34.9969    27.8303  1037.1477    1498.52      1.807 0.0000e+00      14.00
   2041.000     3.5414   3.302194   2019.220    34.9963    27.8302  1037.1523    1498.52      2.053 0.0000e+00      11.00
   2042.000     3.5392   3.302022   2020.204    34.9962    27.8304  1037.1570    1498.53      2.073 0.0000e+00      10.00
   2043.000     3.5376   3.301932   2021.189    34.9962    27.8306  1037.1618    1498.54      1.845 0.0000e+00      14.00
   2044.000     3.5352   3.301726   2022.174    34.9959    27.8306  1037.1664    1498.54      1.303 0.0000e+00      18.00
   2045.000     3.5330   3.301567   2023.158    34.9959    27.8307  1037.1711    1498.55      0.841 0.0000e+00      32.00
   2046.000     3.5312   3.301458   2024.143    34.9959    27.8310  1037.1759    1498.56      1.789 0.0000e+00      13.00
   2047.000     3.5308   3.301450   2025.127    34.9958    27.8309  1037.1804    1498.58      2.094 0.0000e+00      11.00
   2048.000     3.5306   3.301475   2026.112    34.9958    27.8310  1037.1849    1498.59      2.103 0.0000e+00      11.00
   2049.000     3.5304   3.301464   2027.097    34.9955    27.8307  1037.1891    1498.61      1.867 0.0000e+00      11.00
   2050.000     3.5262   3.301068   2028.081    34.9947    27.8305  1037.1936    1498.60      1.269 0.0000e+00      21.00
   2051.000     3.5219   3.300718   2029.066    34.9946    27.8308  1037.1986    1498.60      0.651 0.0000e+00      39.00
   2052.000     3.5210   3.300651   2030.050    34.9944    27.8308  1037.2031    1498.62      1.867 0.0000e+00      12.00
   2053.000     3.5179   3.300406   2031.035    34.9943    27.8310  1037.2079    1498.62      2.246 0.0000e+00      10.00
   2054.000     3.5160   3.300278   2032.019    34.9942    27.8311  1037.2126    1498.63      2.428 0.0000e+00       9.00
   2055.000     3.5135   3.300079   2033.004    34.9940    27.8312  1037.2173    1498.64      2.508 0.0000e+00      10.00
   2056.000     3.5117   3.299916   2033.988    34.9935    27.8310  1037.2216    1498.64      2.489 0.0000e+00       8.00
   2057.000     3.5083   3.299626   2034.973    34.9932    27.8310  1037.2263    1498.65      2.300 0.0000e+00      10.00
   2058.000     3.5070   3.299552   2035.957    34.9933    27.8312  1037.2311    1498.66      1.835 0.0000e+00      13.00
   2059.000     3.5067   3.299539   2036.942    34.9929    27.8310  1037.2353    1498.67      0.199 0.0000e+00      68.00
   2060.000     3.5065   3.299606   2037.926    34.9934    27.8314  1037.2402    1498.69      2.001 0.0000e+00      11.00
   2061.000     3.5062   3.299610   2038.911    34.9934    27.8314  1037.2447    1498.71      2.377 0.0000e+00      10.00
   2062.000     3.5064   3.299730   2039.895    34.9941    27.8319  1037.2496    1498.72      2.613 0.0000e+00       9.00
   2063.000     3.5065   3.299800   2040.880    34.9943    27.8321  1037.2543    1498.74      2.813 0.0000e+00       8.00
   2064.000     3.5065   3.299856   2041.864    34.9945    27.8323  1037.2589    1498.76      2.904 0.0000e+00       8.00
   2065.000     3.5059   3.299856   2042.849    34.9946    27.8324  1037.2636    1498.77      2.858 0.0000e+00       9.00
   2066.000     3.5051   3.299799   2043.833    34.9943    27.8323  1037.2679    1498.79      2.650 0.0000e+00       9.00
   2067.000     3.5026   3.299586   2044.818    34.9940    27.8323  1037.2725    1498.79      2.209 0.0000e+00      10.00
   2068.000     3.5004   3.299417   2045.802    34.9938    27.8323  1037.2771    1498.80      0.429 0.0000e+00      74.00
   2069.000     3.4996   3.299377   2046.787    34.9938    27.8324  1037.2817    1498.81      1.798 0.0000e+00      12.00
   2070.000     3.4979   3.299277   2047.771    34.9939    27.8326  1037.2865    1498.82      2.039 0.0000e+00      13.00
   2071.000     3.4968   3.299234   2048.756    34.9940    27.8329  1037.2913    1498.83      2.235 0.0000e+00      10.00
   2072.000     3.4968   3.299317   2049.740    34.9945    27.8333  1037.2961    1498.85      2.431 0.0000e+00      10.00
   2073.000     3.4974   3.299400   2050.725    34.9945    27.8331  1037.3004    1498.87      2.521 0.0000e+00       9.00
   2074.000     3.4973   3.299432   2051.709    34.9945    27.8332  1037.3049    1498.89      2.477 0.0000e+00      10.00
   2075.000     3.4965   3.299382   2052.693    34.9943    27.8331  1037.3094    1498.90      2.287 0.0000e+00       9.00
   2076.000     3.4922   3.298975   2053.678    34.9935    27.8329  1037.3138    1498.90      1.926 0.0000e+00      13.00
   2077.000     3.4896   3.298803   2054.662    34.9937    27.8333  1037.3188    1498.90      1.367 0.0000e+00      18.00
   2078.000     3.4860   3.298481   2055.647    34.9932    27.8333  1037.3235    1498.91      1.021 0.0000e+00      27.00
   2079.000     3.4809   3.298029   2056.631    34.9927    27.8334  1037.3283    1498.90      1.286 0.0000e+00      17.00
   2080.000     3.4792   3.297885   2057.616    34.9924    27.8333  1037.3328    1498.91      1.252 0.0000e+00      19.00
   2081.000     3.4764   3.297660   2058.600    34.9922    27.8334  1037.3375    1498.91      0.929 0.0000e+00      28.00
   2082.000     3.4750   3.297583   2059.585    34.9923    27.8336  1037.3423    1498.92      1.187 0.0000e+00      22.00
   2083.000     3.4753   3.297680   2060.569    34.9926    27.8339  1037.3469    1498.94      1.706 0.0000e+00      13.00
   2084.000     3.4763   3.297832   2061.553    34.9929    27.8340  1037.3515    1498.96      1.978 0.0000e+00      13.00
   2085.000     3.4766   3.297911   2062.538    34.9930    27.8340  1037.3560    1498.98      2.129 0.0000e+00      10.00
   2086.000     3.4769   3.297995   2063.522    34.9932    27.8342  1037.3606    1499.00      2.214 0.0000e+00      10.00
   2087.000     3.4774   3.298078   2064.507    34.9932    27.8341  1037.3650    1499.02      2.237 0.0000e+00      12.00
   2088.000     3.4780   3.298199   2065.491    34.9936    27.8344  1037.3696    1499.04      2.185 0.0000e+00      10.00
   2089.000     3.4787   3.298312   2066.475    34.9937    27.8344  1037.3741    1499.06      1.990 0.0000e+00      11.00
   2090.000     3.4789   3.298367   2067.460    34.9936    27.8343  1037.3784    1499.08      1.540 0.0000e+00      15.00
   2091.000     3.4792   3.298415   2068.444    34.9935    27.8341  1037.3828    1499.10      0.484 0.0000e+00      60.00
   2092.000     3.4785   3.298419   2069.429    34.9938    27.8344  1037.3875    1499.11      1.478 0.0000e+00      15.00
   2093.000     3.4778   3.298382   2070.413    34.9936    27.8344  1037.3920    1499.12      1.955 0.0000e+00      13.00
   2094.000     3.4766   3.298333   2071.397    34.9937    27.8346  1037.3967    1499.14      2.308 0.0000e+00      10.00
   2095.000     3.4761   3.298316   2072.381    34.9936    27.8346  1037.4012    1499.15      2.561 0.0000e+00       8.00
   2096.000     3.4741   3.298172   2073.366    34.9936    27.8347  1037.4059    1499.16      2.687 0.0000e+00       8.00
   2097.000     3.4726   3.298075   2074.350    34.9935    27.8348  1037.4105    1499.17      2.646 0.0000e+00      10.00
   2098.000     3.4715   3.297994   2075.335    34.9933    27.8348  1037.4150    1499.18      2.395 0.0000e+00      10.00
   2099.000     3.4702   3.297891   2076.319    34.9930    27.8346  1037.4194    1499.19      1.891 0.0000e+00      12.00
   2100.000     3.4692   3.297842   2077.303    34.9929    27.8347  1037.4240    1499.21      0.742 0.0000e+00      49.00
