dados/ctd/rad1_doei004.cnv
* Sea-Bird SBE 9 Raw Data File:
* FileName = C:\OceanoEI\OEI004.dat
* Software Version Seasave Win32 v1.10
* Temperature SN = 2326
* Conductivity SN = 2149
* Number of Bytes Per Scan = 12
* Number of Voltage Words = 0
* System UpLoad Time = Nov 02 2001 18:40:30
** H-40 
** Navio Oceanografico ANTARES 
** 173a Comissao Oceanografica 
** OCEANO LESTE I 
** Estacao: OEI004
** Latitude: 13 42.0 S
** Longitude: 036 30.4 W
** Data-Hora (DDHHMMZ/MMM/AA): 021838Z/NOV/01
** Profundidade Local (m): 42456
** N/S do CTD: 11282 
** Operador: 1T ALEX URBANCG
# nquan = 11
# nvalues = 2542                        
# units = specified
# name 0 = prDM: Pressure, Digiquartz [db]
# name 1 = t068C: Temperature [ITS-68, deg C]
# name 2 = c0S/m: Conductivity [S/m]
# name 3 = depSM: Depth [salt water, m], lat = -15
# name 4 = sal00: Salinity [PSU]
# name 5 = sigma-t00: Density [sigma-t, Kg/m^3 ]
# name 6 = density00: Density [density, Kg/m^3]
# name 7 = svCM: Sound Velocity [Chen-Millero, m/s]
# name 8 = dz/dtM: Descent Rate [m/s], WS = 2
# name 9 = flag: flag
# name 10 = nbin: number of scans per bin
# span 0 =      2.000,   2543.000       
# span 1 =     3.2762,    26.6196       
# span 2 =   3.246126,   5.763318       
# span 3 =      1.988,   2512.918       
# span 4 =    34.4291,    37.2387       
# span 5 =    24.4052,    27.8436       
# span 6 =  1024.4180,  1039.4132       
# span 7 =    1479.31,    1540.47       
# span 8 =     -0.083,      3.165       
# span 9 = 0.0000e+00, 0.0000e+00       
# span 10 =       5.00,     245.00      
# interval = decibars: 1                
# start_time = Nov 02 2001 18:40:30
# bad_flag = -9.990e-29
*END*
[from data line 1705]
   1707.000     4.2091   3.347202   1690.110    34.9835    27.7510  1035.5480    1495.69      0.932 0.0000e+00      28.00
   1708.000     4.2087   3.347223   1691.096    34.9837    27.7512  1035.5527    1495.71      0.949 0.0000e+00      26.00
   1709.000     4.2087   3.347285   1692.082    34.9838    27.7513  1035.5573    1495.73      1.515 0.0000e+00      17.00
   1710.000     4.2087   3.347341   1693.068    34.9840    27.7515  1035.5619    1495.74      1.932 0.0000e+00      12.00
   1711.000     4.2090   3.347401   1694.055    34.9840    27.7514  1035.5664    1495.76      2.210 0.0000e+00      10.00
   1712.000     4.2091   3.347445   1695.040    34.9839    27.7513  1035.5708    1495.78      2.314 0.0000e+00      11.00
   1713.000     4.2088   3.347478   1696.026    34.9841    27.7515  1035.5754    1495.79      2.243 0.0000e+00       9.00
   1714.000     4.2085   3.347467   1697.013    34.9838    27.7513  1035.5797    1495.81      1.948 0.0000e+00      11.00
   1715.000     4.2083   3.347462   1697.999    34.9835    27.7511  1035.5840    1495.82      1.320 0.0000e+00      20.00
   1716.000     4.2080   3.347484   1698.985    34.9836    27.7512  1035.5886    1495.84      0.731 0.0000e+00      36.00
   1717.000     4.2079   3.347544   1699.971    34.9839    27.7514  1035.5933    1495.86      1.477 0.0000e+00      16.00
   1718.000     4.2081   3.347588   1700.957    34.9837    27.7513  1035.5977    1495.87      1.823 0.0000e+00      13.00
   1719.000     4.2069   3.347500   1701.943    34.9835    27.7513  1035.6022    1495.88      1.947 0.0000e+00      12.00
   1720.000     4.2068   3.347547   1702.929    34.9836    27.7514  1035.6068    1495.90      1.899 0.0000e+00      12.00
   1721.000     4.2051   3.347381   1703.915    34.9830    27.7511  1035.6110    1495.91      1.693 0.0000e+00      15.00
   1722.000     4.2012   3.347087   1704.901    34.9832    27.7516  1035.6162    1495.91      1.476 0.0000e+00      17.00
   1723.000     4.2002   3.347000   1705.887    34.9827    27.7513  1035.6205    1495.92      1.607 0.0000e+00      16.00
   1724.000     4.1958   3.346651   1706.873    34.9828    27.7519  1035.6257    1495.92      1.925 0.0000e+00      11.00
   1725.000     4.1922   3.346276   1707.860    34.9817    27.7514  1035.6298    1495.92      2.088 0.0000e+00      11.00
   1726.000     4.1881   3.345964   1708.846    34.9819    27.7520  1035.6351    1495.92      2.036 0.0000e+00      12.00
   1727.000     4.1861   3.345792   1709.832    34.9815    27.7519  1035.6396    1495.93      1.729 0.0000e+00      14.00
   1728.000     4.1812   3.345320   1710.818    34.9806    27.7517  1035.6440    1495.92      1.042 0.0000e+00      26.00
   1729.000     4.1779   3.345096   1711.804    34.9810    27.7523  1035.6493    1495.93      0.820 0.0000e+00      31.00
   1730.000     4.1779   3.345207   1712.790    34.9818    27.7530  1035.6544    1495.95      1.506 0.0000e+00      16.00
   1731.000     4.1773   3.345224   1713.776    34.9821    27.7533  1035.6593    1495.96      1.794 0.0000e+00      13.00
   1732.000     4.1772   3.345272   1714.762    34.9823    27.7535  1035.6639    1495.98      1.976 0.0000e+00      12.00
   1733.000     4.1763   3.345236   1715.748    34.9823    27.7536  1035.6685    1495.99      2.054 0.0000e+00      10.00
   1734.000     4.1755   3.345193   1716.734    34.9822    27.7536  1035.6731    1496.00      1.997 0.0000e+00      13.00
   1735.000     4.1742   3.345127   1717.720    34.9824    27.7539  1035.6779    1496.02      1.797 0.0000e+00      13.00
   1736.000     4.1759   3.345392   1718.706    34.9832    27.7543  1035.6828    1496.04      1.460 0.0000e+00      14.00
   1737.000     4.1749   3.345339   1719.692    34.9831    27.7544  1035.6874    1496.05      1.125 0.0000e+00      23.00
   1738.000     4.1722   3.345150   1720.678    34.9832    27.7548  1035.6923    1496.06      1.238 0.0000e+00      20.00
   1739.000     4.1704   3.345038   1721.664    34.9833    27.7550  1035.6971    1496.07      1.510 0.0000e+00      15.00
   1740.000     4.1689   3.344962   1722.650    34.9835    27.7553  1035.7020    1496.08      1.615 0.0000e+00      15.00
   1741.000     4.1689   3.345083   1723.635    34.9845    27.7561  1035.7072    1496.10      1.597 0.0000e+00      14.00
   1742.000     4.1697   3.345293   1724.621    34.9857    27.7570  1035.7125    1496.12      1.557 0.0000e+00      17.00
   1743.000     4.1692   3.345405   1725.607    34.9869    27.7580  1035.7180    1496.13      1.588 0.0000e+00      14.00
   1744.000     4.1695   3.345524   1726.593    34.9876    27.7585  1035.7230    1496.15      1.700 0.0000e+00      14.00
   1745.000     4.1695   3.345602   1727.579    34.9880    27.7588  1035.7278    1496.17      1.838 0.0000e+00      14.00
   1746.000     4.1682   3.345544   1728.565    34.9882    27.7592  1035.7327    1496.18      1.880 0.0000e+00      12.00
   1747.000     4.1671   3.345505   1729.551    34.9884    27.7594  1035.7375    1496.20      1.810 0.0000e+00      13.00
   1748.000     4.1664   3.345462   1730.537    34.9882    27.7593  1035.7418    1496.21      1.647 0.0000e+00      14.00
   1749.000     4.1655   3.345433   1731.523    34.9882    27.7595  1035.7465    1496.22      1.477 0.0000e+00      17.00
   1750.000     4.1629   3.345244   1732.509    34.9883    27.7598  1035.7514    1496.23      1.329 0.0000e+00      18.00
   1751.000     4.1615   3.345173   1733.495    34.9885    27.7601  1035.7563    1496.24      1.137 0.0000e+00      22.00
   1752.000     4.1601   3.345098   1734.481    34.9886    27.7603  1035.7610    1496.25      0.991 0.0000e+00      25.00
   1753.000     4.1599   3.345112   1735.467    34.9885    27.7603  1035.7654    1496.27      1.312 0.0000e+00      19.00
   1754.000     4.1586   3.345047   1736.453    34.9887    27.7605  1035.7703    1496.28      1.749 0.0000e+00      14.00
   1755.000     4.1561   3.344882   1737.439    34.9889    27.7610  1035.7753    1496.28      2.069 0.0000e+00      11.00
   1756.000     4.1541   3.344771   1738.425    34.9892    27.7614  1035.7803    1496.29      2.225 0.0000e+00      10.00
   1757.000     4.1537   3.344782   1739.410    34.9892    27.7615  1035.7849    1496.31      2.206 0.0000e+00      11.00
   1758.000     4.1524   3.344704   1740.396    34.9892    27.7616  1035.7895    1496.32      2.002 0.0000e+00      11.00
   1759.000     4.1506   3.344576   1741.382    34.9891    27.7617  1035.7942    1496.33      1.607 0.0000e+00      13.00
   1760.000     4.1474   3.344373   1742.368    34.9896    27.7625  1035.7996    1496.33      1.104 0.0000e+00      24.00
   1761.000     4.1466   3.344361   1743.354    34.9899    27.7628  1035.8044    1496.35      1.202 0.0000e+00      22.00
   1762.000     4.1445   3.344241   1744.340    34.9902    27.7632  1035.8094    1496.35      1.627 0.0000e+00      14.00
   1763.000     4.1441   3.344239   1745.326    34.9900    27.7632  1035.8138    1496.37      1.818 0.0000e+00      13.00
   1764.000     4.1430   3.344179   1746.311    34.9900    27.7633  1035.8185    1496.38      1.805 0.0000e+00      12.00
   1765.000     4.1430   3.344237   1747.297    34.9902    27.7634  1035.8231    1496.40      1.594 0.0000e+00      15.00
   1766.000     4.1429   3.344266   1748.283    34.9902    27.7635  1035.8276    1496.41      1.299 0.0000e+00      21.00
   1767.000     4.1420   3.344271   1749.269    34.9907    27.7639  1035.8326    1496.43      1.397 0.0000e+00      17.00
   1768.000     4.1418   3.344306   1750.255    34.9909    27.7641  1035.8372    1496.44      1.703 0.0000e+00      14.00
   1769.000     4.1417   3.344353   1751.241    34.9910    27.7642  1035.8418    1496.46      1.768 0.0000e+00      12.00
   1770.000     4.1416   3.344395   1752.227    34.9911    27.7643  1035.8464    1496.48      1.565 0.0000e+00      16.00
   1771.000     4.1414   3.344411   1753.213    34.9911    27.7643  1035.8509    1496.49      1.223 0.0000e+00      22.00
   1772.000     4.1411   3.344432   1754.198    34.9912    27.7644  1035.8555    1496.51      1.244 0.0000e+00      20.00
   1773.000     4.1413   3.344526   1755.184    34.9916    27.7647  1035.8603    1496.53      1.547 0.0000e+00      15.00
   1774.000     4.1412   3.344556   1756.170    34.9916    27.7647  1035.8647    1496.54      1.755 0.0000e+00      14.00
   1775.000     4.1408   3.344577   1757.156    34.9918    27.7649  1035.8694    1496.56      1.911 0.0000e+00      11.00
   1776.000     4.1408   3.344665   1758.142    34.9923    27.7653  1035.8743    1496.58      2.063 0.0000e+00      12.00
   1777.000     4.1405   3.344695   1759.127    34.9924    27.7654  1035.8790    1496.59      2.146 0.0000e+00      11.00
   1778.000     4.1403   3.344727   1760.113    34.9925    27.7656  1035.8835    1496.61      2.100 0.0000e+00      10.00
   1779.000     4.1392   3.344681   1761.099    34.9927    27.7658  1035.8883    1496.62      1.861 0.0000e+00      14.00
   1780.000     4.1385   3.344706   1762.085    34.9933    27.7664  1035.8934    1496.63      1.347 0.0000e+00      19.00
   1781.000     4.1381   3.344714   1763.070    34.9933    27.7664  1035.8979    1496.65      0.712 0.0000e+00      40.00
   1782.000     4.1368   3.344634   1764.056    34.9932    27.7664  1035.9025    1496.66      1.440 0.0000e+00      15.00
   1783.000     4.1346   3.344489   1765.042    34.9933    27.7668  1035.9074    1496.67      1.828 0.0000e+00      13.00
   1784.000     4.1317   3.344263   1766.028    34.9933    27.7671  1035.9123    1496.67      1.967 0.0000e+00      12.00
   1785.000     4.1297   3.344163   1767.014    34.9937    27.7676  1035.9174    1496.68      1.948 0.0000e+00      11.00
   1786.000     4.1282   3.344057   1767.999    34.9936    27.7677  1035.9220    1496.69      1.760 0.0000e+00      14.00
   1787.000     4.1238   3.343704   1768.985    34.9936    27.7682  1035.9272    1496.69      1.399 0.0000e+00      18.00
   1788.000     4.1199   3.343408   1769.971    34.9937    27.7686  1035.9323    1496.69      1.204 0.0000e+00      22.00
   1789.000     4.1145   3.342954   1770.957    34.9936    27.7691  1035.9375    1496.69      1.583 0.0000e+00      15.00
   1790.000     4.1108   3.342693   1771.942    34.9940    27.7698  1035.9428    1496.69      1.922 0.0000e+00      12.00
   1791.000     4.1102   3.342671   1772.928    34.9939    27.7698  1035.9473    1496.70      2.081 0.0000e+00      11.00
   1792.000     4.1097   3.342678   1773.914    34.9940    27.7700  1035.9520    1496.72      2.080 0.0000e+00      12.00
   1793.000     4.1091   3.342668   1774.900    34.9940    27.7700  1035.9565    1496.73      1.958 0.0000e+00      12.00
   1794.000     4.1089   3.342695   1775.885    34.9940    27.7701  1035.9611    1496.75      1.706 0.0000e+00      14.00
   1795.000     4.1082   3.342657   1776.871    34.9939    27.7700  1035.9655    1496.76      1.391 0.0000e+00      18.00
   1796.000     4.1077   3.342669   1777.857    34.9941    27.7703  1035.9703    1496.78      1.225 0.0000e+00      19.00
   1797.000     4.1055   3.342542   1778.843    34.9944    27.7707  1035.9753    1496.78      1.369 0.0000e+00      18.00
   1798.000     4.1017   3.342231   1779.828    34.9942    27.7710  1035.9802    1496.78      1.492 0.0000e+00      14.00
   1799.000     4.0960   3.341754   1780.814    34.9942    27.7716  1035.9855    1496.78      1.412 0.0000e+00      17.00
   1800.000     4.0951   3.341721   1781.800    34.9942    27.7717  1035.9902    1496.79      1.218 0.0000e+00      21.00
   1801.000     4.0948   3.341744   1782.785    34.9944    27.7719  1035.9948    1496.80      1.241 0.0000e+00      20.00
   1802.000     4.0946   3.341768   1783.771    34.9944    27.7719  1035.9993    1496.82      1.572 0.0000e+00      14.00
   1803.000     4.0944   3.341798   1784.757    34.9944    27.7719  1036.0038    1496.84      1.862 0.0000e+00      14.00
   1804.000     4.0945   3.341821   1785.742    34.9942    27.7718  1036.0081    1496.85      2.026 0.0000e+00      11.00
   1805.000     4.0943   3.341864   1786.728    34.9943    27.7719  1036.0127    1496.87      2.051 0.0000e+00      11.00
   1806.000     4.0943   3.341907   1787.714    34.9944    27.7719  1036.0173    1496.89      1.880 0.0000e+00      12.00
   1807.000     4.0942   3.341928   1788.699    34.9943    27.7718  1036.0217    1496.90      1.465 0.0000e+00      16.00
   1808.000     4.0933   3.341891   1789.685    34.9943    27.7719  1036.0263    1496.92      0.996 0.0000e+00      31.00
   1809.000     4.0877   3.341398   1790.671    34.9940    27.7723  1036.0313    1496.91      1.500 0.0000e+00      15.00
   1810.000     4.0819   3.340997   1791.656    34.9948    27.7736  1036.0374    1496.90      1.988 0.0000e+00      12.00
   1811.000     4.0817   3.341024   1792.642    34.9949    27.7736  1036.0420    1496.92      2.216 0.0000e+00      10.00
   1812.000     4.0816   3.341047   1793.628    34.9948    27.7736  1036.0464    1496.94      2.239 0.0000e+00      10.00
   1813.000     4.0812   3.341040   1794.613    34.9946    27.7735  1036.0507    1496.95      2.104 0.0000e+00      12.00
   1814.000     4.0811   3.341086   1795.599    34.9948    27.7736  1036.0554    1496.97      1.808 0.0000e+00      12.00
   1815.000     4.0810   3.341110   1796.584    34.9948    27.7736  1036.0599    1496.98      1.320 0.0000e+00      18.00
   1816.000     4.0809   3.341131   1797.570    34.9946    27.7735  1036.0643    1497.00      0.844 0.0000e+00      31.00
   1817.000     4.0807   3.341163   1798.556    34.9947    27.7736  1036.0688    1497.02      1.167 0.0000e+00      19.00
   1818.000     4.0804   3.341206   1799.541    34.9951    27.7740  1036.0736    1497.03      1.371 0.0000e+00      19.00
   1819.000     4.0797   3.341213   1800.527    34.9953    27.7742  1036.0784    1497.05      1.526 0.0000e+00      15.00
   1820.000     4.0788   3.341179   1801.513    34.9955    27.7744  1036.0831    1497.06      1.752 0.0000e+00      14.00
   1821.000     4.0771   3.341114   1802.498    34.9959    27.7750  1036.0882    1497.07      1.992 0.0000e+00      13.00
   1822.000     4.0761   3.341076   1803.484    34.9961    27.7752  1036.0930    1497.08      2.155 0.0000e+00      10.00
   1823.000     4.0757   3.341082   1804.469    34.9961    27.7753  1036.0975    1497.10      2.190 0.0000e+00      11.00
   1824.000     4.0754   3.341064   1805.455    34.9957    27.7750  1036.1018    1497.11      2.074 0.0000e+00      11.00
   1825.000     4.0729   3.340869   1806.441    34.9956    27.7752  1036.1065    1497.12      1.792 0.0000e+00      13.00
   1826.000     4.0696   3.340639   1807.426    34.9959    27.7757  1036.1117    1497.12      1.336 0.0000e+00      19.00
   1827.000     4.0684   3.340580   1808.412    34.9960    27.7759  1036.1164    1497.13      1.070 0.0000e+00      25.00
   1828.000     4.0675   3.340535   1809.397    34.9960    27.7760  1036.1210    1497.15      1.334 0.0000e+00      17.00
   1829.000     4.0669   3.340525   1810.383    34.9959    27.7760  1036.1255    1497.16      1.459 0.0000e+00      16.00
   1830.000     4.0664   3.340503   1811.369    34.9958    27.7760  1036.1300    1497.18      1.489 0.0000e+00      16.00
   1831.000     4.0659   3.340501   1812.354    34.9958    27.7761  1036.1346    1497.19      1.572 0.0000e+00      15.00
   1832.000     4.0656   3.340512   1813.340    34.9958    27.7761  1036.1391    1497.21      1.618 0.0000e+00      15.00
   1833.000     4.0651   3.340514   1814.325    34.9959    27.7762  1036.1437    1497.22      1.531 0.0000e+00      15.00
   1834.000     4.0649   3.340540   1815.311    34.9959    27.7762  1036.1482    1497.24      1.343 0.0000e+00      19.00
   1835.000     4.0649   3.340580   1816.296    34.9959    27.7762  1036.1527    1497.25      1.351 0.0000e+00      20.00
   1836.000     4.0645   3.340580   1817.282    34.9958    27.7762  1036.1572    1497.27      1.594 0.0000e+00      13.00
   1837.000     4.0633   3.340552   1818.267    34.9962    27.7767  1036.1621    1497.28      1.787 0.0000e+00      13.00
