dados/ctd/rad1_doei001.cnv
* Sea-Bird SBE 9 Raw Data File:
* FileName = C:\OceanoEI\OEI001.dat
* Software Version Seasave Win32 v1.10
* Temperature SN = 2326
* Conductivity SN = 2149
* Number of Bytes Per Scan = 12
* Number of Voltage Words = 0
* System UpLoad Time = Nov 02 2001 00:10:52
** H-40 
** Navio Oceanografico ANTARES 
** 173a Comissao Oceanografica 
** OCEANO LESTE I 
** Estacao: OEI001
** Latitude: 15 26.4 S
** Longitude: 037 48.3 W
** Data-Hora (DDHHMMZ/MMM/AA): 020009Z/NOV/01
** Profundidade Local (m): 3500
** N/S do CTD: 11282 
** Operador: CT BARREIRA
# nquan = 10
# nvalues = 2535                        
# units = specified
# name 0 = prDM: Pressure, Digiquartz [db]
# name 1 = t068C: Temperature [ITS-68, deg C]
# name 2 = c0S/m: Conductivity [S/m]
# name 3 = depSM: Depth [salt water, m], lat = -15
# name 4 = sal00: Salinity [PSU]
# name 5 = sigma-t00: Density [sigma-t, Kg/m^3 ]
# name 6 = density00: Density [density, Kg/m^3]
# name 7 = svCM: Sound Velocity [Chen-Millero, m/s]
# name 8 = dz/dtM: Descent Rate [m/s], WS = 2
# name 9 = flag: flag
# span 0 =      1.000,   2535.000       
# span 1 =     3.2497,    26.3348       
# span 2 =   3.237642,   5.740412       
# span 3 =      0.994,   2505.059       
# span 4 =    34.3951,    37.2759       
# span 5 =    24.5406,    27.8401       
# span 6 =  1024.5465,  1039.3762       
# span 7 =    1480.07,    1540.19       
# span 8 =     -0.152,      2.886       
# span 9 = 0.0000e+00, 0.0000e+00       
# interval = decibars: 1                
# start_time = Nov 02 2001 00:10:52
# bad_flag = -9.990e-29
*END*
[from data line 1874]
   1875.000     3.9681   3.334208   1855.714    35.0036    27.7925  1036.3522    1497.53      1.741 0.0000e+00
   1876.000     3.9681   3.334249   1856.699    35.0037    27.7926  1036.3567    1497.55      1.940 0.0000e+00
   1877.000     3.9680   3.334288   1857.685    35.0037    27.7926  1036.3612    1497.57      1.938 0.0000e+00
   1878.000     3.9676   3.334298   1858.670    35.0038    27.7927  1036.3658    1497.58      1.782 0.0000e+00
   1879.000     3.9679   3.334345   1859.655    35.0036    27.7926  1036.3701    1497.60      1.625 0.0000e+00
   1880.000     3.9677   3.334355   1860.641    35.0034    27.7925  1036.3745    1497.61      1.647 0.0000e+00
   1881.000     3.9664   3.334304   1861.626    35.0037    27.7928  1036.3793    1497.62      1.754 0.0000e+00
   1882.000     3.9655   3.334231   1862.611    35.0033    27.7926  1036.3837    1497.64      1.646 0.0000e+00
   1883.000     3.9635   3.334073   1863.597    35.0030    27.7926  1036.3882    1497.64      1.113 0.0000e+00
   1884.000     3.9610   3.333876   1864.582    35.0029    27.7927  1036.3930    1497.65      1.156 0.0000e+00
   1885.000     3.9569   3.333516   1865.567    35.0025    27.7929  1036.3978    1497.65      1.640 0.0000e+00
   1886.000     3.9540   3.333280   1866.553    35.0023    27.7930  1036.4025    1497.66      1.743 0.0000e+00
   1887.000     3.9526   3.333218   1867.538    35.0026    27.7934  1036.4074    1497.66      1.710 0.0000e+00
   1888.000     3.9522   3.333224   1868.523    35.0026    27.7934  1036.4120    1497.68      1.614 0.0000e+00
   1889.000     3.9520   3.333241   1869.509    35.0026    27.7934  1036.4164    1497.70      1.331 0.0000e+00
   1890.000     3.9507   3.333154   1870.494    35.0024    27.7934  1036.4209    1497.71      1.039 0.0000e+00
   1891.000     3.9488   3.333034   1871.479    35.0026    27.7938  1036.4259    1497.72      1.084 0.0000e+00
   1892.000     3.9481   3.333043   1872.464    35.0029    27.7940  1036.4306    1497.73      1.316 0.0000e+00
   1893.000     3.9480   3.333090   1873.450    35.0031    27.7942  1036.4353    1497.75      1.584 0.0000e+00
   1894.000     3.9481   3.333167   1874.435    35.0034    27.7945  1036.4400    1497.77      1.768 0.0000e+00
   1895.000     3.9480   3.333205   1875.420    35.0034    27.7945  1036.4445    1497.78      1.740 0.0000e+00
   1896.000     3.9463   3.333053   1876.405    35.0030    27.7944  1036.4489    1497.79      1.465 0.0000e+00
   1897.000     3.9428   3.332790   1877.391    35.0031    27.7947  1036.4540    1497.79      1.216 0.0000e+00
   1898.000     3.9417   3.332740   1878.376    35.0032    27.7949  1036.4586    1497.81      1.455 0.0000e+00
   1899.000     3.9397   3.332596   1879.361    35.0031    27.7951  1036.4634    1497.81      1.712 0.0000e+00
   1900.000     3.9373   3.332357   1880.346    35.0023    27.7948  1036.4677    1497.82      1.624 0.0000e+00
   1901.000     3.9347   3.332151   1881.332    35.0022    27.7949  1036.4724    1497.83      1.218 0.0000e+00
   1902.000     3.9321   3.331958   1882.317    35.0022    27.7951  1036.4772    1497.83      1.033 0.0000e+00
   1903.000     3.9300   3.331796   1883.302    35.0020    27.7953  1036.4819    1497.84      1.713 0.0000e+00
   1904.000     3.9276   3.331553   1884.287    35.0012    27.7949  1036.4861    1497.84      1.985 0.0000e+00
   1905.000     3.9250   3.331409   1885.273    35.0017    27.7956  1036.4914    1497.85      1.773 0.0000e+00
   1906.000     3.9212   3.331031   1886.258    35.0008    27.7952  1036.4957    1497.85      1.093 0.0000e+00
   1907.000     3.9125   3.330195   1887.243    34.9997    27.7952  1036.5006    1497.83      1.281 0.0000e+00
   1908.000     3.9080   3.329892   1888.228    35.0004    27.7963  1036.5063    1497.83      1.678 0.0000e+00
   1909.000     3.9050   3.329614   1889.213    34.9998    27.7961  1036.5107    1497.83      1.572 0.0000e+00
   1910.000     3.9021   3.329352   1890.199    34.9993    27.7960  1036.5152    1497.84      1.318 0.0000e+00
   1911.000     3.8999   3.329198   1891.184    34.9992    27.7962  1036.5200    1497.85      1.190 0.0000e+00
   1912.000     3.8974   3.328984   1892.169    34.9989    27.7962  1036.5246    1497.85      1.249 0.0000e+00
   1913.000     3.8961   3.328919   1893.154    34.9990    27.7964  1036.5294    1497.86      1.347 0.0000e+00
   1914.000     3.8990   3.329302   1894.139    35.0000    27.7969  1036.5342    1497.90      1.484 0.0000e+00
   1915.000     3.9006   3.329557   1895.125    35.0008    27.7974  1036.5391    1497.92      1.719 0.0000e+00
   1916.000     3.9006   3.329603   1896.110    35.0009    27.7974  1036.5436    1497.93      1.949 0.0000e+00
   1917.000     3.8994   3.329543   1897.095    35.0010    27.7976  1036.5483    1497.95      2.128 0.0000e+00
   1918.000     3.8991   3.329565   1898.080    35.0012    27.7978  1036.5529    1497.96      2.157 0.0000e+00
   1919.000     3.8982   3.329526   1899.065    35.0011    27.7979  1036.5575    1497.98      2.027 0.0000e+00
   1920.000     3.8993   3.329699   1900.050    35.0015    27.7981  1036.5621    1498.00      1.624 0.0000e+00
   1921.000     3.8989   3.329660   1901.035    35.0010    27.7977  1036.5662    1498.01      0.971 0.0000e+00
   1922.000     3.8986   3.329701   1902.021    35.0013    27.7979  1036.5710    1498.03      1.620 0.0000e+00
   1923.000     3.8987   3.329736   1903.006    35.0012    27.7979  1036.5754    1498.04      1.789 0.0000e+00
   1924.000     3.8988   3.329802   1903.991    35.0014    27.7980  1036.5800    1498.06      1.691 0.0000e+00
   1925.000     3.8992   3.329882   1904.976    35.0014    27.7980  1036.5844    1498.08      1.368 0.0000e+00
   1926.000     3.8996   3.329964   1905.961    35.0015    27.7980  1036.5889    1498.10      1.057 0.0000e+00
   1927.000     3.8994   3.329994   1906.946    35.0015    27.7980  1036.5934    1498.11      1.428 0.0000e+00
   1928.000     3.8994   3.330047   1907.931    35.0017    27.7982  1036.5981    1498.13      1.734 0.0000e+00
   1929.000     3.8992   3.330058   1908.916    35.0016    27.7981  1036.6024    1498.15      1.796 0.0000e+00
   1930.000     3.8988   3.330057   1909.902    35.0015    27.7981  1036.6069    1498.16      1.684 0.0000e+00
   1931.000     3.8954   3.329718   1910.887    35.0006    27.7978  1036.6112    1498.16      1.539 0.0000e+00
   1932.000     3.8826   3.328404   1911.872    34.9981    27.7971  1036.6156    1498.12      1.599 0.0000e+00
   1933.000     3.8694   3.327334   1912.857    34.9989    27.7991  1036.6227    1498.08      1.646 0.0000e+00
   1934.000     3.8689   3.327399   1913.842    34.9998    27.7999  1036.6280    1498.10      1.384 0.0000e+00
   1935.000     3.8678   3.327310   1914.827    34.9994    27.7997  1036.6323    1498.11      0.897 0.0000e+00
   1936.000     3.8668   3.327241   1915.812    34.9992    27.7996  1036.6367    1498.13      1.794 0.0000e+00
   1937.000     3.8633   3.326855   1916.797    34.9978    27.7989  1036.6406    1498.13      2.226 0.0000e+00
   1938.000     3.8588   3.326596   1917.782    34.9990    27.8002  1036.6467    1498.13      2.314 0.0000e+00
   1939.000     3.8577   3.326459   1918.767    34.9982    27.7997  1036.6507    1498.14      2.111 0.0000e+00
   1940.000     3.8553   3.326239   1919.752    34.9976    27.7995  1036.6551    1498.14      1.659 0.0000e+00
   1941.000     3.8533   3.326119   1920.738    34.9978    27.7998  1036.6600    1498.15      0.717 0.0000e+00
   1942.000     3.8532   3.326150   1921.723    34.9978    27.7999  1036.6645    1498.17      1.475 0.0000e+00
   1943.000     3.8536   3.326248   1922.708    34.9981    27.8000  1036.6691    1498.19      1.794 0.0000e+00
   1944.000     3.8550   3.326452   1923.693    34.9985    27.8003  1036.6737    1498.21      1.773 0.0000e+00
   1945.000     3.8557   3.326561   1924.678    34.9985    27.8002  1036.6781    1498.23      1.623 0.0000e+00
   1946.000     3.8569   3.326717   1925.662    34.9987    27.8002  1036.6825    1498.25      1.318 0.0000e+00
   1947.000     3.8578   3.326825   1926.648    34.9986    27.8000  1036.6867    1498.27      0.976 0.0000e+00
   1948.000     3.8582   3.326931   1927.633    34.9988    27.8002  1036.6914    1498.29      1.287 0.0000e+00
   1949.000     3.8582   3.326956   1928.618    34.9987    27.8001  1036.6957    1498.31      1.740 0.0000e+00
   1950.000     3.8547   3.326570   1929.603    34.9974    27.7993  1036.6997    1498.31      1.987 0.0000e+00
   1951.000     3.8487   3.326017   1930.588    34.9967    27.7994  1036.7045    1498.30      1.986 0.0000e+00
   1952.000     3.8440   3.325613   1931.573    34.9964    27.7997  1036.7095    1498.30      1.828 0.0000e+00
   1953.000     3.8360   3.324844   1932.558    34.9952    27.7996  1036.7143    1498.28      1.332 0.0000e+00
   1954.000     3.8239   3.323635   1933.543    34.9933    27.7993  1036.7191    1498.24      0.998 0.0000e+00
   1955.000     3.8208   3.323424   1934.528    34.9937    27.7999  1036.7242    1498.24      1.470 0.0000e+00
   1956.000     3.8244   3.323869   1935.513    34.9946    27.8002  1036.7289    1498.28      1.655 0.0000e+00
   1957.000     3.8321   3.324724   1936.498    34.9962    27.8007  1036.7334    1498.33      1.595 0.0000e+00
   1958.000     3.8353   3.325169   1937.483    34.9975    27.8014  1036.7384    1498.36      1.552 0.0000e+00
   1959.000     3.8409   3.325780   1938.468    34.9983    27.8015  1036.7427    1498.40      1.679 0.0000e+00
   1960.000     3.8434   3.326094   1939.453    34.9989    27.8017  1036.7473    1498.43      1.849 0.0000e+00
   1961.000     3.8429   3.326093   1940.438    34.9990    27.8018  1036.7519    1498.45      1.939 0.0000e+00
   1962.000     3.8419   3.326036   1941.423    34.9988    27.8019  1036.7564    1498.46      1.873 0.0000e+00
   1963.000     3.8409   3.325982   1942.408    34.9987    27.8019  1036.7609    1498.47      1.575 0.0000e+00
   1964.000     3.8392   3.325814   1943.392    34.9981    27.8016  1036.7652    1498.48      0.871 0.0000e+00
   1965.000     3.8367   3.325647   1944.377    34.9982    27.8019  1036.7701    1498.49      1.413 0.0000e+00
   1966.000     3.8349   3.325508   1945.362    34.9980    27.8019  1036.7747    1498.49      2.053 0.0000e+00
   1967.000     3.8321   3.325286   1946.347    34.9979    27.8021  1036.7795    1498.50      2.214 0.0000e+00
   1968.000     3.8341   3.325566   1947.332    34.9987    27.8025  1036.7843    1498.53      2.058 0.0000e+00
   1969.000     3.8291   3.325036   1948.317    34.9972    27.8019  1036.7884    1498.52      1.630 0.0000e+00
   1970.000     3.8213   3.324246   1949.302    34.9956    27.8014  1036.7927    1498.50      0.768 0.0000e+00
   1971.000     3.8117   3.323381   1950.287    34.9950    27.8020  1036.7982    1498.48      0.902 0.0000e+00
   1972.000     3.8077   3.323004   1951.272    34.9943    27.8018  1036.8027    1498.48      1.321 0.0000e+00
   1973.000     3.8029   3.322555   1952.257    34.9937    27.8017  1036.8074    1498.47      1.543 0.0000e+00
   1974.000     3.7992   3.322241   1953.242    34.9933    27.8019  1036.8121    1498.47      1.589 0.0000e+00
   1975.000     3.7955   3.321904   1954.227    34.9928    27.8018  1036.8168    1498.47      1.518 0.0000e+00
   1976.000     3.7919   3.321585   1955.211    34.9923    27.8018  1036.8214    1498.47      1.550 0.0000e+00
   1977.000     3.7866   3.321070   1956.196    34.9914    27.8016  1036.8259    1498.47      1.767 0.0000e+00
   1978.000     3.7843   3.320928   1957.181    34.9917    27.8020  1036.8309    1498.48      1.914 0.0000e+00
   1979.000     3.7839   3.320936   1958.166    34.9917    27.8022  1036.8355    1498.49      1.874 0.0000e+00
   1980.000     3.7880   3.321461   1959.151    34.9931    27.8028  1036.8405    1498.53      1.613 0.0000e+00
   1981.000     3.7938   3.322054   1960.136    34.9935    27.8026  1036.8443    1498.57      1.257 0.0000e+00
   1982.000     3.7914   3.321936   1961.121    34.9942    27.8033  1036.8497    1498.58      1.319 0.0000e+00
   1983.000     3.7901   3.321857   1962.106    34.9941    27.8034  1036.8543    1498.59      1.297 0.0000e+00
   1984.000     3.7888   3.321770   1963.091    34.9940    27.8035  1036.8589    1498.60      0.783 0.0000e+00
   1985.000     3.7886   3.321832   1964.075    34.9945    27.8039  1036.8638    1498.61      1.263 0.0000e+00
   1986.000     3.7920   3.322289   1965.060    34.9957    27.8045  1036.8687    1498.65      1.567 0.0000e+00
   1987.000     3.7970   3.322802   1966.045    34.9961    27.8043  1036.8727    1498.69      1.509 0.0000e+00
   1988.000     3.8051   3.323745   1967.030    34.9982    27.8051  1036.8776    1498.74      1.294 0.0000e+00
   1989.000     3.8107   3.324364   1968.015    34.9992    27.8054  1036.8820    1498.78      1.404 0.0000e+00
   1990.000     3.8074   3.324092   1968.999    34.9989    27.8054  1036.8867    1498.78      1.718 0.0000e+00
   1991.000     3.8063   3.324025   1969.984    34.9988    27.8055  1036.8913    1498.80      1.852 0.0000e+00
   1992.000     3.8033   3.323732   1970.969    34.9981    27.8053  1036.8957    1498.80      1.718 0.0000e+00
   1993.000     3.7969   3.323139   1971.954    34.9973    27.8053  1036.9005    1498.79      1.116 0.0000e+00
   1994.000     3.7860   3.322079   1972.939    34.9958    27.8052  1036.9055    1498.76      0.788 0.0000e+00
   1995.000     3.7806   3.321548   1973.924    34.9948    27.8049  1036.9099    1498.75      1.667 0.0000e+00
   1996.000     3.7677   3.320331   1974.908    34.9935    27.8052  1036.9153    1498.71      1.953 0.0000e+00
   1997.000     3.7610   3.319740   1975.893    34.9931    27.8056  1036.9205    1498.70      2.052 0.0000e+00
   1998.000     3.7573   3.319387   1976.878    34.9924    27.8054  1036.9250    1498.70      2.005 0.0000e+00
   1999.000     3.7499   3.318684   1977.863    34.9914    27.8053  1036.9297    1498.68      1.730 0.0000e+00
   2000.000     3.7476   3.318472   1978.847    34.9909    27.8052  1036.9342    1498.69      1.254 0.0000e+00
   2001.000     3.7417   3.317912   1979.832    34.9901    27.8052  1036.9388    1498.68      0.736 0.0000e+00
   2002.000     3.7380   3.317588   1980.817    34.9896    27.8052  1036.9436    1498.68      0.995 0.0000e+00
   2003.000     3.7380   3.317619   1981.802    34.9896    27.8051  1036.9479    1498.70      1.276 0.0000e+00
   2004.000     3.7374   3.317613   1982.787    34.9897    27.8052  1036.9526    1498.71      1.578 0.0000e+00
   2005.000     3.7376   3.317660   1983.772    34.9895    27.8051  1036.9569    1498.73      1.803 0.0000e+00
   2006.000     3.7375   3.317664   1984.756    34.9891    27.8048  1036.9611    1498.75      1.885 0.0000e+00
   2007.000     3.7343   3.317333   1985.741    34.9882    27.8044  1036.9653    1498.75      1.872 0.0000e+00
   2008.000     3.7311   3.317123   1986.726    34.9885    27.8050  1036.9705    1498.75      1.699 0.0000e+00
   2009.000     3.7314   3.317245   1987.710    34.9892    27.8055  1036.9755    1498.77      1.397 0.0000e+00
   2010.000     3.7330   3.317452   1988.695    34.9895    27.8056  1036.9799    1498.79      0.987 0.0000e+00
   2011.000     3.7355   3.317784   1989.680    34.9903    27.8059  1036.9846    1498.82      1.111 0.0000e+00
   2012.000     3.7360   3.317863   1990.665    34.9902    27.8058  1036.9890    1498.84      1.332 0.0000e+00
   2013.000     3.7366   3.317984   1991.649    34.9906    27.8061  1036.9936    1498.86      1.291 0.0000e+00
   2014.000     3.7371   3.318085   1992.634    34.9908    27.8062  1036.9982    1498.88      1.123 0.0000e+00
   2015.000     3.7373   3.318170   1993.619    34.9910    27.8064  1037.0028    1498.90      1.073 0.0000e+00
   2016.000     3.7372   3.318187   1994.604    34.9909    27.8062  1037.0072    1498.92      1.333 0.0000e+00
   2017.000     3.7368   3.318184   1995.588    34.9908    27.8062  1037.0116    1498.93      1.631 0.0000e+00
   2018.000     3.7366   3.318220   1996.573    34.9909    27.8063  1037.0162    1498.95      1.816 0.0000e+00
