dados/ctd/rad1_doei001.cnv
* Sea-Bird SBE 9 Raw Data File:
* FileName = C:\OceanoEI\OEI001.dat
* Software Version Seasave Win32 v1.10
* Temperature SN = 2326
* Conductivity SN = 2149
* Number of Bytes Per Scan = 12
* Number of Voltage Words = 0
* System UpLoad Time = Nov 02 2001 00:10:52
** H-40 
** Navio Oceanografico ANTARES 
** 173a Comissao Oceanografica 
** OCEANO LESTE I 
** Estacao: OEI001
** Latitude: 15 26.4 S
** Longitude: 037 48.3 W
** Data-Hora (DDHHMMZ/MMM/AA): 020009Z/NOV/01
** Profundidade Local (m): 3500
** N/S do CTD: 11282 
** Operador: CT BARREIRA
# nquan = 10
# nvalues = 2535                        
# units = specified
# name 0 = prDM: Pressure, Digiquartz [db]
# name 1 = t068C: Temperature [ITS-68, deg C]
# name 2 = c0S/m: Conductivity [S/m]
# name 3 = depSM: Depth [salt water, m], lat = -15
# name 4 = sal00: Salinity [PSU]
# name 5 = sigma-t00: Density [sigma-t, Kg/m^3 ]
# name 6 = density00: Density [density, Kg/m^3]
# name 7 = svCM: Sound Velocity [Chen-Millero, m/s]
# name 8 = dz/dtM: Descent Rate [m/s], WS = 2
# name 9 = flag: flag
# span 0 =      1.000,   2535.000       
# span 1 =     3.2497,    26.3348       
# span 2 =   3.237642,   5.740412       
# span 3 =      0.994,   2505.059       
# span 4 =    34.3951,    37.2759       
# span 5 =    24.5406,    27.8401       
# span 6 =  1024.5465,  1039.3762       
# span 7 =    1480.07,    1540.19       
# span 8 =     -0.152,      2.886       
# span 9 = 0.0000e+00, 0.0000e+00       
# interval = decibars: 1                
# start_time = Nov 02 2001 00:10:52
# bad_flag = -9.990e-29
*END*
[from data line 2307]
   2308.000     3.4745   3.306240   2281.946    34.9890    27.8310  1038.3468    1502.73      0.894 0.0000e+00
   2309.000     3.4738   3.306228   2282.929    34.9890    27.8311  1038.3514    1502.74      1.601 0.0000e+00
   2310.000     3.4733   3.306244   2283.913    34.9893    27.8314  1038.3561    1502.75      1.983 0.0000e+00
   2311.000     3.4733   3.306260   2284.896    34.9890    27.8312  1038.3604    1502.77      1.979 0.0000e+00
   2312.000     3.4735   3.306307   2285.879    34.9890    27.8311  1038.3648    1502.79      1.752 0.0000e+00
   2313.000     3.4734   3.306317   2286.863    34.9887    27.8309  1038.3690    1502.80      1.135 0.0000e+00
   2314.000     3.4734   3.306383   2287.846    34.9890    27.8312  1038.3737    1502.82      1.179 0.0000e+00
   2315.000     3.4734   3.306459   2288.829    34.9894    27.8315  1038.3784    1502.84      1.958 0.0000e+00
   2316.000     3.4727   3.306407   2289.813    34.9891    27.8313  1038.3827    1502.85      2.271 0.0000e+00
   2317.000     3.4714   3.306308   2290.796    34.9888    27.8312  1038.3872    1502.86      2.270 0.0000e+00
   2318.000     3.4702   3.306257   2291.780    34.9890    27.8315  1038.3919    1502.88      1.972 0.0000e+00
   2319.000     3.4694   3.306190   2292.763    34.9886    27.8312  1038.3962    1502.89      1.384 0.0000e+00
   2320.000     3.4688   3.306185   2293.746    34.9887    27.8314  1038.4009    1502.90      0.958 0.0000e+00
   2321.000     3.4683   3.306185   2294.730    34.9888    27.8315  1038.4054    1502.92      1.563 0.0000e+00
   2322.000     3.4680   3.306216   2295.713    34.9890    27.8317  1038.4100    1502.93      1.805 0.0000e+00
   2323.000     3.4677   3.306209   2296.696    34.9888    27.8315  1038.4143    1502.95      1.661 0.0000e+00
   2324.000     3.4670   3.306189   2297.679    34.9887    27.8316  1038.4189    1502.96      1.065 0.0000e+00
   2325.000     3.4670   3.306225   2298.663    34.9888    27.8316  1038.4234    1502.98      0.854 0.0000e+00
   2326.000     3.4667   3.306255   2299.646    34.9890    27.8318  1038.4280    1502.99      1.554 0.0000e+00
   2327.000     3.4661   3.306230   2300.629    34.9888    27.8317  1038.4324    1503.01      1.829 0.0000e+00
   2328.000     3.4641   3.306082   2301.613    34.9887    27.8318  1038.4371    1503.02      1.947 0.0000e+00
   2329.000     3.4613   3.305860   2302.596    34.9886    27.8320  1038.4419    1503.02      1.991 0.0000e+00
   2330.000     3.4603   3.305828   2303.579    34.9888    27.8323  1038.4466    1503.03      1.960 0.0000e+00
   2331.000     3.4604   3.305890   2304.563    34.9889    27.8324  1038.4512    1503.05      1.796 0.0000e+00
   2332.000     3.4602   3.305906   2305.546    34.9888    27.8323  1038.4556    1503.07      1.433 0.0000e+00
   2333.000     3.4593   3.305868   2306.529    34.9889    27.8325  1038.4602    1503.08      0.838 0.0000e+00
   2334.000     3.4585   3.305808   2307.513    34.9886    27.8323  1038.4645    1503.09      1.390 0.0000e+00
   2335.000     3.4576   3.305793   2308.496    34.9888    27.8326  1038.4693    1503.11      1.859 0.0000e+00
   2336.000     3.4571   3.305773   2309.479    34.9887    27.8325  1038.4737    1503.12      2.011 0.0000e+00
   2337.000     3.4566   3.305765   2310.462    34.9886    27.8326  1038.4782    1503.14      1.833 0.0000e+00
   2338.000     3.4560   3.305756   2311.445    34.9887    27.8326  1038.4828    1503.15      1.487 0.0000e+00
   2339.000     3.4555   3.305714   2312.429    34.9883    27.8324  1038.4870    1503.16      0.701 0.0000e+00
   2340.000     3.4547   3.305716   2313.412    34.9888    27.8328  1038.4919    1503.18      1.457 0.0000e+00
   2341.000     3.4529   3.305579   2314.395    34.9885    27.8328  1038.4964    1503.19      1.925 0.0000e+00
   2342.000     3.4523   3.305549   2315.378    34.9883    27.8326  1038.5007    1503.20      1.959 0.0000e+00
   2343.000     3.4472   3.305008   2316.362    34.9868    27.8320  1038.5048    1503.20      1.690 0.0000e+00
   2344.000 -9.990e-29 -9.990e-29 -9.990e-29 -9.990e-29 -9.990e-29 -9.990e-29 -9.990e-29 -9.990e-29 -9.990e-29
   2345.000     3.4391   3.304290   2318.254    34.9860    27.8321  1038.5141    1503.19      0.807 0.0000e+00
   2346.000     3.4387   3.304301   2319.311    34.9860    27.8322  1038.5189    1503.21      1.370 0.0000e+00
   2347.000     3.4356   3.304023   2320.294    34.9855    27.8321  1038.5234    1503.21      1.677 0.0000e+00
   2348.000     3.4352   3.304043   2321.278    34.9857    27.8323  1038.5281    1503.23      1.919 0.0000e+00
   2349.000     3.4331   3.303859   2322.261    34.9853    27.8322  1038.5325    1503.24      2.064 0.0000e+00
   2350.000     3.4318   3.303786   2323.244    34.9853    27.8324  1038.5372    1503.25      2.082 0.0000e+00
   2351.000     3.4303   3.303628   2324.227    34.9845    27.8318  1038.5412    1503.26      1.877 0.0000e+00
   2352.000     3.4280   3.303433   2325.211    34.9842    27.8318  1038.5458    1503.27      1.343 0.0000e+00
   2353.000     3.4209   3.302792   2326.194    34.9836    27.8320  1038.5508    1503.25      0.995 0.0000e+00
   2354.000     3.4189   3.302637   2327.177    34.9835    27.8321  1038.5555    1503.26      1.455 0.0000e+00
   2355.000     3.4179   3.302569   2328.160    34.9832    27.8320  1038.5599    1503.27      1.688 0.0000e+00
   2356.000     3.4172   3.302529   2329.143    34.9830    27.8320  1038.5644    1503.28      1.501 0.0000e+00
   2357.000     3.4168   3.302522   2330.126    34.9829    27.8319  1038.5688    1503.30      0.967 0.0000e+00
   2358.000     3.4157   3.302457   2331.110    34.9828    27.8319  1038.5732    1503.31      0.876 0.0000e+00
   2359.000     3.4174   3.302727   2332.093    34.9837    27.8324  1038.5782    1503.34      1.550 0.0000e+00
   2360.000     3.4189   3.303009   2333.076    34.9850    27.8334  1038.5834    1503.36      1.880 0.0000e+00
   2361.000     3.4203   3.303162   2334.059    34.9849    27.8331  1038.5875    1503.39      1.847 0.0000e+00
   2362.000     3.4208   3.303248   2335.042    34.9849    27.8331  1038.5919    1503.40      1.606 0.0000e+00
   2363.000     3.4232   3.303538   2336.025    34.9854    27.8332  1038.5964    1503.43      0.955 0.0000e+00
   2364.000     3.4237   3.303620   2337.008    34.9854    27.8332  1038.6007    1503.45      1.056 0.0000e+00
   2365.000     3.4236   3.303662   2337.992    34.9856    27.8333  1038.6053    1503.47      1.697 0.0000e+00
   2366.000     3.4236   3.303720   2338.975    34.9857    27.8334  1038.6098    1503.49      1.977 0.0000e+00
   2367.000     3.4237   3.303761   2339.958    34.9856    27.8333  1038.6142    1503.50      2.106 0.0000e+00
   2368.000     3.4233   3.303770   2340.941    34.9857    27.8335  1038.6187    1503.51      2.131 0.0000e+00
   2369.000     3.4144   3.302759   2341.924    34.9826    27.8318  1038.6222    1503.49      2.039 0.0000e+00
   2370.000     3.4073   3.302197   2342.907    34.9830    27.8329  1038.6280    1503.48      1.866 0.0000e+00
   2371.000     3.4042   3.301985   2343.890    34.9833    27.8334  1038.6332    1503.48      1.592 0.0000e+00
   2372.000     3.4025   3.301778   2344.874    34.9822    27.8327  1038.6370    1503.49      1.079 0.0000e+00
   2373.000     3.3959   3.301164   2345.856    34.9814    27.8327  1038.6418    1503.48      0.936 0.0000e+00
   2374.000     3.3925   3.300913   2346.840    34.9815    27.8331  1038.6469    1503.48      1.711 0.0000e+00
   2375.000     3.3896   3.300623   2347.823    34.9807    27.8328  1038.6512    1503.48      2.034 0.0000e+00
   2376.000     3.3882   3.300546   2348.806    34.9808    27.8329  1038.6559    1503.49      2.050 0.0000e+00
   2377.000     3.3885   3.300621   2349.789    34.9809    27.8330  1038.6604    1503.51      1.922 0.0000e+00
   2378.000     3.3843   3.300213   2350.772    34.9800    27.8327  1038.6647    1503.51      1.620 0.0000e+00
   2379.000     3.3831   3.300139   2351.755    34.9800    27.8328  1038.6694    1503.52      1.319 0.0000e+00
   2380.000     3.3831   3.300168   2352.738    34.9798    27.8326  1038.6737    1503.54      1.242 0.0000e+00
   2381.000     3.3830   3.300195   2353.721    34.9798    27.8327  1038.6781    1503.56      1.157 0.0000e+00
   2382.000     3.3843   3.300388   2354.704    34.9802    27.8329  1038.6827    1503.58      0.954 0.0000e+00
   2383.000     3.3849   3.300490   2355.687    34.9803    27.8329  1038.6871    1503.60      1.172 0.0000e+00
   2384.000     3.3850   3.300544   2356.670    34.9804    27.8330  1038.6916    1503.62      1.578 0.0000e+00
   2385.000     3.3847   3.300561   2357.654    34.9804    27.8330  1038.6961    1503.63      1.705 0.0000e+00
   2386.000     3.3787   3.299856   2358.636    34.9780    27.8317  1038.6996    1503.62      1.500 0.0000e+00
   2387.000     3.3725   3.299378   2359.619    34.9783    27.8325  1038.7052    1503.61      1.077 0.0000e+00
   2388.000     3.3722   3.299383   2360.603    34.9782    27.8325  1038.7097    1503.63      0.926 0.0000e+00
   2389.000     3.3708   3.299264   2361.585    34.9779    27.8323  1038.7140    1503.64      1.341 0.0000e+00
   2390.000     3.3696   3.299185   2362.569    34.9777    27.8324  1038.7186    1503.65      1.699 0.0000e+00
   2391.000     3.3689   3.299166   2363.552    34.9778    27.8324  1038.7231    1503.67      1.841 0.0000e+00
   2392.000     3.3690   3.299204   2364.535    34.9777    27.8323  1038.7275    1503.68      1.756 0.0000e+00
   2393.000     3.3677   3.299096   2365.517    34.9772    27.8321  1038.7318    1503.69      1.364 0.0000e+00
   2394.000     3.3658   3.298951   2366.501    34.9771    27.8322  1038.7364    1503.70      1.031 0.0000e+00
   2395.000     3.3649   3.298904   2367.484    34.9771    27.8322  1038.7409    1503.71      1.336 0.0000e+00
   2396.000     3.3638   3.298782   2368.466    34.9764    27.8318  1038.7450    1503.72      1.636 0.0000e+00
   2397.000     3.3596   3.298397   2369.450    34.9757    27.8317  1038.7496    1503.72      1.486 0.0000e+00
   2398.000     3.3529   3.297739   2370.433    34.9744    27.8314  1038.7541    1503.71      1.273 0.0000e+00
   2399.000     3.3470   3.297236   2371.416    34.9743    27.8318  1038.7593    1503.70      1.173 0.0000e+00
   2400.000     3.3442   3.296983   2372.399    34.9738    27.8317  1038.7638    1503.71      1.148 0.0000e+00
   2401.000     3.3443   3.297029   2373.382    34.9738    27.8317  1038.7682    1503.73      0.965 0.0000e+00
   2402.000     3.3458   3.297282   2374.365    34.9747    27.8323  1038.7732    1503.75      1.302 0.0000e+00
   2403.000     3.3457   3.297337   2375.347    34.9749    27.8324  1038.7778    1503.76      1.765 0.0000e+00
   2404.000     3.3458   3.297366   2376.330    34.9748    27.8323  1038.7821    1503.78      1.992 0.0000e+00
   2405.000     3.3463   3.297463   2377.314    34.9750    27.8324  1038.7866    1503.80      1.934 0.0000e+00
   2406.000     3.3464   3.297528   2378.296    34.9751    27.8325  1038.7911    1503.82      1.551 0.0000e+00
   2407.000     3.3514   3.298130   2379.279    34.9766    27.8332  1038.7959    1503.86      1.292 0.0000e+00
   2408.000     3.3519   3.298237   2380.262    34.9768    27.8333  1038.8005    1503.88      1.943 0.0000e+00
   2409.000     3.3519   3.298247   2381.245    34.9765    27.8330  1038.8046    1503.89      2.226 0.0000e+00
   2410.000     3.3502   3.298130   2382.228    34.9764    27.8331  1038.8093    1503.90      2.209 0.0000e+00
   2411.000     3.3494   3.298104   2383.211    34.9765    27.8333  1038.8139    1503.92      2.152 0.0000e+00
   2412.000     3.3484   3.298065   2384.193    34.9767    27.8335  1038.8187    1503.94      2.040 0.0000e+00
   2413.000     3.3481   3.298071   2385.177    34.9766    27.8335  1038.8231    1503.95      1.824 0.0000e+00
   2414.000     3.3501   3.298347   2386.160    34.9772    27.8339  1038.8278    1503.97      1.476 0.0000e+00
   2415.000     3.3507   3.298416   2387.142    34.9769    27.8335  1038.8319    1503.99      0.832 0.0000e+00
   2416.000     3.3500   3.298403   2388.126    34.9770    27.8337  1038.8365    1504.00      1.258 0.0000e+00
   2417.000     3.3481   3.298219   2389.108    34.9764    27.8334  1038.8407    1504.01      1.761 0.0000e+00
   2418.000     3.3432   3.297812   2390.091    34.9763    27.8338  1038.8458    1504.01      1.935 0.0000e+00
   2419.000     3.3424   3.297779   2391.074    34.9763    27.8339  1038.8504    1504.02      1.837 0.0000e+00
   2420.000     3.3397   3.297473   2392.057    34.9751    27.8331  1038.8543    1504.03      1.374 0.0000e+00
   2421.000     3.3295   3.296499   2393.040    34.9738    27.8331  1038.8593    1504.00      0.971 0.0000e+00
   2422.000     3.3287   3.296512   2394.023    34.9743    27.8336  1038.8643    1504.01      1.697 0.0000e+00
   2423.000     3.3280   3.296490   2395.006    34.9744    27.8337  1038.8689    1504.03      1.759 0.0000e+00
   2424.000     3.3280   3.296507   2395.989    34.9741    27.8335  1038.8731    1504.04      1.604 0.0000e+00
   2425.000     3.3279   3.296533   2396.972    34.9740    27.8334  1038.8774    1504.06      1.492 0.0000e+00
   2426.000     3.3277   3.296562   2397.954    34.9741    27.8335  1038.8819    1504.08      1.532 0.0000e+00
   2427.000     3.3278   3.296604   2398.937    34.9740    27.8335  1038.8864    1504.09      1.607 0.0000e+00
   2428.000     3.3279   3.296645   2399.920    34.9740    27.8334  1038.8907    1504.11      1.616 0.0000e+00
   2429.000     3.3281   3.296701   2400.903    34.9739    27.8333  1038.8951    1504.13      1.443 0.0000e+00
   2430.000     3.3285   3.296763   2401.885    34.9738    27.8332  1038.8994    1504.15      1.006 0.0000e+00
   2431.000     3.3300   3.296985   2402.869    34.9743    27.8335  1038.9040    1504.17      1.204 0.0000e+00
   2432.000     3.3301   3.297032   2403.851    34.9744    27.8335  1038.9085    1504.19      1.773 0.0000e+00
   2433.000     3.3319   3.297437   2404.834    34.9768    27.8353  1038.9146    1504.22      2.032 0.0000e+00
   2434.000     3.3346   3.297673   2405.817    34.9763    27.8346  1038.9182    1504.24      2.039 0.0000e+00
   2435.000     3.3331   3.297531   2406.800    34.9758    27.8343  1038.9224    1504.25      1.774 0.0000e+00
   2436.000     3.3315   3.297411   2407.783    34.9756    27.8343  1038.9269    1504.26      1.203 0.0000e+00
   2437.000     3.3300   3.297258   2408.765    34.9748    27.8339  1038.9310    1504.28      1.010 0.0000e+00
   2438.000     3.3256   3.296937   2409.748    34.9752    27.8345  1038.9364    1504.27      1.696 0.0000e+00
   2439.000     3.3254   3.296925   2410.731    34.9749    27.8343  1038.9406    1504.29      1.435 0.0000e+00
   2440.000     3.3253   3.296967   2411.714    34.9749    27.8345  1038.9452    1504.31      0.807 0.0000e+00
   2441.000     3.3254   3.297032   2412.697    34.9751    27.8346  1038.9497    1504.32      1.452 0.0000e+00
   2442.000     3.3268   3.297230   2413.680    34.9755    27.8347  1038.9542    1504.34      1.946 0.0000e+00
   2443.000     3.3276   3.297341   2414.662    34.9755    27.8347  1038.9586    1504.36      2.116 0.0000e+00
   2444.000     3.3280   3.297419   2415.645    34.9756    27.8347  1038.9629    1504.38      2.099 0.0000e+00
   2445.000     3.3304   3.297788   2416.628    34.9770    27.8356  1038.9681    1504.41      1.932 0.0000e+00
   2446.000     3.3343   3.298237   2417.611    34.9777    27.8358  1038.9725    1504.45      1.648 0.0000e+00
   2447.000     3.3356   3.298381   2418.593    34.9776    27.8356  1038.9767    1504.47      1.126 0.0000e+00
   2448.000     3.3309   3.297968   2419.576    34.9772    27.8357  1038.9815    1504.47      0.911 0.0000e+00
   2449.000     3.3265   3.297603   2420.559    34.9770    27.8360  1038.9865    1504.46      1.751 0.0000e+00
   2450.000     3.3257   3.297590   2421.542    34.9773    27.8362  1038.9913    1504.48      2.138 0.0000e+00
