dados/ctd/rad2_doei015.cnv
* Sea-Bird SBE 9 Raw Data File:
* FileName = C:\OceanoEI\OEI015.dat
* Software Version Seasave Win32 v1.10
* Temperature SN = 2326
* Conductivity SN = 2149
* Number of Bytes Per Scan = 12
* Number of Voltage Words = 0
* System UpLoad Time = Nov 06 2001 01:01:29
** H-40 
** Navio Oceanografico ANTARES 
** 173a Comissao Oceanografica 
** OCEANO LESTE I 
** Estacao: OEI015
** Latitude: 11 09.8 S
** Longitude: 035 15.2 W
** Data-Hora (DDHHMMZ/MMM/AA): 050100Z/NOV/01
** Profundidade Local (m): 3862
** N/S do CTD: 11282 
** Operador: 1T E. ALMEIDA
# nquan = 11
# nvalues = 2559                        
# units = specified
# name 0 = prDM: Pressure, Digiquartz [db]
# name 1 = t068C: Temperature [ITS-68, deg C]
# name 2 = c0S/m: Conductivity [S/m]
# name 3 = depSM: Depth [salt water, m], lat = -15
# name 4 = sal00: Salinity [PSU]
# name 5 = sigma-t00: Density [sigma-t, Kg/m^3 ]
# name 6 = density00: Density [density, Kg/m^3]
# name 7 = svCM: Sound Velocity [Chen-Millero, m/s]
# name 8 = dz/dtM: Descent Rate [m/s], WS = 2
# name 9 = flag: flag
# name 10 = nbin: number of scans per bin
# span 0 =      1.000,   2559.000       
# span 1 =     2.8941,    27.1171       
# span 2 =   3.257302,   5.743696       
# span 3 =      0.994,   2528.634       
# span 4 =    34.4568,    37.2683       
# span 5 =    23.8117,    27.8580       
# span 6 =  1023.8172,  1039.5203       
# span 7 =    1479.86,    1541.16       
# span 8 =     -0.593,      3.446       
# span 9 = 0.0000e+00, 0.0000e+00       
# span 10 =       5.00,     187.00      
# interval = decibars: 1                
# start_time = Nov 06 2001 01:01:29
# bad_flag = -9.990e-29
*END*
[from data line 919]
    920.000     4.0170   3.257867    912.599    34.5255    27.4071  1031.6519    1481.20      1.410 0.0000e+00      17.00
    921.000     4.0164   3.257903    913.589    34.5260    27.4075  1031.6570    1481.22      1.035 0.0000e+00      23.00
    922.000     4.0159   3.257916    914.579    34.5263    27.4078  1031.6618    1481.23      0.873 0.0000e+00      28.00
    923.000     4.0152   3.257948    915.569    34.5269    27.4083  1031.6669    1481.25      1.552 0.0000e+00      17.00
    924.000     4.0150   3.257999    916.558    34.5272    27.4086  1031.6718    1481.26      2.095 0.0000e+00      11.00
    925.000     4.0148   3.258023    917.548    34.5272    27.4086  1031.6764    1481.28      2.426 0.0000e+00       9.00
    926.000     4.0136   3.257987    918.538    34.5274    27.4089  1031.6813    1481.29      2.584 0.0000e+00       8.00
    927.000     4.0115   3.257872    919.528    34.5278    27.4094  1031.6864    1481.30      2.550 0.0000e+00       9.00
    928.000     4.0105   3.257943    920.517    34.5291    27.4106  1031.6922    1481.32      2.297 0.0000e+00      11.00
    929.000     4.0088   3.257888    921.507    34.5298    27.4113  1031.6975    1481.33      1.749 0.0000e+00      14.00
    930.000     4.0056   3.257717    922.497    34.5306    27.4123  1031.7031    1481.33      0.714 0.0000e+00      52.00
    931.000     4.0043   3.257687    923.487    34.5311    27.4128  1031.7082    1481.34      1.332 0.0000e+00      17.00
    932.000     4.0036   3.257709    924.476    34.5316    27.4132  1031.7132    1481.36      1.975 0.0000e+00      13.00
    933.000     4.0033   3.257739    925.466    34.5318    27.4135  1031.7180    1481.37      2.319 0.0000e+00      10.00
    934.000     4.0030   3.257782    926.456    34.5321    27.4137  1031.7229    1481.39      2.482 0.0000e+00       8.00
    935.000     4.0027   3.257826    927.445    34.5323    27.4139  1031.7276    1481.40      2.488 0.0000e+00       9.00
    936.000     4.0025   3.257845    928.435    34.5323    27.4140  1031.7322    1481.42      2.349 0.0000e+00      11.00
    937.000     4.0012   3.257806    929.425    34.5327    27.4144  1031.7373    1481.43      2.088 0.0000e+00      11.00
    938.000     3.9989   3.257736    930.414    34.5338    27.4155  1031.7430    1481.44      1.731 0.0000e+00      14.00
    939.000     3.9970   3.257668    931.404    34.5345    27.4163  1031.7483    1481.45      1.351 0.0000e+00      19.00
    940.000     3.9958   3.257650    932.394    34.5350    27.4168  1031.7534    1481.46      1.255 0.0000e+00      20.00
    941.000     3.9953   3.257683    933.384    34.5354    27.4172  1031.7584    1481.47      1.416 0.0000e+00      15.00
    942.000     3.9947   3.257766    934.373    34.5365    27.4181  1031.7639    1481.49      1.574 0.0000e+00      17.00
    943.000     3.9923   3.257689    935.363    34.5375    27.4192  1031.7696    1481.50      1.702 0.0000e+00      13.00
    944.000     3.9914   3.257687    936.353    34.5380    27.4197  1031.7747    1481.51      1.794 0.0000e+00      14.00
    945.000     3.9903   3.257715    937.342    34.5389    27.4205  1031.7801    1481.52      1.821 0.0000e+00      13.00
    946.000     3.9898   3.257728    938.332    34.5392    27.4207  1031.7849    1481.54      1.690 0.0000e+00      13.00
    947.000     3.9894   3.257743    939.322    34.5392    27.4208  1031.7896    1481.55      1.299 0.0000e+00      19.00
    948.000     3.9892   3.257774    940.311    34.5393    27.4209  1031.7942    1481.57      0.942 0.0000e+00      26.00
    949.000     3.9888   3.257804    941.301    34.5396    27.4212  1031.7991    1481.59      1.266 0.0000e+00      20.00
    950.000     3.9874   3.257883    942.290    34.5414    27.4227  1031.8052    1481.60      1.754 0.0000e+00      14.00
    951.000     3.9865   3.257935    943.280    34.5424    27.4237  1031.8107    1481.61      2.034 0.0000e+00      10.00
    952.000     3.9857   3.257960    944.270    34.5431    27.4243  1031.8160    1481.63      2.149 0.0000e+00      11.00
    953.000     3.9834   3.257826    945.259    34.5434    27.4247  1031.8210    1481.63      2.114 0.0000e+00      12.00
    954.000     3.9811   3.257731    946.249    34.5442    27.4256  1031.8265    1481.64      1.993 0.0000e+00      11.00
    955.000     3.9821   3.257978    947.239    34.5455    27.4266  1031.8320    1481.66      1.778 0.0000e+00      14.00
    956.000     3.9805   3.257981    948.228    34.5467    27.4277  1031.8377    1481.67      1.603 0.0000e+00      16.00
    957.000     3.9800   3.258035    949.218    34.5474    27.4283  1031.8429    1481.69      1.568 0.0000e+00      15.00
    958.000     3.9801   3.258169    950.207    34.5483    27.4290  1031.8482    1481.71      1.566 0.0000e+00      14.00
    959.000     3.9788   3.258227    951.197    34.5499    27.4304  1031.8541    1481.72      1.476 0.0000e+00      18.00
    960.000     3.9714   3.257655    952.187    34.5503    27.4315  1031.8600    1481.71      1.384 0.0000e+00      17.00
    961.000     3.9714   3.257742    953.176    34.5509    27.4319  1031.8650    1481.73      1.251 0.0000e+00      17.00
    962.000     3.9694   3.257630    954.166    34.5511    27.4324  1031.8700    1481.73      1.079 0.0000e+00      25.00
    963.000     3.9657   3.257374    955.155    34.5514    27.4330  1031.8753    1481.74      1.386 0.0000e+00      18.00
    964.000     3.9644   3.257302    956.145    34.5515    27.4332  1031.8800    1481.75      1.873 0.0000e+00      12.00
    965.000     3.9637   3.257326    957.134    34.5520    27.4337  1031.8851    1481.76      2.194 0.0000e+00      10.00
    966.000     3.9637   3.257411    958.124    34.5525    27.4340  1031.8900    1481.78      2.343 0.0000e+00      10.00
    967.000     3.9638   3.257485    959.113    34.5528    27.4342  1031.8948    1481.79      2.325 0.0000e+00      11.00
    968.000     3.9641   3.257607    960.103    34.5534    27.4347  1031.8998    1481.82      2.154 0.0000e+00      11.00
    969.000     3.9651   3.257839    961.093    34.5545    27.4355  1031.9052    1481.84      1.841 0.0000e+00      14.00
    970.000     3.9657   3.258030    962.082    34.5556    27.4363  1031.9105    1481.86      1.463 0.0000e+00      17.00
    971.000     3.9668   3.258322    963.072    34.5575    27.4377  1031.9164    1481.88      1.231 0.0000e+00      20.00
    972.000     3.9672   3.258459    964.061    34.5581    27.4382  1031.9214    1481.90      1.223 0.0000e+00      19.00
    973.000     3.9669   3.258477    965.051    34.5582    27.4383  1031.9261    1481.92      1.289 0.0000e+00      19.00
    974.000     3.9666   3.258510    966.040    34.5584    27.4384  1031.9308    1481.93      1.415 0.0000e+00      17.00
    975.000     3.9662   3.258542    967.030    34.5587    27.4387  1031.9357    1481.95      1.546 0.0000e+00      15.00
    976.000     3.9620   3.258250    968.019    34.5591    27.4395  1031.9411    1481.95      1.690 0.0000e+00      15.00
    977.000     3.9604   3.258241    969.009    34.5602    27.4405  1031.9467    1481.96      1.841 0.0000e+00      13.00
    978.000     3.9600   3.258302    969.998    34.5608    27.4410  1031.9518    1481.97      1.926 0.0000e+00      11.00
    979.000     3.9583   3.258208    970.988    34.5609    27.4413  1031.9567    1481.98      1.900 0.0000e+00      14.00
    980.000     3.9544   3.257940    971.977    34.5614    27.4421  1031.9621    1481.98      1.773 0.0000e+00      12.00
    981.000     3.9534   3.257950    972.967    34.5620    27.4427  1031.9673    1482.00      1.567 0.0000e+00      16.00
    982.000     3.9526   3.257945    973.956    34.5622    27.4429  1031.9722    1482.01      1.442 0.0000e+00      17.00
    983.000     3.9521   3.257971    974.946    34.5626    27.4432  1031.9770    1482.03      1.527 0.0000e+00      15.00
    984.000     3.9506   3.257890    975.935    34.5627    27.4435  1031.9819    1482.04      1.579 0.0000e+00      16.00
    985.000     3.9472   3.257668    976.925    34.5631    27.4442  1031.9872    1482.04      1.473 0.0000e+00      15.00
    986.000     3.9426   3.257427    977.914    34.5646    27.4458  1031.9935    1482.04      1.201 0.0000e+00      21.00
    987.000     3.9439   3.257738    978.904    34.5664    27.4471  1031.9994    1482.06      1.149 0.0000e+00      24.00
    988.000     3.9485   3.258297    979.893    34.5677    27.4477  1032.0043    1482.10      1.643 0.0000e+00      14.00
    989.000     3.9520   3.258774    980.883    34.5691    27.4485  1032.0096    1482.13      2.076 0.0000e+00      11.00
    990.000     3.9517   3.258857    981.872    34.5699    27.4491  1032.0149    1482.15      2.314 0.0000e+00      10.00
    991.000     3.9504   3.258811    982.862    34.5703    27.4496  1032.0199    1482.16      2.394 0.0000e+00       9.00
    992.000     3.9497   3.258929    983.851    34.5718    27.4509  1032.0257    1482.18      2.278 0.0000e+00      11.00
    993.000     3.9488   3.258933    984.841    34.5724    27.4514  1032.0308    1482.19      1.965 0.0000e+00      12.00
    994.000     3.9473   3.258864    985.830    34.5726    27.4517  1032.0358    1482.20      1.510 0.0000e+00      17.00
    995.000     3.9471   3.258924    986.819    34.5730    27.4520  1032.0406    1482.22      1.131 0.0000e+00      22.00
    996.000     3.9471   3.258987    987.809    34.5732    27.4522  1032.0454    1482.23      1.130 0.0000e+00      21.00
    997.000     3.9471   3.259034    988.798    34.5733    27.4523  1032.0500    1482.25      1.361 0.0000e+00      18.00
    998.000     3.9472   3.259104    989.787    34.5735    27.4525  1032.0548    1482.27      1.543 0.0000e+00      16.00
    999.000     3.9472   3.259184    990.777    34.5739    27.4528  1032.0596    1482.29      1.632 0.0000e+00      14.00
   1000.000     3.9471   3.259244    991.766    34.5742    27.4530  1032.0644    1482.30      1.642 0.0000e+00      15.00
   1001.000     3.9464   3.259312    992.756    34.5752    27.4539  1032.0699    1482.32      1.664 0.0000e+00      15.00
   1002.000     3.9444   3.259364    993.745    34.5774    27.4559  1032.0765    1482.33      1.771 0.0000e+00      13.00
   1003.000     3.9437   3.259439    994.735    34.5785    27.4568  1032.0820    1482.34      1.903 0.0000e+00      13.00
   1004.000     3.9428   3.259496    995.724    34.5797    27.4578  1032.0876    1482.36      1.992 0.0000e+00      12.00
   1005.000     3.9425   3.259536    996.713    34.5799    27.4581  1032.0924    1482.37      1.929 0.0000e+00      11.00
   1006.000     3.9425   3.259588    997.703    34.5800    27.4581  1032.0970    1482.39      1.673 0.0000e+00      13.00
   1007.000     3.9426   3.259648    998.692    34.5801    27.4582  1032.1016    1482.41      1.189 0.0000e+00      23.00
   1008.000     3.9425   3.259738    999.681    34.5808    27.4587  1032.1067    1482.42      1.041 0.0000e+00      23.00
   1009.000     3.9424   3.259899   1000.671    34.5823    27.4600  1032.1125    1482.44      1.417 0.0000e+00      19.00
   1010.000     3.9416   3.259963   1001.660    34.5834    27.4610  1032.1180    1482.46      1.701 0.0000e+00      12.00
   1011.000     3.9403   3.259961   1002.649    34.5843    27.4618  1032.1234    1482.47      1.843 0.0000e+00      14.00
   1012.000     3.9390   3.259974   1003.639    34.5853    27.4626  1032.1289    1482.48      1.863 0.0000e+00      12.00
   1013.000     3.9375   3.259946   1004.628    34.5859    27.4634  1032.1342    1482.49      1.810 0.0000e+00      13.00
   1014.000     3.9368   3.259952   1005.617    34.5863    27.4637  1032.1391    1482.51      1.738 0.0000e+00      13.00
   1015.000     3.9367   3.259980   1006.607    34.5862    27.4637  1032.1437    1482.52      1.713 0.0000e+00      15.00
   1016.000     3.9365   3.260005   1007.596    34.5861    27.4636  1032.1482    1482.54      1.701 0.0000e+00      14.00
   1017.000     3.9362   3.260023   1008.586    34.5863    27.4638  1032.1529    1482.55      1.619 0.0000e+00      15.00
   1018.000     3.9343   3.259922   1009.575    34.5865    27.4641  1032.1578    1482.56      1.497 0.0000e+00      16.00
   1019.000     3.9330   3.259852   1010.564    34.5866    27.4643  1032.1627    1482.57      1.475 0.0000e+00      16.00
   1020.000     3.9310   3.259758   1011.553    34.5870    27.4648  1032.1678    1482.58      1.528 0.0000e+00      16.00
   1021.000     3.9313   3.259849   1012.543    34.5873    27.4651  1032.1725    1482.60      1.503 0.0000e+00      15.00
   1022.000     3.9317   3.259959   1013.532    34.5877    27.4653  1032.1774    1482.62      1.327 0.0000e+00      19.00
   1023.000     3.9333   3.260225   1014.521    34.5886    27.4659  1032.1824    1482.64      1.237 0.0000e+00      20.00
   1024.000     3.9340   3.260374   1015.511    34.5892    27.4663  1032.1874    1482.66      1.505 0.0000e+00      17.00
   1025.000     3.9342   3.260490   1016.500    34.5898    27.4667  1032.1923    1482.68      1.793 0.0000e+00      13.00
   1026.000     3.9331   3.260607   1017.489    34.5919    27.4685  1032.1987    1482.70      1.989 0.0000e+00      12.00
   1027.000     3.9281   3.260322   1018.478    34.5931    27.4701  1032.2050    1482.69      2.048 0.0000e+00      10.00
   1028.000     3.9272   3.260362   1019.468    34.5941    27.4709  1032.2104    1482.71      1.873 0.0000e+00      13.00
   1029.000     3.9265   3.260405   1020.457    34.5948    27.4715  1032.2156    1482.72      1.348 0.0000e+00      18.00
   1030.000     3.9265   3.260492   1021.446    34.5953    27.4720  1032.2205    1482.74      0.914 0.0000e+00      31.00
   1031.000     3.9266   3.260582   1022.436    34.5958    27.4723  1032.2254    1482.76      1.713 0.0000e+00      15.00
   1032.000     3.9266   3.260713   1023.425    34.5968    27.4731  1032.2308    1482.78      2.327 0.0000e+00       8.00
   1033.000     3.9266   3.260845   1024.414    34.5978    27.4739  1032.2362    1482.79      2.713 0.0000e+00       9.00
   1034.000     3.9271   3.261151   1025.403    34.6005    27.4760  1032.2427    1482.82      2.908 0.0000e+00       7.00
   1035.000     3.9273   3.261234   1026.393    34.6007    27.4762  1032.2475    1482.83      2.884 0.0000e+00       7.00
   1036.000     3.9276   3.261316   1027.382    34.6009    27.4763  1032.2522    1482.85      2.593 0.0000e+00      10.00
   1037.000     3.9293   3.261610   1028.371    34.6021    27.4770  1032.2574    1482.88      1.913 0.0000e+00      12.00
   1038.000     3.9354   3.262312   1029.360    34.6034    27.4774  1032.2622    1482.92      0.343 0.0000e+00      60.00
   1039.000     3.9417   3.263170   1030.349    34.6065    27.4793  1032.2684    1482.97      1.790 0.0000e+00      12.00
   1040.000     3.9520   3.264444   1031.339    34.6102    27.4811  1032.2746    1483.03      2.173 0.0000e+00      11.00
   1041.000     3.9562   3.264889   1032.328    34.6106    27.4810  1032.2789    1483.07      2.337 0.0000e+00      10.00
   1042.000     3.9559   3.264986   1033.317    34.6115    27.4818  1032.2842    1483.08      2.306 0.0000e+00      10.00
   1043.000     3.9553   3.264996   1034.306    34.6117    27.4820  1032.2890    1483.10      2.120 0.0000e+00      11.00
   1044.000     3.9520   3.264795   1035.295    34.6123    27.4828  1032.2945    1483.10      1.759 0.0000e+00      15.00
   1045.000     3.9488   3.264617   1036.285    34.6131    27.4838  1032.3001    1483.10      1.393 0.0000e+00      18.00
   1046.000     3.9487   3.264711   1037.274    34.6138    27.4844  1032.3052    1483.12      1.257 0.0000e+00      18.00
   1047.000     3.9482   3.264739   1038.263    34.6141    27.4847  1032.3100    1483.14      1.373 0.0000e+00      20.00
   1048.000     3.9534   3.265413   1039.252    34.6161    27.4857  1032.3155    1483.18      1.641 0.0000e+00      13.00
   1049.000     3.9609   3.266349   1040.241    34.6188    27.4871  1032.3212    1483.23      1.918 0.0000e+00      12.00
