dados/ctd/rad2_doei016.cnv
* Sea-Bird SBE 9 Raw Data File:
* FileName = C:\OceanoEI\OEI016.dat
* Software Version Seasave Win32 v1.10
* Temperature SN = 2326
* Conductivity SN = 2149
* Number of Bytes Per Scan = 12
* Number of Voltage Words = 0
* System UpLoad Time = Nov 06 2001 05:23:49
** H-40 
** Navio Oceanografico ANTARES 
** 173a Comissao Oceanografica 
** OCEANO LESTE I 
** Estacao: OEI016
** Latitude: 11 19.8 S
** Longitude: 034 49.5 W
** Data-Hora (DDHHMMZ/MMM/AA): 060523Z/NOV/01
** Profundidade Local (m): 4254
** N/S do CTD: 11282 
** Operador: 1T ALEX URBANCG
# nquan = 11
# nvalues = 2530                        
# units = specified
# name 0 = prDM: Pressure, Digiquartz [db]
# name 1 = t068C: Temperature [ITS-68, deg C]
# name 2 = c0S/m: Conductivity [S/m]
# name 3 = depSM: Depth [salt water, m], lat = -15
# name 4 = sal00: Salinity [PSU]
# name 5 = sigma-t00: Density [sigma-t, Kg/m^3 ]
# name 6 = density00: Density [density, Kg/m^3]
# name 7 = svCM: Sound Velocity [Chen-Millero, m/s]
# name 8 = dz/dtM: Descent Rate [m/s], WS = 2
# name 9 = flag: flag
# name 10 = nbin: number of scans per bin
# span 0 =      3.000,   2532.000       
# span 1 =     3.0426,    26.8696       
# span 2 =   3.253979,   5.750004       
# span 3 =      2.982,   2502.112       
# span 4 =    34.4557,    37.0655       
# span 5 =    24.0941,    27.8554       
# span 6 =  1024.1104,  1039.3907       
# span 7 =    1480.10,    1541.42       
# span 8 =     -0.457,      2.731       
# span 9 = 0.0000e+00, 0.0000e+00       
# span 10 =       4.00,      69.00      
# interval = decibars: 1                
# start_time = Nov 06 2001 05:23:49
# bad_flag = -9.990e-29
*END*
[from data line 1837]
   1840.000     3.8283   3.320501   1821.224    35.0062    27.8091  1036.2182    1496.37      1.853 0.0000e+00      11.00
   1841.000     3.8287   3.320565   1822.209    35.0061    27.8090  1036.2225    1496.38      1.847 0.0000e+00      13.00
   1842.000     3.8290   3.320632   1823.195    35.0061    27.8089  1036.2269    1496.40      1.624 0.0000e+00      15.00
   1843.000     3.8290   3.320641   1824.180    35.0058    27.8087  1036.2312    1496.42      0.810 0.0000e+00      48.00
   1844.000     3.8291   3.320714   1825.166    35.0060    27.8088  1036.2358    1496.43      1.233 0.0000e+00      21.00
   1845.000     3.8294   3.320790   1826.151    35.0061    27.8089  1036.2404    1496.45      1.998 0.0000e+00      10.00
   1846.000     3.8295   3.320846   1827.137    35.0062    27.8090  1036.2449    1496.47      2.315 0.0000e+00      11.00
   1847.000     3.8296   3.320893   1828.122    35.0061    27.8089  1036.2493    1496.49      2.422 0.0000e+00       9.00
   1848.000     3.8293   3.320907   1829.108    35.0061    27.8089  1036.2538    1496.50      2.367 0.0000e+00      10.00
   1849.000     3.8292   3.320928   1830.093    35.0060    27.8089  1036.2582    1496.52      2.145 0.0000e+00      11.00
   1850.000     3.8296   3.321011   1831.079    35.0060    27.8089  1036.2627    1496.54      1.712 0.0000e+00      13.00
   1851.000     3.8297   3.321044   1832.064    35.0059    27.8087  1036.2671    1496.55      1.026 0.0000e+00      29.00
   1852.000     3.8299   3.321105   1833.050    35.0059    27.8087  1036.2715    1496.57      1.164 0.0000e+00      20.00
   1853.000     3.8261   3.320787   1834.035    35.0057    27.8090  1036.2764    1496.57      1.679 0.0000e+00      13.00
   1854.000     3.8236   3.320650   1835.021    35.0062    27.8096  1036.2816    1496.58      1.817 0.0000e+00      12.00
   1855.000     3.8219   3.320539   1836.006    35.0062    27.8098  1036.2863    1496.59      1.725 0.0000e+00      13.00
   1856.000     3.8215   3.320534   1836.992    35.0061    27.8098  1036.2908    1496.60      1.438 0.0000e+00      17.00
   1857.000     3.8201   3.320430   1837.977    35.0059    27.8097  1036.2953    1496.61      1.211 0.0000e+00      21.00
   1858.000     3.8188   3.320346   1838.962    35.0058    27.8098  1036.2999    1496.62      1.394 0.0000e+00      18.00
   1859.000     3.8153   3.320065   1839.948    35.0056    27.8100  1036.3048    1496.63      1.686 0.0000e+00      13.00
   1860.000     3.8146   3.320061   1840.933    35.0059    27.8103  1036.3096    1496.64      1.882 0.0000e+00      13.00
   1861.000     3.8138   3.320034   1841.919    35.0059    27.8104  1036.3142    1496.66      1.921 0.0000e+00      11.00
   1862.000     3.8126   3.319954   1842.904    35.0057    27.8104  1036.3187    1496.67      1.811 0.0000e+00      14.00
   1863.000     3.8109   3.319814   1843.889    35.0054    27.8103  1036.3232    1496.68      1.513 0.0000e+00      14.00
   1864.000     3.8090   3.319662   1844.875    35.0051    27.8102  1036.3277    1496.68      0.980 0.0000e+00      27.00
   1865.000     3.8053   3.319348   1845.860    35.0049    27.8105  1036.3326    1496.69      0.972 0.0000e+00      25.00
   1866.000     3.8003   3.318933   1846.846    35.0048    27.8109  1036.3377    1496.68      1.603 0.0000e+00      15.00
   1867.000     3.7993   3.318893   1847.831    35.0049    27.8110  1036.3424    1496.69      1.933 0.0000e+00      11.00
   1868.000     3.7978   3.318800   1848.816    35.0048    27.8112  1036.3470    1496.70      2.081 0.0000e+00      11.00
   1869.000     3.7976   3.318818   1849.802    35.0048    27.8112  1036.3515    1496.72      2.049 0.0000e+00      11.00
   1870.000     3.7973   3.318846   1850.787    35.0050    27.8113  1036.3562    1496.74      1.828 0.0000e+00      13.00
   1871.000     3.7961   3.318772   1851.772    35.0049    27.8113  1036.3608    1496.75      1.357 0.0000e+00      17.00
   1872.000     3.7940   3.318589   1852.758    35.0045    27.8113  1036.3653    1496.75      0.873 0.0000e+00      32.00
   1873.000     3.7939   3.318661   1853.743    35.0049    27.8116  1036.3701    1496.77      1.539 0.0000e+00      16.00
   1874.000     3.7937   3.318714   1854.729    35.0053    27.8119  1036.3749    1496.79      2.011 0.0000e+00      12.00
   1875.000     3.7920   3.318531   1855.714    35.0045    27.8115  1036.3790    1496.80      2.210 0.0000e+00       9.00
   1876.000     3.7898   3.318385   1856.699    35.0046    27.8118  1036.3839    1496.80      2.191 0.0000e+00      11.00
   1877.000     3.7867   3.318100   1857.685    35.0040    27.8116  1036.3883    1496.81      1.948 0.0000e+00      11.00
   1878.000     3.7814   3.317707   1858.670    35.0045    27.8125  1036.3940    1496.80      1.377 0.0000e+00      19.00
   1879.000     3.7809   3.317746   1859.655    35.0050    27.8130  1036.3989    1496.82      0.557 0.0000e+00      46.00
   1880.000     3.7821   3.317952   1860.641    35.0057    27.8134  1036.4038    1496.84      1.581 0.0000e+00      15.00
   1881.000     3.7825   3.318036   1861.626    35.0057    27.8134  1036.4082    1496.86      1.991 0.0000e+00      11.00
   1882.000     3.7829   3.318128   1862.611    35.0059    27.8136  1036.4128    1496.88      2.169 0.0000e+00      11.00
   1883.000     3.7834   3.318239   1863.597    35.0062    27.8137  1036.4174    1496.90      2.231 0.0000e+00      10.00
   1884.000     3.7840   3.318349   1864.582    35.0064    27.8138  1036.4220    1496.92      2.179 0.0000e+00      12.00
   1885.000     3.7848   3.318492   1865.567    35.0067    27.8140  1036.4266    1496.94      2.026 0.0000e+00      12.00
   1886.000     3.7841   3.318476   1866.553    35.0069    27.8142  1036.4313    1496.95      1.741 0.0000e+00      12.00
   1887.000     3.7808   3.318234   1867.538    35.0070    27.8147  1036.4364    1496.95      1.244 0.0000e+00      21.00
   1888.000     3.7753   3.317766   1868.523    35.0068    27.8150  1036.4415    1496.95      0.799 0.0000e+00      34.00
   1889.000     3.7738   3.317667   1869.508    35.0067    27.8151  1036.4461    1496.96      1.496 0.0000e+00      15.00
   1890.000     3.7715   3.317510   1870.494    35.0068    27.8154  1036.4510    1496.96      1.911 0.0000e+00      13.00
   1891.000     3.7702   3.317433   1871.479    35.0068    27.8156  1036.4557    1496.98      2.089 0.0000e+00      11.00
   1892.000     3.7689   3.317350   1872.464    35.0067    27.8156  1036.4602    1496.99      2.122 0.0000e+00      11.00
   1893.000     3.7678   3.317300   1873.450    35.0068    27.8158  1036.4650    1497.00      2.036 0.0000e+00      12.00
   1894.000     3.7675   3.317318   1874.435    35.0069    27.8159  1036.4695    1497.02      1.801 0.0000e+00      12.00
   1895.000     3.7665   3.317259   1875.420    35.0068    27.8159  1036.4741    1497.03      1.328 0.0000e+00      19.00
   1896.000     3.7651   3.317156   1876.405    35.0065    27.8159  1036.4786    1497.04      0.836 0.0000e+00      32.00
   1897.000     3.7638   3.317088   1877.391    35.0066    27.8160  1036.4833    1497.05      1.259 0.0000e+00      19.00
   1898.000     3.7626   3.317003   1878.376    35.0064    27.8160  1036.4878    1497.06      1.498 0.0000e+00      16.00
   1899.000     3.7618   3.316966   1879.361    35.0063    27.8160  1036.4923    1497.08      1.475 0.0000e+00      14.00
   1900.000     3.7595   3.316789   1880.346    35.0062    27.8161  1036.4970    1497.08      1.322 0.0000e+00      20.00
   1901.000     3.7574   3.316624   1881.332    35.0060    27.8162  1036.5017    1497.09      1.331 0.0000e+00      19.00
   1902.000     3.7561   3.316539   1882.317    35.0058    27.8162  1036.5063    1497.10      1.591 0.0000e+00      14.00
   1903.000     3.7527   3.316264   1883.302    35.0057    27.8164  1036.5111    1497.10      1.873 0.0000e+00      12.00
   1904.000     3.7524   3.316275   1884.287    35.0057    27.8165  1036.5157    1497.12      2.051 0.0000e+00      11.00
   1905.000     3.7519   3.316261   1885.272    35.0055    27.8164  1036.5200    1497.13      2.104 0.0000e+00      11.00
   1906.000     3.7515   3.316263   1886.258    35.0055    27.8164  1036.5246    1497.15      2.027 0.0000e+00      11.00
   1907.000     3.7520   3.316349   1887.243    35.0055    27.8164  1036.5290    1497.17      1.778 0.0000e+00      14.00
   1908.000     3.7523   3.316394   1888.228    35.0053    27.8162  1036.5333    1497.18      1.300 0.0000e+00      19.00
   1909.000     3.7503   3.316215   1889.213    35.0048    27.8160  1036.5376    1497.19      0.956 0.0000e+00      28.00
   1910.000     3.7481   3.316030   1890.199    35.0045    27.8160  1036.5422    1497.20      1.453 0.0000e+00      16.00
   1911.000     3.7418   3.315460   1891.184    35.0039    27.8161  1036.5471    1497.19      1.739 0.0000e+00      13.00
   1912.000     3.7394   3.315308   1892.169    35.0042    27.8166  1036.5522    1497.20      1.725 0.0000e+00      14.00
   1913.000     3.7383   3.315252   1893.154    35.0041    27.8166  1036.5568    1497.21      1.511 0.0000e+00      15.00
   1914.000     3.7362   3.315088   1894.139    35.0039    27.8167  1036.5614    1497.22      1.297 0.0000e+00      21.00
   1915.000     3.7338   3.314920   1895.125    35.0040    27.8170  1036.5663    1497.22      1.345 0.0000e+00      17.00
   1916.000     3.7334   3.314924   1896.110    35.0040    27.8171  1036.5708    1497.24      1.396 0.0000e+00      16.00
   1917.000     3.7333   3.314947   1897.095    35.0039    27.8170  1036.5752    1497.26      1.235 0.0000e+00      20.00
   1918.000     3.7318   3.314825   1898.080    35.0035    27.8169  1036.5797    1497.26      1.186 0.0000e+00      24.00
   1919.000     3.7228   3.313938   1899.065    35.0021    27.8166  1036.5843    1497.24      1.607 0.0000e+00      14.00
   1920.000     3.7175   3.313522   1900.050    35.0024    27.8174  1036.5898    1497.24      1.987 0.0000e+00      12.00
   1921.000     3.7169   3.313516   1901.035    35.0024    27.8174  1036.5943    1497.25      2.189 0.0000e+00      10.00
   1922.000     3.7124   3.313055   1902.021    35.0012    27.8170  1036.5986    1497.25      2.238 0.0000e+00      10.00
   1923.000     3.7044   3.312303   1903.006    35.0003    27.8171  1036.6036    1497.23      2.118 0.0000e+00      11.00
   1924.000     3.6997   3.311971   1903.991    35.0008    27.8180  1036.6091    1497.23      1.800 0.0000e+00      13.00
   1925.000     3.6990   3.311993   1904.976    35.0014    27.8185  1036.6142    1497.24      1.198 0.0000e+00      22.00
   1926.000     3.6992   3.312057   1905.961    35.0015    27.8185  1036.6187    1497.26      0.715 0.0000e+00      39.00
   1927.000     3.7009   3.312311   1906.946    35.0021    27.8189  1036.6234    1497.28      1.347 0.0000e+00      16.00
   1928.000     3.7016   3.312437   1907.931    35.0024    27.8191  1036.6280    1497.30      1.814 0.0000e+00      14.00
   1929.000     3.7028   3.312628   1908.916    35.0029    27.8193  1036.6327    1497.33      2.025 0.0000e+00      10.00
   1930.000     3.7035   3.312749   1909.901    35.0031    27.8195  1036.6372    1497.35      2.015 0.0000e+00      12.00
   1931.000     3.7043   3.312875   1910.887    35.0033    27.8195  1036.6417    1497.37      1.764 0.0000e+00      14.00
   1932.000     3.7048   3.312976   1911.872    35.0035    27.8196  1036.6463    1497.39      1.369 0.0000e+00      19.00
   1933.000     3.7055   3.313117   1912.857    35.0039    27.8198  1036.6510    1497.41      1.280 0.0000e+00      20.00
   1934.000     3.7057   3.313211   1913.842    35.0044    27.8202  1036.6558    1497.42      1.667 0.0000e+00      14.00
   1935.000     3.7055   3.313272   1914.827    35.0048    27.8206  1036.6606    1497.44      1.960 0.0000e+00      11.00
   1936.000     3.7051   3.313300   1915.812    35.0051    27.8208  1036.6654    1497.46      2.047 0.0000e+00      12.00
   1937.000     3.7050   3.313322   1916.797    35.0050    27.8207  1036.6698    1497.47      1.937 0.0000e+00      11.00
   1938.000     3.7050   3.313356   1917.782    35.0049    27.8207  1036.6742    1497.49      1.587 0.0000e+00      16.00
   1939.000     3.7047   3.313354   1918.767    35.0048    27.8206  1036.6786    1497.50      0.815 0.0000e+00      38.00
   1940.000     3.7048   3.313393   1919.752    35.0046    27.8205  1036.6830    1497.52      1.014 0.0000e+00      26.00
   1941.000     3.7045   3.313432   1920.737    35.0049    27.8207  1036.6877    1497.54      1.829 0.0000e+00      12.00
   1942.000     3.7043   3.313455   1921.722    35.0049    27.8207  1036.6922    1497.55      2.222 0.0000e+00      10.00
   1943.000     3.7038   3.313465   1922.708    35.0050    27.8209  1036.6968    1497.57      2.453 0.0000e+00      10.00
   1944.000     3.7032   3.313461   1923.692    35.0052    27.8211  1036.7015    1497.58      2.588 0.0000e+00       9.00
   1945.000     3.7020   3.313354   1924.678    35.0047    27.8208  1036.7058    1497.59      2.541 0.0000e+00      10.00
   1946.000     3.6990   3.313123   1925.663    35.0047    27.8211  1036.7107    1497.60      2.308 0.0000e+00       7.00
   1947.000     3.6979   3.313081   1926.648    35.0049    27.8214  1036.7155    1497.61      1.703 0.0000e+00      16.00
   1948.000     3.6982   3.313115   1927.633    35.0045    27.8211  1036.7197    1497.63      0.402 0.0000e+00      37.00
   1949.000     3.6976   3.313141   1928.618    35.0050    27.8215  1036.7246    1497.64      2.241 0.0000e+00      10.00
   1950.000     3.6964   3.313068   1929.603    35.0048    27.8215  1036.7291    1497.65      2.454 0.0000e+00      10.00
   1951.000     3.6948   3.312978   1930.588    35.0049    27.8217  1036.7339    1497.67      2.451 0.0000e+00       8.00
   1952.000     3.6936   3.312896   1931.573    35.0048    27.8218  1036.7385    1497.68      2.333 0.0000e+00      10.00
   1953.000     3.6921   3.312804   1932.558    35.0048    27.8219  1036.7431    1497.69      2.058 0.0000e+00      13.00
   1954.000     3.6907   3.312703   1933.543    35.0046    27.8219  1036.7477    1497.70      1.685 0.0000e+00      14.00
   1955.000     3.6893   3.312625   1934.528    35.0047    27.8221  1036.7524    1497.71      1.352 0.0000e+00      20.00
   1956.000     3.6884   3.312585   1935.513    35.0047    27.8222  1036.7571    1497.72      1.466 0.0000e+00      15.00
   1957.000     3.6856   3.312361   1936.498    35.0046    27.8223  1036.7618    1497.73      1.789 0.0000e+00      14.00
   1958.000     3.6828   3.312171   1937.483    35.0048    27.8228  1036.7669    1497.73      1.957 0.0000e+00      11.00
   1959.000     3.6825   3.312190   1938.468    35.0048    27.8229  1036.7714    1497.75      1.906 0.0000e+00      12.00
   1960.000     3.6823   3.312206   1939.453    35.0048    27.8229  1036.7759    1497.76      1.553 0.0000e+00      15.00
   1961.000     3.6823   3.312223   1940.438    35.0044    27.8226  1036.7801    1497.78      0.568 0.0000e+00      58.00
   1962.000     3.6823   3.312294   1941.423    35.0048    27.8229  1036.7849    1497.80      1.663 0.0000e+00      14.00
   1963.000     3.6825   3.312348   1942.407    35.0048    27.8229  1036.7893    1497.81      2.151 0.0000e+00      10.00
   1964.000     3.6825   3.312392   1943.392    35.0048    27.8228  1036.7938    1497.83      2.392 0.0000e+00      10.00
   1965.000     3.6825   3.312434   1944.377    35.0048    27.8229  1036.7983    1497.85      2.482 0.0000e+00       9.00
   1966.000     3.6825   3.312486   1945.362    35.0049    27.8230  1036.8028    1497.87      2.443 0.0000e+00      10.00
   1967.000     3.6825   3.312511   1946.347    35.0048    27.8229  1036.8072    1497.88      2.267 0.0000e+00      10.00
   1968.000     3.6825   3.312547   1947.332    35.0047    27.8228  1036.8116    1497.90      1.899 0.0000e+00      12.00
   1969.000     3.6827   3.312584   1948.317    35.0045    27.8226  1036.8158    1497.92      1.250 0.0000e+00      19.00
