dados/ctd/rad2_doei014.cnv
* Sea-Bird SBE 9 Raw Data File:
* FileName = C:\OceanoEI\OEI014.dat
* Software Version Seasave Win32 v1.10
* Temperature SN = 2326
* Conductivity SN = 2149
* Number of Bytes Per Scan = 12
* Number of Voltage Words = 0
* System UpLoad Time = Nov 05 2001 20:09:32
** H-40 
** Navio Oceanografico ANTARES 
** 173a Comissao Oceanografica 
** OCEANO LESTE I 
** Estacao: OEI014
** Latitude: 10 58.9 S
** Longitude: 035 45.2 W
** Data-Hora (DDHHMMZ/MMM/AA): 042007Z/NOV/01
** Profundidade Local (m): 3286
** N/S do CTD: 11282 
** Operador: 1T-ALEX URBANCG
# nquan = 11
# nvalues = 2534                        
# units = specified
# name 0 = prDM: Pressure, Digiquartz [db]
# name 1 = t068C: Temperature [ITS-68, deg C]
# name 2 = c0S/m: Conductivity [S/m]
# name 3 = depSM: Depth [salt water, m], lat = -15
# name 4 = sal00: Salinity [PSU]
# name 5 = sigma-t00: Density [sigma-t, Kg/m^3 ]
# name 6 = density00: Density [density, Kg/m^3]
# name 7 = svCM: Sound Velocity [Chen-Millero, m/s]
# name 8 = dz/dtM: Descent Rate [m/s], WS = 2
# name 9 = flag: flag
# name 10 = nbin: number of scans per bin
# span 0 =      1.000,   2534.000       
# span 1 =     2.9637,    26.9062       
# span 2 =   3.238328,   5.775734       
# span 3 =      0.994,   2504.077       
# span 4 =    34.4269,    37.2236       
# span 5 =    24.2061,    27.8566       
# span 6 =  1024.2149,  1039.4060       
# span 7 =    1478.86,    1541.23       
# span 8 =     -0.076,      2.764       
# span 9 = 0.0000e+00, 0.0000e+00       
# span 10 =       3.00,     296.00      
# interval = decibars: 1                
# start_time = Nov 05 2001 20:09:32
# bad_flag = -9.990e-29
*END*
[from data line 132]
    133.000    23.5270   5.412191    132.180    36.9405    25.2534  1025.8268    1535.11      2.339 0.0000e+00      11.00
    134.000    23.4290   5.399232    133.173    36.9222    25.2684  1025.8463    1534.86      2.403 0.0000e+00       8.00
    135.000    23.3878   5.394480    134.167    36.9197    25.2786  1025.8609    1534.77      2.295 0.0000e+00      11.00
    136.000    23.3815   5.393785    135.161    36.9192    25.2801  1025.8667    1534.77      2.048 0.0000e+00      10.00
    137.000    23.3633   5.390603    136.154    36.9095    25.2781  1025.8690    1534.73      1.728 0.0000e+00      16.00
    138.000    23.3217   5.384628    137.147    36.8979    25.2815  1025.8768    1534.63      1.419 0.0000e+00      16.00
    139.000    23.1658   5.364114    138.141    36.8693    25.3054  1025.9053    1534.23      1.171 0.0000e+00      23.00
    140.000    23.0457   5.348958    139.135    36.8522    25.3274  1025.9318    1533.92      1.134 0.0000e+00      20.00
    141.000    22.8668   5.325532    140.128    36.8198    25.3548  1025.9638    1533.45      1.374 0.0000e+00      19.00
    142.000    22.7524   5.310989    141.121    36.8022    25.3745  1025.9880    1533.15      1.645 0.0000e+00      13.00
    143.000    22.6517   5.298136    142.115    36.7862    25.3913  1026.0093    1532.89      1.767 0.0000e+00      14.00
    144.000    22.5663   5.287295    143.108    36.7729    25.4059  1026.0282    1532.68      1.789 0.0000e+00      14.00
    145.000    22.4767   5.276891    144.102    36.7665    25.4267  1026.0535    1532.46      1.828 0.0000e+00      12.00
    146.000    22.4014   5.266976    145.095    36.7519    25.4371  1026.0684    1532.26      1.898 0.0000e+00      13.00
    147.000    22.2969   5.253351    146.089    36.7326    25.4522  1026.0880    1531.99      1.938 0.0000e+00      12.00
    148.000    22.2106   5.242846    147.082    36.7224    25.4691  1026.1094    1531.77      1.921 0.0000e+00      12.00
    149.000    22.1198   5.229872    148.076    36.6965    25.4751  1026.1199    1531.52      1.803 0.0000e+00      14.00
    150.000    21.9359   5.206329    149.069    36.6655    25.5036  1026.1530    1531.02      1.596 0.0000e+00      15.00
    151.000    21.7512   5.184337    150.063    36.6472    25.5416  1026.1956    1530.54      1.425 0.0000e+00      17.00
    152.000    21.6346   5.169817    151.056    36.6303    25.5613  1026.2199    1530.23      1.395 0.0000e+00      17.00
    153.000    21.5997   5.165345    152.049    36.6239    25.5662  1026.2292    1530.15      1.454 0.0000e+00      17.00
    154.000    21.5660   5.160427    153.043    36.6130    25.5673  1026.2347    1530.06      1.600 0.0000e+00      15.00
    155.000    21.5096   5.153089    154.036    36.6020    25.5746  1026.2465    1529.92      1.730 0.0000e+00      14.00
    156.000    21.4807   5.149551    155.030    36.5980    25.5796  1026.2559    1529.85      1.792 0.0000e+00      13.00
    157.000    21.4307   5.142309    156.023    36.5822    25.5816  1026.2622    1529.72      1.790 0.0000e+00      13.00
    158.000    21.2989   5.125928    157.016    36.5629    25.6034  1026.2886    1529.36      1.729 0.0000e+00      14.00
    159.000    21.2005   5.113299    158.010    36.5450    25.6169  1026.3066    1529.10      1.620 0.0000e+00      15.00
    160.000    20.9013   5.074890    159.003    36.4907    25.6577  1026.3524    1528.25      1.511 0.0000e+00      15.00
    161.000    20.6605   5.046341    159.996    36.4653    25.7039  1026.4034    1527.59      1.504 0.0000e+00      16.00
    162.000    20.4739   5.023195    160.990    36.4368    25.7326  1026.4369    1527.07      1.629 0.0000e+00      15.00
    163.000    20.3850   5.013107    161.983    36.4306    25.7518  1026.4605    1526.84      1.796 0.0000e+00      14.00
    164.000    20.3714   5.011373    162.977    36.4278    25.7534  1026.4665    1526.81      1.854 0.0000e+00      11.00
    165.000    20.3657   5.010574    163.970    36.4258    25.7533  1026.4708    1526.81      1.717 0.0000e+00      16.00
    166.000    20.3162   5.003542    164.963    36.4105    25.7550  1026.4769    1526.67      1.367 0.0000e+00      15.00
    167.000    20.1202   4.979120    165.957    36.3790    25.7834  1026.5101    1526.12      0.991 0.0000e+00      26.00
    168.000    19.9839   4.962033    166.950    36.3558    25.8019  1026.5333    1525.73      1.333 0.0000e+00      18.00
    169.000    19.8678   4.946519    167.943    36.3278    25.8113  1026.5472    1525.40      1.812 0.0000e+00      14.00
    170.000    19.6514   4.920335    168.937    36.2983    25.8458  1026.5866    1524.78      2.096 0.0000e+00      11.00
    171.000    19.5880   4.913430    169.930    36.2956    25.8604  1026.6057    1524.62      2.236 0.0000e+00      11.00
    172.000    19.5343   4.906347    170.923    36.2830    25.8648  1026.6146    1524.47      2.274 0.0000e+00      10.00
    173.000    19.4877   4.901192    171.917    36.2802    25.8749  1026.6291    1524.35      2.249 0.0000e+00      10.00
    174.000    19.4512   4.896481    172.910    36.2724    25.8784  1026.6371    1524.26      2.196 0.0000e+00      11.00
    175.000    19.4024   4.890380    173.903    36.2636    25.8845  1026.6476    1524.13      2.114 0.0000e+00      11.00
    176.000    19.3452   4.883159    174.897    36.2528    25.8911  1026.6587    1523.97      1.954 0.0000e+00      12.00
    177.000    19.2642   4.873065    175.890    36.2387    25.9012  1026.6734    1523.75      1.562 0.0000e+00      15.00
    178.000    19.2104   4.866905    176.883    36.2336    25.9113  1026.6880    1523.61      0.715 0.0000e+00      51.00
    179.000    19.1146   4.854240    177.877    36.2107    25.9185  1026.6998    1523.33      1.413 0.0000e+00      17.00
    180.000    19.0342   4.844033    178.870    36.1948    25.9271  1026.7129    1523.10      2.060 0.0000e+00      11.00
    181.000    18.9554   4.834388    179.863    36.1821    25.9377  1026.7280    1522.88      2.397 0.0000e+00       9.00
    182.000    18.9044   4.827852    180.856    36.1713    25.9425  1026.7373    1522.73      2.598 0.0000e+00       9.00
    183.000    18.8356   4.819149    181.850    36.1578    25.9497  1026.7491    1522.54      2.623 0.0000e+00      10.00
    184.000    18.7422   4.807244    182.843    36.1386    25.9589  1026.7629    1522.27      2.351 0.0000e+00       7.00
    185.000    18.6648   4.799580    183.836    36.1412    25.9805  1026.7891    1522.07      1.751 0.0000e+00      17.00
    186.000    18.5360   4.784020    184.830    36.1220    25.9985  1026.8117    1521.69      0.695 0.0000e+00      36.00
    187.000    18.3661   4.762946    185.823    36.0916    26.0181  1026.8361    1521.19      0.909 0.0000e+00      27.00
    188.000    18.2565   4.749547    186.816    36.0735    26.0317  1026.8544    1520.87      1.263 0.0000e+00      20.00
    189.000    18.1668   4.738805    187.809    36.0603    26.0440  1026.8713    1520.61      1.543 0.0000e+00      16.00
    190.000    18.1464   4.736413    188.803    36.0575    26.0469  1026.8787    1520.56      1.803 0.0000e+00      13.00
    191.000    18.1380   4.735157    189.796    36.0538    26.0462  1026.8823    1520.55      1.999 0.0000e+00      11.00
    192.000    18.0355   4.720241    190.789    36.0160    26.0428  1026.8836    1520.23      2.134 0.0000e+00      11.00
    193.000    17.8858   4.703641    191.782    36.0051    26.0715  1026.9171    1519.79      2.208 0.0000e+00      12.00
    194.000    17.8247   4.696397    192.775    35.9964    26.0799  1026.9300    1519.62      2.214 0.0000e+00       9.00
    195.000    17.6856   4.678784    193.769    35.9672    26.0918  1026.9467    1519.20      2.154 0.0000e+00      12.00
    196.000    17.5252   4.659748    194.762    35.9442    26.1133  1026.9731    1518.71      2.016 0.0000e+00      11.00
    197.000    17.4569   4.653317    195.755    35.9487    26.1334  1026.9977    1518.53      1.804 0.0000e+00      14.00
    198.000    17.4257   4.649312    196.748    35.9413    26.1353  1027.0041    1518.45      1.532 0.0000e+00      17.00
    199.000    17.4004   4.646217    197.742    35.9365    26.1378  1027.0110    1518.39      1.332 0.0000e+00      18.00
    200.000    17.3815   4.643797    198.735    35.9319    26.1388  1027.0165    1518.34      1.380 0.0000e+00      17.00
    201.000    17.3615   4.641147    199.728    35.9262    26.1393  1027.0214    1518.29      1.599 0.0000e+00      16.00
    202.000    17.3081   4.634112    200.721    35.9120    26.1414  1027.0280    1518.14      1.733 0.0000e+00      13.00
    203.000    17.1913   4.619922    201.714    35.8919    26.1541  1027.0455    1517.78      1.682 0.0000e+00      13.00
    204.000    17.1512   4.615890    202.707    35.8919    26.1638  1027.0597    1517.68      1.444 0.0000e+00      16.00
    205.000    17.1246   4.612503    203.701    35.8857    26.1654  1027.0658    1517.61      1.184 0.0000e+00      21.00
    206.000    17.0895   4.607988    204.694    35.8771    26.1672  1027.0721    1517.51      1.340 0.0000e+00      19.00
    207.000    17.0187   4.598504    205.687    35.8568    26.1686  1027.0781    1517.29      1.809 0.0000e+00      13.00
    208.000    16.8508   4.577945    206.680    35.8259    26.1849  1027.0993    1516.77      2.155 0.0000e+00      11.00
    209.000    16.7490   4.566802    207.673    35.8184    26.2033  1027.1224    1516.47      2.349 0.0000e+00      10.00
    210.000    16.5969   4.546872    208.666    35.7782    26.2084  1027.1323    1515.98      2.371 0.0000e+00      10.00
    211.000    16.4299   4.529502    209.660    35.7737    26.2442  1027.1731    1515.49      2.230 0.0000e+00       9.00
    212.000    16.3634   4.522174    210.653    35.7680    26.2553  1027.1888    1515.30      1.901 0.0000e+00      14.00
    213.000    16.2910   4.513951    211.646    35.7595    26.2656  1027.2037    1515.08      1.382 0.0000e+00      18.00
    214.000    16.2083   4.504347    212.639    35.7480    26.2759  1027.2187    1514.83      0.833 0.0000e+00      32.00
    215.000    16.1713   4.499701    213.632    35.7395    26.2780  1027.2253    1514.73      1.220 0.0000e+00      21.00
    216.000    16.1470   4.496343    214.625    35.7310    26.2771  1027.2289    1514.66      1.876 0.0000e+00      12.00
    217.000    16.0942   4.489745    215.618    35.7192    26.2803  1027.2366    1514.50      2.264 0.0000e+00      11.00
    218.000    16.0331   4.482733    216.611    35.7113    26.2882  1027.2492    1514.32      2.472 0.0000e+00       9.00
    219.000    16.0023   4.479178    217.604    35.7068    26.2919  1027.2573    1514.24      2.461 0.0000e+00       9.00
    220.000    15.9301   4.469841    218.597    35.6878    26.2938  1027.2640    1514.01      2.261 0.0000e+00      10.00
    221.000    15.8415   4.460665    219.591    35.6851    26.3120  1027.2868    1513.75      1.803 0.0000e+00      14.00
    222.000    15.7834   4.453910    220.584    35.6765    26.3186  1027.2981    1513.58      1.096 0.0000e+00      21.00
    223.000    15.7184   4.446212    221.577    35.6657    26.3251  1027.3092    1513.38      0.562 0.0000e+00      43.00
    224.000    15.6768   4.441048    222.570    35.6563    26.3274  1027.3160    1513.26      1.580 0.0000e+00      14.00
    225.000    15.5634   4.425236    223.563    35.6159    26.3219  1027.3154    1512.87      1.980 0.0000e+00      12.00
    226.000    15.4016   4.408131    224.556    35.6073    26.3518  1027.3502    1512.38      2.167 0.0000e+00      11.00
    227.000    15.3538   4.402831    225.549    35.6022    26.3585  1027.3615    1512.24      2.207 0.0000e+00      11.00
    228.000    15.3062   4.397133    226.542    35.5933    26.3624  1027.3700    1512.09      2.143 0.0000e+00      11.00
    229.000    15.2439   4.390132    227.535    35.5858    26.3705  1027.3827    1511.91      2.018 0.0000e+00      12.00
    230.000    15.1879   4.383400    228.528    35.5751    26.3746  1027.3915    1511.74      1.850 0.0000e+00      12.00
    231.000    15.0717   4.369524    229.521    35.5538    26.3840  1027.4057    1511.36      1.687 0.0000e+00      15.00
    232.000    14.9658   4.358361    230.514    35.5479    26.4029  1027.4294    1511.04      1.570 0.0000e+00      14.00
    233.000    14.9206   4.352969    231.508    35.5393    26.4062  1027.4373    1510.90      1.512 0.0000e+00      16.00
    234.000    14.8590   4.345718    232.501    35.5286    26.4115  1027.4473    1510.71      1.468 0.0000e+00      18.00
    235.000    14.8087   4.339808    233.493    35.5199    26.4158  1027.4561    1510.56      1.420 0.0000e+00      16.00
    236.000    14.7619   4.334331    234.486    35.5119    26.4198  1027.4648    1510.42      1.383 0.0000e+00      18.00
    237.000    14.7122   4.328521    235.480    35.5035    26.4242  1027.4738    1510.26      1.454 0.0000e+00      16.00
    238.000    14.6732   4.324154    236.473    35.4986    26.4290  1027.4831    1510.15      1.662 0.0000e+00      14.00
    239.000    14.6489   4.321234    237.466    35.4935    26.4303  1027.4890    1510.09      1.909 0.0000e+00      14.00
    240.000    14.6170   4.317699    238.459    35.4897    26.4342  1027.4974    1509.99      2.120 0.0000e+00      10.00
    241.000    14.5822   4.313842    239.452    35.4856    26.4386  1027.5064    1509.89      2.246 0.0000e+00      11.00
    242.000    14.5662   4.312048    240.444    35.4833    26.4403  1027.5126    1509.86      2.260 0.0000e+00      10.00
    243.000    14.5361   4.308411    241.437    35.4768    26.4418  1027.5187    1509.77      2.115 0.0000e+00      11.00
    244.000    14.5154   4.306239    242.431    35.4753    26.4451  1027.5264    1509.72      1.746 0.0000e+00      14.00
    245.000    14.4774   4.301845    243.424    35.4691    26.4485  1027.5344    1509.61      0.980 0.0000e+00      28.00
    246.000    14.3999   4.292794    244.417    35.4560    26.4551  1027.5457    1509.36      0.847 0.0000e+00      30.00
    247.000    14.3496   4.286972    245.409    35.4477    26.4595  1027.5548    1509.21      1.777 0.0000e+00      14.00
    248.000    14.3213   4.283339    246.402    35.4396    26.4593  1027.5591    1509.12      2.213 0.0000e+00       9.00
    249.000    14.2292   4.272070    247.396    35.4190    26.4631  1027.5677    1508.82      2.489 0.0000e+00      10.00
    250.000    14.1407   4.262070    248.388    35.4069    26.4726  1027.5820    1508.54      2.577 0.0000e+00       9.00
    251.000    14.0435   4.251897    249.381    35.4010    26.4886  1027.6029    1508.23      2.390 0.0000e+00       8.00
    252.000    13.9540   4.241626    250.374    35.3871    26.4968  1027.6159    1507.94      1.940 0.0000e+00      12.00
    253.000    13.8623   4.232291    251.367    35.3838    26.5135  1027.6374    1507.66      1.252 0.0000e+00      22.00
    254.000    13.8584   4.231878    252.360    35.3831    26.5139  1027.6422    1507.66      1.342 0.0000e+00      17.00
    255.000    13.8266   4.228204    253.353    35.3776    26.5162  1027.6491    1507.56      1.410 0.0000e+00      17.00
    256.000    13.7820   4.222633    254.346    35.3660    26.5166  1027.6541    1507.42      1.523 0.0000e+00      16.00
    257.000    13.6817   4.211293    255.339    35.3517    26.5264  1027.6689    1507.09      1.556 0.0000e+00      15.00
    258.000    13.5975   4.202445    256.332    35.3458    26.5394  1027.6866    1506.83      1.405 0.0000e+00      17.00
    259.000    13.5485   4.197202    257.325    35.3413    26.5461  1027.6979    1506.68      1.196 0.0000e+00      18.00
    260.000    13.5294   4.195472    258.318    35.3422    26.5507  1027.7071    1506.64      1.340 0.0000e+00      20.00
    261.000    13.5016   4.192222    259.311    35.3369    26.5523  1027.7132    1506.55      1.725 0.0000e+00      13.00
    262.000    13.4985   4.192050    260.303    35.3377    26.5536  1027.7190    1506.56      2.038 0.0000e+00      12.00
