dados/ctd/rad2_doei015.cnv
* Sea-Bird SBE 9 Raw Data File:
* FileName = C:\OceanoEI\OEI015.dat
* Software Version Seasave Win32 v1.10
* Temperature SN = 2326
* Conductivity SN = 2149
* Number of Bytes Per Scan = 12
* Number of Voltage Words = 0
* System UpLoad Time = Nov 06 2001 01:01:29
** H-40 
** Navio Oceanografico ANTARES 
** 173a Comissao Oceanografica 
** OCEANO LESTE I 
** Estacao: OEI015
** Latitude: 11 09.8 S
** Longitude: 035 15.2 W
** Data-Hora (DDHHMMZ/MMM/AA): 050100Z/NOV/01
** Profundidade Local (m): 3862
** N/S do CTD: 11282 
** Operador: 1T E. ALMEIDA
# nquan = 11
# nvalues = 2559                        
# units = specified
# name 0 = prDM: Pressure, Digiquartz [db]
# name 1 = t068C: Temperature [ITS-68, deg C]
# name 2 = c0S/m: Conductivity [S/m]
# name 3 = depSM: Depth [salt water, m], lat = -15
# name 4 = sal00: Salinity [PSU]
# name 5 = sigma-t00: Density [sigma-t, Kg/m^3 ]
# name 6 = density00: Density [density, Kg/m^3]
# name 7 = svCM: Sound Velocity [Chen-Millero, m/s]
# name 8 = dz/dtM: Descent Rate [m/s], WS = 2
# name 9 = flag: flag
# name 10 = nbin: number of scans per bin
# span 0 =      1.000,   2559.000       
# span 1 =     2.8941,    27.1171       
# span 2 =   3.257302,   5.743696       
# span 3 =      0.994,   2528.634       
# span 4 =    34.4568,    37.2683       
# span 5 =    23.8117,    27.8580       
# span 6 =  1023.8172,  1039.5203       
# span 7 =    1479.86,    1541.16       
# span 8 =     -0.593,      3.446       
# span 9 = 0.0000e+00, 0.0000e+00       
# span 10 =       5.00,     187.00      
# interval = decibars: 1                
# start_time = Nov 06 2001 01:01:29
# bad_flag = -9.990e-29
*END*
[from data line 263]
    264.000    12.0569   4.034330    262.289    35.1698    26.7107  1027.8918    1501.57      1.123 0.0000e+00      20.00
    265.000    12.0541   4.033909    263.282    35.1679    26.7097  1027.8952    1501.58      1.471 0.0000e+00      15.00
    266.000    12.0354   4.031360    264.275    35.1602    26.7074  1027.8975    1501.52      1.755 0.0000e+00      15.00
    267.000    11.9669   4.024069    265.268    35.1532    26.7151  1027.9099    1501.29      2.012 0.0000e+00      11.00
    268.000    11.9275   4.019532    266.261    35.1456    26.7166  1027.9161    1501.17      2.224 0.0000e+00      12.00
    269.000    11.8807   4.014575    267.253    35.1408    26.7218  1027.9260    1501.02      2.376 0.0000e+00       9.00
    270.000    11.8356   4.009640    268.247    35.1346    26.7256  1027.9345    1500.87      2.445 0.0000e+00       9.00
    271.000    11.8137   4.007676    269.239    35.1356    26.7305  1027.9440    1500.82      2.404 0.0000e+00      10.00
    272.000    11.8002   4.006143    270.232    35.1329    26.7310  1027.9490    1500.78      2.231 0.0000e+00      10.00
    273.000    11.7837   4.004345    271.225    35.1303    26.7321  1027.9547    1500.74      1.866 0.0000e+00      13.00
    274.000    11.7569   4.001472    272.218    35.1270    26.7346  1027.9618    1500.66      1.155 0.0000e+00      24.00
    275.000    11.6485   3.989586    273.211    35.1122    26.7436  1027.9758    1500.29      0.577 0.0000e+00      44.00
    276.000    11.5359   3.977245    274.203    35.0969    26.7527  1027.9900    1499.89      1.499 0.0000e+00      16.00
    277.000    11.4395   3.965927    275.196    35.0761    26.7545  1027.9968    1499.55      2.028 0.0000e+00      11.00
    278.000    11.3898   3.961436    276.189    35.0783    26.7655  1028.0125    1499.40      2.341 0.0000e+00      10.00
    279.000    11.3669   3.958893    277.182    35.0745    26.7668  1028.0183    1499.33      2.555 0.0000e+00       9.00
    280.000    11.3412   3.955979    278.175    35.0695    26.7677  1028.0238    1499.25      2.651 0.0000e+00       9.00
    281.000    11.3297   3.955086    279.167    35.0711    26.7711  1028.0318    1499.23      2.658 0.0000e+00       9.00
    282.000    11.3252   3.954567    280.161    35.0699    26.7709  1028.0361    1499.23      2.531 0.0000e+00       9.00
    283.000    11.3189   3.953831    281.153    35.0680    26.7706  1028.0403    1499.22      2.266 0.0000e+00       9.00
    284.000    11.3022   3.952033    282.146    35.0657    26.7719  1028.0461    1499.18      1.811 0.0000e+00      15.00
    285.000    11.2887   3.950647    283.139    35.0643    26.7733  1028.0521    1499.15      1.267 0.0000e+00      21.00
    286.000    11.2678   3.948314    284.131    35.0606    26.7742  1028.0576    1499.09      0.894 0.0000e+00      26.00
    287.000    11.2481   3.946167    285.124    35.0575    26.7755  1028.0635    1499.03      0.857 0.0000e+00      31.00
    288.000    11.2279   3.943846    286.117    35.0533    26.7759  1028.0685    1498.97      1.421 0.0000e+00      17.00
    289.000    11.1972   3.940417    287.110    35.0479    26.7774  1028.0746    1498.88      2.039 0.0000e+00      11.00
    290.000    11.1589   3.936151    288.103    35.0414    26.7794  1028.0813    1498.75      2.443 0.0000e+00       9.00
    291.000    11.1136   3.931265    289.096    35.0355    26.7830  1028.0897    1498.60      2.676 0.0000e+00       8.00
    292.000    11.0341   3.921499    290.088    35.0134    26.7803  1028.0919    1498.31      2.778 0.0000e+00       8.00
    293.000    10.9439   3.913304    291.081    35.0171    26.7995  1028.1161    1498.02      2.728 0.0000e+00       9.00
    294.000    10.9141   3.910621    292.074    35.0182    26.8058  1028.1269    1497.93      2.527 0.0000e+00       9.00
    295.000    10.8912   3.908173    293.066    35.0151    26.8075  1028.1333    1497.87      2.166 0.0000e+00      11.00
    296.000    10.8736   3.906445    294.059    35.0142    26.8099  1028.1403    1497.82      1.610 0.0000e+00      15.00
    297.000    10.8566   3.904607    295.052    35.0115    26.8110  1028.1459    1497.77      1.055 0.0000e+00      24.00
    298.000    10.8391   3.902646    296.045    35.0081    26.8114  1028.1510    1497.72      0.943 0.0000e+00      27.00
    299.000    10.8194   3.900460    297.037    35.0046    26.8123  1028.1564    1497.67      1.175 0.0000e+00      19.00
    300.000    10.7934   3.897481    298.030    34.9992    26.8127  1028.1614    1497.59      1.559 0.0000e+00      16.00
    301.000    10.7608   3.894017    299.023    34.9951    26.8153  1028.1687    1497.48      1.829 0.0000e+00      13.00
    302.000    10.7238   3.889836    300.015    34.9881    26.8165  1028.1746    1497.36      1.908 0.0000e+00      12.00
    303.000    10.6611   3.883238    301.008    34.9812    26.8223  1028.1853    1497.15      1.837 0.0000e+00      13.00
    304.000    10.6044   3.877488    302.001    34.9772    26.8292  1028.1970    1496.96      1.763 0.0000e+00      14.00
    305.000    10.5540   3.872020    302.994    34.9698    26.8324  1028.2050    1496.79      1.809 0.0000e+00      13.00
    306.000    10.5104   3.867707    303.986    34.9677    26.8385  1028.2158    1496.65      1.945 0.0000e+00      13.00
    307.000    10.4915   3.865674    304.979    34.9648    26.8396  1028.2215    1496.59      2.047 0.0000e+00      11.00
    308.000    10.4479   3.860787    305.972    34.9567    26.8409  1028.2276    1496.44      2.028 0.0000e+00      11.00
    309.000    10.4089   3.857057    306.964    34.9560    26.8471  1028.2385    1496.32      1.825 0.0000e+00      13.00
    310.000    10.3817   3.854211    307.957    34.9528    26.8495  1028.2455    1496.24      1.430 0.0000e+00      17.00
    311.000    10.3289   3.848821    308.950    34.9485    26.8553  1028.2562    1496.06      1.066 0.0000e+00      23.00
    312.000    10.2983   3.845712    309.942    34.9460    26.8587  1028.2642    1495.97      1.163 0.0000e+00      22.00
    313.000    10.2821   3.843881    310.935    34.9425    26.8588  1028.2690    1495.92      1.397 0.0000e+00      16.00
    314.000    10.2676   3.842380    311.928    34.9407    26.8599  1028.2746    1495.88      1.548 0.0000e+00      16.00
    315.000    10.2553   3.841017    312.920    34.9382    26.8601  1028.2794    1495.85      1.673 0.0000e+00      15.00
    316.000    10.2351   3.838659    313.913    34.9333    26.8598  1028.2837    1495.79      1.813 0.0000e+00      13.00
    317.000    10.1937   3.834317    314.906    34.9285    26.8633  1028.2919    1495.65      1.955 0.0000e+00      12.00
    318.000    10.1744   3.832409    315.898    34.9273    26.8656  1028.2989    1495.60      2.057 0.0000e+00      12.00
    319.000    10.1491   3.829537    316.891    34.9219    26.8658  1028.3037    1495.52      2.106 0.0000e+00      11.00
    320.000    10.1014   3.824557    317.883    34.9167    26.8699  1028.3126    1495.36      2.060 0.0000e+00      11.00
    321.000    10.0664   3.821267    318.876    34.9163    26.8757  1028.3231    1495.25      1.903 0.0000e+00      12.00
    322.000    10.0489   3.819415    319.868    34.9139    26.8768  1028.3288    1495.20      1.643 0.0000e+00      15.00
    323.000    10.0117   3.815417    320.861    34.9084    26.8789  1028.3357    1495.08      1.334 0.0000e+00      16.00
    324.000     9.9543   3.809632    321.854    34.9043    26.8854  1028.3471    1494.88      1.066 0.0000e+00      27.00
    325.000     9.9345   3.807566    322.846    34.9018    26.8869  1028.3531    1494.82      1.203 0.0000e+00      20.00
    326.000     9.8849   3.802296    323.839    34.8952    26.8902  1028.3613    1494.65      1.547 0.0000e+00      16.00
    327.000     9.8551   3.799235    324.832    34.8922    26.8929  1028.3687    1494.56      1.809 0.0000e+00      12.00
    328.000     9.8233   3.796038    325.824    34.8897    26.8963  1028.3768    1494.46      1.918 0.0000e+00      12.00
    329.000     9.8021   3.793897    326.817    34.8878    26.8984  1028.3836    1494.39      1.874 0.0000e+00      11.00
    330.000     9.7718   3.790754    327.809    34.8844    26.9009  1028.3907    1494.30      1.658 0.0000e+00      16.00
    331.000     9.7425   3.787839    328.802    34.8823    26.9042  1028.3987    1494.20      1.387 0.0000e+00      18.00
    332.000     9.6779   3.780815    329.795    34.8722    26.9071  1028.4066    1493.97      1.463 0.0000e+00      19.00
    333.000     9.6079   3.773751    330.787    34.8668    26.9146  1028.4190    1493.73      1.833 0.0000e+00      11.00
    334.000     9.5817   3.771282    331.779    34.8662    26.9185  1028.4276    1493.65      2.125 0.0000e+00      11.00
    335.000     9.5664   3.769460    332.772    34.8618    26.9177  1028.4314    1493.61      2.244 0.0000e+00      11.00
    336.000     9.5316   3.766013    333.765    34.8595    26.9216  1028.4401    1493.50      2.186 0.0000e+00      10.00
    337.000     9.5185   3.765043    334.757    34.8617    26.9256  1028.4486    1493.47      1.921 0.0000e+00      13.00
    338.000     9.5077   3.764129    335.750    34.8623    26.9278  1028.4554    1493.44      1.383 0.0000e+00      17.00
    339.000     9.4756   3.760825    336.742    34.8588    26.9304  1028.4627    1493.34      0.678 0.0000e+00      44.00
    340.000     9.4377   3.756744    337.735    34.8530    26.9321  1028.4692    1493.21      1.494 0.0000e+00      15.00
    341.000     9.4007   3.752688    338.727    34.8465    26.9331  1028.4750    1493.09      2.165 0.0000e+00      12.00
    342.000     9.3500   3.747422    339.720    34.8407    26.9370  1028.4837    1492.91      2.548 0.0000e+00       8.00
    343.000     9.3118   3.743626    340.712    34.8380    26.9411  1028.4926    1492.78      2.761 0.0000e+00       9.00
    344.000     9.2588   3.737965    341.705    34.8303    26.9437  1028.5001    1492.60      2.812 0.0000e+00       8.00
    345.000     9.2200   3.734982    342.697    34.8366    26.9550  1028.5161    1492.48      2.711 0.0000e+00       9.00
    346.000     9.2207   3.735833    343.690    34.8443    26.9609  1028.5265    1492.51      2.446 0.0000e+00       8.00
    347.000     9.2082   3.734586    344.682    34.8430    26.9619  1028.5321    1492.48      1.926 0.0000e+00      14.00
    348.000     9.1889   3.732828    345.675    34.8431    26.9651  1028.5399    1492.42      1.002 0.0000e+00      31.00
    349.000     9.1733   3.731184    346.667    34.8407    26.9658  1028.5453    1492.38      0.739 0.0000e+00      33.00
    350.000     9.1569   3.729277    347.660    34.8364    26.9650  1028.5492    1492.33      1.261 0.0000e+00      19.00
    351.000     9.1118   3.724316    348.652    34.8282    26.9660  1028.5549    1492.17      1.680 0.0000e+00      14.00
    352.000     9.0495   3.717722    349.645    34.8197    26.9694  1028.5633    1491.95      2.083 0.0000e+00      12.00
    353.000     9.0172   3.714909    350.637    34.8214    26.9759  1028.5745    1491.85      2.407 0.0000e+00      10.00
    354.000     9.0059   3.713723    351.630    34.8195    26.9762  1028.5795    1491.82      2.592 0.0000e+00       8.00
    355.000     8.9927   3.712234    352.622    34.8164    26.9759  1028.5837    1491.78      2.621 0.0000e+00       9.00
    356.000     8.9806   3.711125    353.615    34.8162    26.9776  1028.5901    1491.75      2.480 0.0000e+00      10.00
    357.000     8.9665   3.709725    354.607    34.8149    26.9789  1028.5960    1491.72      2.141 0.0000e+00      11.00
    358.000     8.9492   3.708085    355.599    34.8141    26.9811  1028.6028    1491.67      1.594 0.0000e+00      16.00
    359.000     8.9245   3.705581    356.592    34.8116    26.9830  1028.6095    1491.59      1.015 0.0000e+00      26.00
    360.000     8.9068   3.703806    357.584    34.8098    26.9845  1028.6155    1491.54      1.146 0.0000e+00      22.00
    361.000     8.9060   3.703734    358.577    34.8094    26.9843  1028.6199    1491.55      1.417 0.0000e+00      14.00
    362.000     8.9029   3.703395    359.569    34.8083    26.9840  1028.6241    1491.56      1.411 0.0000e+00      18.00
    363.000     8.8948   3.702584    360.562    34.8073    26.9844  1028.6291    1491.54      1.346 0.0000e+00      17.00
    364.000     8.8852   3.701483    361.554    34.8047    26.9840  1028.6333    1491.52      1.532 0.0000e+00      18.00
    365.000     8.8771   3.700705    362.546    34.8041    26.9847  1028.6386    1491.51      1.925 0.0000e+00      12.00
    366.000     8.8689   3.699778    363.539    34.8018    26.9843  1028.6427    1491.49      2.233 0.0000e+00      10.00
    367.000     8.8563   3.698195    364.531    34.7971    26.9825  1028.6456    1491.45      2.424 0.0000e+00       9.00
    368.000     8.8265   3.695158    365.523    34.7939    26.9848  1028.6526    1491.36      2.434 0.0000e+00      10.00
    369.000     8.8188   3.694509    366.516    34.7942    26.9863  1028.6587    1491.34      2.279 0.0000e+00      11.00
    370.000     8.7935   3.691735    367.508    34.7894    26.9865  1028.6636    1491.26      1.908 0.0000e+00      12.00
    371.000     8.7522   3.687914    368.501    34.7892    26.9929  1028.6748    1491.12      1.265 0.0000e+00      20.00
    372.000     8.7370   3.686449    369.493    34.7882    26.9944  1028.6810    1491.08      0.708 0.0000e+00      38.00
    373.000     8.7135   3.684058    370.485    34.7855    26.9961  1028.6873    1491.01      1.089 0.0000e+00      23.00
    374.000     8.6824   3.680839    371.478    34.7817    26.9980  1028.6940    1490.90      1.609 0.0000e+00      14.00
    375.000     8.6174   3.673852    372.470    34.7713    27.0000  1028.7011    1490.67      2.024 0.0000e+00      11.00
    376.000     8.5708   3.669660    373.462    34.7723    27.0081  1028.7140    1490.51      2.362 0.0000e+00      11.00
    377.000     8.5640   3.669052    374.455    34.7722    27.0090  1028.7195    1490.50      2.583 0.0000e+00       7.00
    378.000     8.5500   3.667239    375.447    34.7663    27.0066  1028.7218    1490.46      2.703 0.0000e+00       8.00
    379.000     8.5295   3.665582    376.439    34.7684    27.0115  1028.7313    1490.40      2.692 0.0000e+00      10.00
    380.000     8.5123   3.663660    377.432    34.7645    27.0111  1028.7355    1490.35      2.571 0.0000e+00       9.00
    381.000     8.4938   3.661882    378.424    34.7635    27.0131  1028.7423    1490.30      2.330 0.0000e+00       9.00
    382.000     8.4477   3.656949    379.416    34.7561    27.0145  1028.7485    1490.13      1.926 0.0000e+00      14.00
    383.000     8.3936   3.651988    380.409    34.7562    27.0229  1028.7619    1489.94      1.286 0.0000e+00      18.00
    384.000     8.3597   3.648499    381.401    34.7520    27.0249  1028.7686    1489.83      0.639 0.0000e+00      44.00
    385.000     8.3336   3.645727    382.393    34.7479    27.0256  1028.7741    1489.74      1.428 0.0000e+00      17.00
    386.000     8.3219   3.644593    383.386    34.7469    27.0266  1028.7797    1489.71      1.971 0.0000e+00      12.00
    387.000     8.3166   3.643977    384.378    34.7451    27.0260  1028.7837    1489.71      2.239 0.0000e+00       9.00
    388.000     8.2959   3.641586    385.370    34.7396    27.0249  1028.7872    1489.64      2.302 0.0000e+00      10.00
    389.000     8.2675   3.638965    386.363    34.7392    27.0289  1028.7961    1489.55      2.144 0.0000e+00      11.00
    390.000     8.2561   3.637898    387.355    34.7387    27.0302  1028.8020    1489.52      1.783 0.0000e+00      13.00
    391.000     8.2420   3.636498    388.347    34.7372    27.0312  1028.8076    1489.48      1.309 0.0000e+00      20.00
    392.000     8.2202   3.634237    389.340    34.7342    27.0321  1028.8133    1489.42      1.312 0.0000e+00      19.00
    393.000     8.1777   3.629848    390.332    34.7288    27.0343  1028.8204    1489.26      1.716 0.0000e+00      14.00
