dados/ctd/rad2_doei013.cnv
* Sea-Bird SBE 9 Raw Data File:
* FileName = C:\OceanoEI\OEI013.dat
* Software Version Seasave Win32 v1.10
* Temperature SN = 2326
* Conductivity SN = 2149
* Number of Bytes Per Scan = 12
* Number of Voltage Words = 0
* System UpLoad Time = Nov 05 2001 15:57:09
** H-40 
** Navio Oceanografico ANTARES 
** 173a Comissao Oceanografica 
** OCEANO LESTE I 
** Estacao: OEI013
** Latitude: 10 47.8 S
** Longitude: 036 11.4 W
** Data-Hora (DDHHMMZ/MMM/AA): 051553Z/NOV/01
** Profundidade Local (m): 1318
** N/S do CTD: 11282 
** Operador: CT BARREIRA
# nquan = 11
# nvalues = 1213                        
# units = specified
# name 0 = prDM: Pressure, Digiquartz [db]
# name 1 = t068C: Temperature [ITS-68, deg C]
# name 2 = c0S/m: Conductivity [S/m]
# name 3 = depSM: Depth [salt water, m], lat = -15
# name 4 = sal00: Salinity [PSU]
# name 5 = sigma-t00: Density [sigma-t, Kg/m^3 ]
# name 6 = density00: Density [density, Kg/m^3]
# name 7 = svCM: Sound Velocity [Chen-Millero, m/s]
# name 8 = dz/dtM: Descent Rate [m/s], WS = 2
# name 9 = flag: flag
# name 10 = nbin: number of scans per bin
# span 0 =      2.000,   1214.000       
# span 1 =     3.7670,    26.7675       
# span 2 =   3.233973,   5.758473       
# span 3 =      1.988,   1203.391       
# span 4 =    34.4429,    37.1668       
# span 5 =    24.2423,    27.5401       
# span 6 =  1024.2509,  1033.1207       
# span 7 =    1480.00,    1540.63       
# span 8 =      0.230,      2.783       
# span 9 = 0.0000e+00, 0.0000e+00       
# span 10 =       7.00,     207.00      
# interval = decibars: 1                
# start_time = Nov 05 2001 15:57:09
# bad_flag = -9.990e-29
*END*
[from data line 263]
    265.000    12.9264   4.124003    263.282    35.2211    26.5797  1027.7611    1504.58      1.113 0.0000e+00      22.00
    266.000    12.9217   4.123530    264.275    35.2205    26.5801  1027.7661    1504.58      1.527 0.0000e+00      15.00
    267.000    12.9102   4.122064    265.268    35.2167    26.5795  1027.7699    1504.55      1.778 0.0000e+00      13.00
    268.000    12.8858   4.119272    266.261    35.2123    26.5810  1027.7760    1504.48      1.928 0.0000e+00      13.00
    269.000    12.8494   4.115306    267.254    35.2078    26.5848  1027.7844    1504.37      1.963 0.0000e+00      12.00
    270.000    12.8269   4.113168    268.246    35.2079    26.5894  1027.7935    1504.31      1.815 0.0000e+00      13.00
    271.000    12.8230   4.112836    269.239    35.2080    26.5902  1027.7988    1504.32      1.446 0.0000e+00      16.00
    272.000    12.8144   4.111801    270.232    35.2056    26.5901  1027.8032    1504.30      0.979 0.0000e+00      29.00
    273.000    12.7652   4.106348    271.225    35.1987    26.5946  1027.8123    1504.15      1.023 0.0000e+00      22.00
    274.000    12.7288   4.102298    272.218    35.1935    26.5977  1027.8201    1504.04      1.302 0.0000e+00      18.00
    275.000    12.6945   4.098536    273.211    35.1889    26.6010  1027.8280    1503.93      1.473 0.0000e+00      16.00
    276.000    12.6771   4.096702    274.204    35.1870    26.6030  1027.8345    1503.89      1.595 0.0000e+00      14.00
    277.000    12.6340   4.091533    275.196    35.1772    26.6039  1027.8401    1503.75      1.658 0.0000e+00      16.00
    278.000    12.5484   4.082012    276.189    35.1650    26.6113  1027.8524    1503.46      1.645 0.0000e+00      13.00
    279.000    12.4642   4.073670    277.182    35.1628    26.6261  1027.8721    1503.19      1.545 0.0000e+00      16.00
    280.000    12.4066   4.067217    278.175    35.1540    26.6306  1027.8813    1503.00      1.397 0.0000e+00      17.00
    281.000    12.3445   4.060613    279.167    35.1477    26.6379  1027.8933    1502.80      1.265 0.0000e+00      19.00
    282.000    12.2839   4.053563    280.160    35.1358    26.6404  1027.9006    1502.60      1.233 0.0000e+00      20.00
    283.000    12.1204   4.036168    281.153    35.1198    26.6596  1027.9251    1502.04      1.178 0.0000e+00      20.00
    284.000    12.0560   4.029529    282.146    35.1152    26.6685  1027.9388    1501.83      1.030 0.0000e+00      23.00
    285.000    12.0442   4.028232    283.139    35.1132    26.6692  1027.9441    1501.81      1.140 0.0000e+00      20.00
    286.000    12.0423   4.027971    284.132    35.1120    26.6686  1027.9479    1501.82      1.422 0.0000e+00      16.00
    287.000    12.0372   4.027344    285.124    35.1103    26.6682  1027.9521    1501.81      1.662 0.0000e+00      16.00
    288.000    12.0117   4.024304    286.117    35.1043    26.6684  1027.9569    1501.74      1.843 0.0000e+00      12.00
    289.000    11.9718   4.020392    287.110    35.1031    26.6752  1027.9683    1501.62      1.894 0.0000e+00      12.00
    290.000    11.9564   4.018737    288.103    35.1011    26.6766  1027.9742    1501.58      1.771 0.0000e+00      14.00
    291.000    11.9266   4.015495    289.095    35.0969    26.6790  1027.9813    1501.49      1.441 0.0000e+00      16.00
    292.000    11.8884   4.011601    290.088    35.0944    26.6843  1027.9912    1501.37      0.992 0.0000e+00      26.00
    293.000    11.8656   4.009123    291.081    35.0913    26.6862  1027.9977    1501.30      0.954 0.0000e+00      25.00
    294.000    11.8568   4.008201    292.074    35.0901    26.6870  1028.0030    1501.29      1.193 0.0000e+00      20.00
    295.000    11.8433   4.006653    293.066    35.0872    26.6873  1028.0078    1501.25      1.340 0.0000e+00      17.00
    296.000    11.8162   4.003818    294.059    35.0846    26.6904  1028.0156    1501.18      1.419 0.0000e+00      18.00
    297.000    11.7778   3.999480    295.052    35.0778    26.6925  1028.0223    1501.05      1.502 0.0000e+00      15.00
    298.000    11.7163   3.992653    296.045    35.0684    26.6967  1028.0314    1500.85      1.520 0.0000e+00      15.00
    299.000    11.5781   3.978263    297.037    35.0569    26.7138  1028.0537    1500.37      1.401 0.0000e+00      16.00
    300.000    11.5332   3.973871    298.030    35.0557    26.7212  1028.0658    1500.23      1.204 0.0000e+00      20.00
    301.000    11.4433   3.964180    299.023    35.0446    26.7294  1028.0790    1499.93      1.200 0.0000e+00      21.00
    302.000    11.4026   3.959903    300.015    35.0405    26.7337  1028.0880    1499.80      1.445 0.0000e+00      16.00
    303.000    11.3668   3.956179    301.008    35.0371    26.7377  1028.0967    1499.68      1.600 0.0000e+00      14.00
    304.000    11.3165   3.950797    302.001    35.0310    26.7423  1028.1060    1499.52      1.585 0.0000e+00      15.00
    305.000    11.2650   3.945371    302.993    35.0256    26.7476  1028.1160    1499.35      1.456 0.0000e+00      17.00
    306.000    11.2295   3.941482    303.986    35.0203    26.7500  1028.1231    1499.24      1.295 0.0000e+00      17.00
    307.000    11.2029   3.938682    304.979    35.0174    26.7526  1028.1303    1499.16      1.063 0.0000e+00      23.00
    308.000    11.1954   3.937802    305.972    35.0153    26.7523  1028.1346    1499.14      0.873 0.0000e+00      29.00
    309.000    11.1767   3.935707    306.964    35.0118    26.7530  1028.1399    1499.09      1.153 0.0000e+00      20.00
    310.000    11.1685   3.934868    307.957    35.0108    26.7537  1028.1452    1499.08      1.477 0.0000e+00      15.00
    311.000    11.1674   3.934722    308.950    35.0100    26.7533  1028.1492    1499.09      1.618 0.0000e+00      15.00
    312.000    11.1659   3.934534    309.942    35.0091    26.7529  1028.1533    1499.10      1.629 0.0000e+00      15.00
    313.000    11.1558   3.933456    310.935    35.0075    26.7535  1028.1584    1499.08      1.559 0.0000e+00      15.00
    314.000    11.1504   3.932867    311.928    35.0063    26.7535  1028.1630    1499.08      1.473 0.0000e+00      16.00
    315.000    11.1308   3.930623    312.920    35.0022    26.7540  1028.1680    1499.02      1.473 0.0000e+00      16.00
    316.000    11.1052   3.927988    313.913    34.9999    26.7568  1028.1755    1498.94      1.472 0.0000e+00      17.00
    317.000    11.0907   3.926495    314.906    34.9983    26.7582  1028.1814    1498.91      1.291 0.0000e+00      17.00
    318.000    11.0831   3.925698    315.898    34.9971    26.7587  1028.1864    1498.90      0.788 0.0000e+00      36.00
    319.000    11.0719   3.924441    316.891    34.9948    26.7590  1028.1912    1498.87      0.952 0.0000e+00      25.00
    320.000    11.0467   3.921562    317.883    34.9897    26.7595  1028.1964    1498.79      1.453 0.0000e+00      17.00
    321.000    11.0225   3.919223    318.876    34.9889    26.7633  1028.2048    1498.72      1.658 0.0000e+00      14.00
    322.000    11.0127   3.918155    319.868    34.9871    26.7637  1028.2098    1498.70      1.709 0.0000e+00      14.00
    323.000    11.0021   3.917072    320.861    34.9860    26.7647  1028.2153    1498.68      1.680 0.0000e+00      14.00
    324.000    10.9917   3.915993    321.854    34.9847    26.7656  1028.2207    1498.66      1.647 0.0000e+00      14.00
    325.000    10.9785   3.914555    322.846    34.9824    26.7663  1028.2260    1498.63      1.539 0.0000e+00      14.00
    326.000    10.9601   3.912657    323.839    34.9806    26.7682  1028.2325    1498.58      1.248 0.0000e+00      21.00
    327.000    10.9479   3.911419    324.831    34.9794    26.7694  1028.2382    1498.55      1.000 0.0000e+00      25.00
    328.000    10.9410   3.910682    325.824    34.9782    26.7697  1028.2431    1498.54      1.165 0.0000e+00      20.00
    329.000    10.9244   3.908882    326.817    34.9755    26.7707  1028.2486    1498.49      1.217 0.0000e+00      19.00
    330.000    10.9074   3.907168    327.809    34.9741    26.7726  1028.2551    1498.45      0.926 0.0000e+00      25.00
    331.000    10.8750   3.903599    328.802    34.9689    26.7744  1028.2616    1498.35      1.057 0.0000e+00      24.00
    332.000    10.8196   3.897455    329.795    34.9596    26.7771  1028.2692    1498.16      1.667 0.0000e+00      15.00
    333.000    10.7529   3.890205    330.787    34.9501    26.7817  1028.2787    1497.93      2.028 0.0000e+00      11.00
    334.000    10.6890   3.884038    331.779    34.9488    26.7920  1028.2939    1497.72      2.170 0.0000e+00      10.00
    335.000    10.6751   3.882975    332.772    34.9509    26.7962  1028.3026    1497.69      2.064 0.0000e+00      10.00
    336.000    10.6716   3.882621    333.765    34.9503    26.7963  1028.3072    1497.69      1.562 0.0000e+00      16.00
    337.000    10.6581   3.881129    334.757    34.9477    26.7967  1028.3122    1497.66      0.545 0.0000e+00      50.00
    338.000    10.6238   3.877395    335.750    34.9425    26.7987  1028.3189    1497.54      1.457 0.0000e+00      16.00
    339.000    10.6003   3.875021    336.742    34.9406    26.8014  1028.3262    1497.48      1.702 0.0000e+00      13.00
    340.000    10.5914   3.874138    337.735    34.9398    26.8024  1028.3317    1497.46      1.565 0.0000e+00      14.00
    341.000    10.5611   3.870896    338.727    34.9356    26.8045  1028.3385    1497.36      1.138 0.0000e+00      23.00
    342.000    10.5402   3.868882    339.720    34.9349    26.8076  1028.3463    1497.31      0.974 0.0000e+00      25.00
    343.000    10.5329   3.868085    340.712    34.9334    26.8078  1028.3510    1497.29      1.247 0.0000e+00      20.00
    344.000    10.5209   3.866799    341.705    34.9315    26.8084  1028.3561    1497.27      1.468 0.0000e+00      14.00
    345.000    10.4823   3.862664    342.697    34.9262    26.8110  1028.3636    1497.14      1.616 0.0000e+00      14.00
    346.000    10.4475   3.859129    343.690    34.9234    26.8150  1028.3723    1497.03      1.679 0.0000e+00      16.00
    347.000    10.4198   3.856384    344.682    34.9217    26.8185  1028.3804    1496.95      1.612 0.0000e+00      13.00
    348.000    10.4105   3.855500    345.675    34.9212    26.8198  1028.3862    1496.93      1.389 0.0000e+00      18.00
    349.000    10.4065   3.855064    346.667    34.9202    26.8197  1028.3907    1496.93      0.924 0.0000e+00      26.00
    350.000    10.3958   3.853937    347.660    34.9186    26.8203  1028.3959    1496.91      0.719 0.0000e+00      34.00
    351.000    10.3878   3.853125    348.652    34.9176    26.8209  1028.4010    1496.89      1.417 0.0000e+00      17.00
    352.000    10.3836   3.852725    349.645    34.9172    26.8213  1028.4059    1496.89      1.701 0.0000e+00      15.00
    353.000    10.3796   3.852340    350.637    34.9166    26.8216  1028.4107    1496.90      1.761 0.0000e+00      13.00
    354.000    10.3630   3.850494    351.630    34.9135    26.8221  1028.4157    1496.85      1.644 0.0000e+00      13.00
    355.000    10.3452   3.848730    352.622    34.9122    26.8242  1028.4225    1496.80      1.436 0.0000e+00      18.00
    356.000    10.3160   3.845596    353.615    34.9080    26.8260  1028.4290    1496.71      1.349 0.0000e+00      18.00
    357.000    10.2706   3.841035    354.607    34.9049    26.8314  1028.4392    1496.56      1.235 0.0000e+00      19.00
    358.000    10.2350   3.837509    355.599    34.9027    26.8359  1028.4485    1496.45      0.862 0.0000e+00      27.00
    359.000    10.2056   3.834330    356.592    34.8982    26.8375  1028.4548    1496.35      0.853 0.0000e+00      28.00
    360.000    10.1517   3.829088    357.584    34.8963    26.8454  1028.4675    1496.17      1.303 0.0000e+00      18.00
    361.000    10.1575   3.830601    358.577    34.9057    26.8517  1028.4782    1496.22      1.510 0.0000e+00      16.00
    362.000    10.1585   3.830953    359.569    34.9078    26.8532  1028.4841    1496.24      1.564 0.0000e+00      16.00
    363.000    10.1293   3.827642    360.561    34.9018    26.8535  1028.4892    1496.15      1.565 0.0000e+00      14.00
    364.000    10.0565   3.819680    361.554    34.8902    26.8570  1028.4977    1495.89      1.549 0.0000e+00      16.00
    365.000    10.0028   3.814162    362.546    34.8852    26.8623  1028.5079    1495.71      1.527 0.0000e+00      16.00
    366.000     9.9589   3.809387    363.539    34.8782    26.8643  1028.5148    1495.56      1.480 0.0000e+00      15.00
    367.000     9.9395   3.807376    364.531    34.8760    26.8659  1028.5209    1495.50      1.234 0.0000e+00      20.00
    368.000     9.9251   3.805752    365.524    34.8728    26.8659  1028.5255    1495.46      0.760 0.0000e+00      36.00
    369.000     9.9165   3.804786    366.516    34.8708    26.8658  1028.5300    1495.44      1.068 0.0000e+00      22.00
    370.000     9.9099   3.804392    367.508    34.8727    26.8683  1028.5371    1495.44      1.540 0.0000e+00      15.00
    371.000     9.9092   3.804419    368.501    34.8732    26.8688  1028.5421    1495.45      1.787 0.0000e+00      14.00
    372.000     9.9047   3.803975    369.493    34.8725    26.8691  1028.5469    1495.46      1.880 0.0000e+00      12.00
    373.000     9.9044   3.804113    370.485    34.8738    26.8701  1028.5524    1495.47      1.767 0.0000e+00      13.00
    374.000     9.9096   3.804823    371.478    34.8755    26.8706  1028.5573    1495.51      1.320 0.0000e+00      17.00
    375.000     9.9119   3.805138    372.470    34.8761    26.8707  1028.5619    1495.53      0.556 0.0000e+00      53.00
    376.000     9.9107   3.805050    373.463    34.8759    26.8707  1028.5664    1495.55      1.388 0.0000e+00      15.00
    377.000     9.9121   3.805193    374.455    34.8755    26.8702  1028.5704    1495.57      1.855 0.0000e+00      13.00
    378.000     9.8782   3.801129    375.447    34.8662    26.8687  1028.5736    1495.45      2.071 0.0000e+00      11.00
    379.000     9.8363   3.797169    376.439    34.8657    26.8753  1028.5851    1495.32      2.108 0.0000e+00      11.00
    380.000     9.8134   3.794973    377.432    34.8647    26.8785  1028.5929    1495.25      1.935 0.0000e+00      11.00
    381.000     9.7911   3.792531    378.424    34.8607    26.8791  1028.5982    1495.18      1.502 0.0000e+00      17.00
    382.000     9.7432   3.787491    379.416    34.8549    26.8826  1028.6065    1495.02      0.914 0.0000e+00      28.00
    383.000     9.7236   3.785568    380.409    34.8536    26.8849  1028.6135    1494.96      0.760 0.0000e+00      34.00
    384.000     9.7238   3.785600    381.401    34.8533    26.8847  1028.6177    1494.98      1.194 0.0000e+00      19.00
    385.000     9.7181   3.785087    382.393    34.8531    26.8855  1028.6231    1494.97      1.484 0.0000e+00      16.00
    386.000     9.7104   3.784288    383.386    34.8519    26.8858  1028.6279    1494.96      1.651 0.0000e+00      14.00
    387.000     9.7014   3.783395    384.378    34.8509    26.8866  1028.6333    1494.94      1.697 0.0000e+00      14.00
    388.000     9.6925   3.782450    385.370    34.8493    26.8868  1028.6381    1494.92      1.609 0.0000e+00      14.00
    389.000     9.6826   3.781466    386.363    34.8484    26.8877  1028.6436    1494.90      1.375 0.0000e+00      18.00
    390.000     9.6776   3.781005    387.355    34.8480    26.8883  1028.6487    1494.90      0.953 0.0000e+00      25.00
    391.000     9.6746   3.780763    388.347    34.8479    26.8887  1028.6536    1494.91      0.802 0.0000e+00      36.00
    392.000     9.6701   3.780455    389.340    34.8486    26.8900  1028.6594    1494.91      1.375 0.0000e+00      15.00
    393.000     9.6688   3.780451    390.332    34.8495    26.8909  1028.6648    1494.92      1.838 0.0000e+00      13.00
    394.000     9.6716   3.780816    391.324    34.8500    26.8908  1028.6692    1494.95      2.077 0.0000e+00      11.00
