dados/ctd/rad2_doei013.cnv
* Sea-Bird SBE 9 Raw Data File:
* FileName = C:\OceanoEI\OEI013.dat
* Software Version Seasave Win32 v1.10
* Temperature SN = 2326
* Conductivity SN = 2149
* Number of Bytes Per Scan = 12
* Number of Voltage Words = 0
* System UpLoad Time = Nov 05 2001 15:57:09
** H-40 
** Navio Oceanografico ANTARES 
** 173a Comissao Oceanografica 
** OCEANO LESTE I 
** Estacao: OEI013
** Latitude: 10 47.8 S
** Longitude: 036 11.4 W
** Data-Hora (DDHHMMZ/MMM/AA): 051553Z/NOV/01
** Profundidade Local (m): 1318
** N/S do CTD: 11282 
** Operador: CT BARREIRA
# nquan = 11
# nvalues = 1213                        
# units = specified
# name 0 = prDM: Pressure, Digiquartz [db]
# name 1 = t068C: Temperature [ITS-68, deg C]
# name 2 = c0S/m: Conductivity [S/m]
# name 3 = depSM: Depth [salt water, m], lat = -15
# name 4 = sal00: Salinity [PSU]
# name 5 = sigma-t00: Density [sigma-t, Kg/m^3 ]
# name 6 = density00: Density [density, Kg/m^3]
# name 7 = svCM: Sound Velocity [Chen-Millero, m/s]
# name 8 = dz/dtM: Descent Rate [m/s], WS = 2
# name 9 = flag: flag
# name 10 = nbin: number of scans per bin
# span 0 =      2.000,   1214.000       
# span 1 =     3.7670,    26.7675       
# span 2 =   3.233973,   5.758473       
# span 3 =      1.988,   1203.391       
# span 4 =    34.4429,    37.1668       
# span 5 =    24.2423,    27.5401       
# span 6 =  1024.2509,  1033.1207       
# span 7 =    1480.00,    1540.63       
# span 8 =      0.230,      2.783       
# span 9 = 0.0000e+00, 0.0000e+00       
# span 10 =       7.00,     207.00      
# interval = decibars: 1                
# start_time = Nov 05 2001 15:57:09
# bad_flag = -9.990e-29
*END*
[from data line 1050]
   1052.000     3.8381   3.250708   1043.209    34.5611    27.4538  1032.3052    1482.69      1.822 0.0000e+00      13.00
   1053.000     3.8388   3.250828   1044.198    34.5613    27.4539  1032.3098    1482.71      1.775 0.0000e+00      13.00
   1054.000     3.8396   3.250999   1045.187    34.5619    27.4543  1032.3148    1482.73      1.501 0.0000e+00      15.00
   1055.000     3.8404   3.251214   1046.176    34.5632    27.4552  1032.3202    1482.75      0.963 0.0000e+00      28.00
   1056.000     3.8408   3.251355   1047.165    34.5639    27.4557  1032.3253    1482.77      0.971 0.0000e+00      25.00
   1057.000     3.8409   3.251464   1048.155    34.5646    27.4563  1032.3304    1482.79      1.357 0.0000e+00      17.00
   1058.000     3.8410   3.251544   1049.144    34.5649    27.4565  1032.3352    1482.81      1.506 0.0000e+00      17.00
   1059.000     3.8411   3.251616   1050.133    34.5651    27.4567  1032.3399    1482.82      1.435 0.0000e+00      15.00
   1060.000     3.8413   3.251684   1051.122    34.5653    27.4567  1032.3445    1482.84      1.079 0.0000e+00      25.00
   1061.000     3.8416   3.251795   1052.111    34.5657    27.4571  1032.3494    1482.86      0.961 0.0000e+00      26.00
   1062.000     3.8417   3.251871   1053.100    34.5660    27.4573  1032.3542    1482.88      1.427 0.0000e+00      16.00
   1063.000     3.8414   3.251910   1054.089    34.5663    27.4576  1032.3590    1482.89      1.655 0.0000e+00      14.00
   1064.000     3.8412   3.251947   1055.078    34.5665    27.4577  1032.3637    1482.91      1.607 0.0000e+00      14.00
   1065.000     3.8416   3.252072   1056.068    34.5671    27.4582  1032.3687    1482.93      1.277 0.0000e+00      20.00
   1066.000     3.8428   3.252335   1057.057    34.5684    27.4591  1032.3742    1482.95      0.898 0.0000e+00      28.00
   1067.000     3.8438   3.252604   1058.046    34.5700    27.4603  1032.3799    1482.97      0.962 0.0000e+00      26.00
   1068.000     3.8440   3.252688   1059.035    34.5703    27.4605  1032.3847    1482.99      1.261 0.0000e+00      20.00
   1069.000     3.8440   3.252750   1060.024    34.5705    27.4606  1032.3893    1483.01      1.628 0.0000e+00      14.00
   1070.000     3.8440   3.252791   1061.013    34.5704    27.4606  1032.3938    1483.02      1.827 0.0000e+00      12.00
   1071.000     3.8441   3.252838   1062.002    34.5704    27.4606  1032.3984    1483.04      1.770 0.0000e+00      13.00
   1072.000     3.8442   3.252876   1062.991    34.5703    27.4605  1032.4028    1483.06      1.379 0.0000e+00      17.00
   1073.000     3.8443   3.252922   1063.980    34.5703    27.4604  1032.4073    1483.08      0.700 0.0000e+00      41.00
   1074.000     3.8439   3.253197   1064.969    34.5733    27.4629  1032.4144    1483.10      1.299 0.0000e+00      18.00
   1075.000     3.8456   3.253672   1065.958    34.5767    27.4654  1032.4214    1483.12      1.647 0.0000e+00      14.00
   1076.000     3.8477   3.254049   1066.947    34.5784    27.4666  1032.4270    1483.15      1.658 0.0000e+00      13.00
   1077.000     3.8487   3.254208   1067.936    34.5787    27.4667  1032.4317    1483.17      1.389 0.0000e+00      18.00
   1078.000     3.8495   3.254366   1068.925    34.5793    27.4671  1032.4366    1483.19      1.063 0.0000e+00      25.00
   1079.000     3.8511   3.254659   1069.914    34.5806    27.4680  1032.4420    1483.22      1.133 0.0000e+00      20.00
   1080.000     3.8560   3.255452   1070.904    34.5843    27.4704  1032.4488    1483.26      1.199 0.0000e+00      21.00
   1081.000     3.8586   3.255840   1071.892    34.5857    27.4713  1032.4542    1483.29      1.272 0.0000e+00      19.00
   1082.000     3.8609   3.256239   1072.882    34.5875    27.4725  1032.4598    1483.32      1.482 0.0000e+00      16.00
   1083.000     3.8654   3.256952   1073.870    34.5907    27.4746  1032.4663    1483.36      1.640 0.0000e+00      14.00
   1084.000     3.8678   3.257324   1074.860    34.5920    27.4754  1032.4716    1483.38      1.647 0.0000e+00      13.00
   1085.000     3.8688   3.257502   1075.849    34.5927    27.4758  1032.4765    1483.41      1.442 0.0000e+00      16.00
   1086.000     3.8724   3.258062   1076.838    34.5950    27.4772  1032.4824    1483.44      0.953 0.0000e+00      26.00
   1087.000     3.8762   3.258658   1077.827    34.5975    27.4789  1032.4885    1483.48      0.666 0.0000e+00      38.00
   1088.000     3.8789   3.259144   1078.816    34.6000    27.4805  1032.4947    1483.51      1.301 0.0000e+00      18.00
   1089.000     3.8815   3.259619   1079.804    34.6023    27.4822  1032.5007    1483.54      1.575 0.0000e+00      15.00
   1090.000     3.8893   3.260798   1080.793    34.6076    27.4855  1032.5084    1483.59      1.667 0.0000e+00      14.00
   1091.000     3.8960   3.261723   1081.782    34.6110    27.4876  1032.5148    1483.64      1.648 0.0000e+00      14.00
   1092.000     3.9044   3.262802   1082.771    34.6144    27.4894  1032.5209    1483.70      1.559 0.0000e+00      15.00
   1093.000     3.9110   3.263656   1083.760    34.6171    27.4909  1032.5268    1483.75      1.339 0.0000e+00      17.00
   1094.000     3.9165   3.264471   1084.749    34.6204    27.4929  1032.5332    1483.79      1.000 0.0000e+00      26.00
   1095.000     3.9208   3.265160   1085.738    34.6236    27.4950  1032.5397    1483.83      1.008 0.0000e+00      24.00
   1096.000     3.9250   3.265810   1086.727    34.6264    27.4968  1032.5459    1483.87      1.319 0.0000e+00      18.00
   1097.000     3.9255   3.265924   1087.716    34.6267    27.4970  1032.5507    1483.89      1.461 0.0000e+00      15.00
   1098.000     3.9256   3.266046   1088.705    34.6275    27.4976  1032.5558    1483.91      1.399 0.0000e+00      18.00
   1099.000     3.9277   3.266348   1089.694    34.6283    27.4981  1032.5608    1483.93      1.202 0.0000e+00      19.00
   1100.000     3.9313   3.266790   1090.683    34.6293    27.4985  1032.5657    1483.96      1.003 0.0000e+00      26.00
   1101.000     3.9347   3.267242   1091.672    34.6306    27.4992  1032.5708    1484.00      1.096 0.0000e+00      22.00
   1102.000     3.9392   3.267800   1092.661    34.6320    27.4998  1032.5758    1484.03      1.324 0.0000e+00      18.00
   1103.000     3.9408   3.268002   1093.650    34.6322    27.4998  1032.5803    1484.06      1.527 0.0000e+00      16.00
   1104.000     3.9430   3.268319   1094.639    34.6331    27.5003  1032.5853    1484.08      1.636 0.0000e+00      15.00
   1105.000     3.9451   3.268580   1095.628    34.6335    27.5004  1032.5899    1484.11      1.621 0.0000e+00      14.00
   1106.000     3.9464   3.268765   1096.617    34.6338    27.5005  1032.5945    1484.13      1.500 0.0000e+00      15.00
   1107.000     3.9477   3.268949   1097.605    34.6341    27.5006  1032.5991    1484.16      1.224 0.0000e+00      18.00
   1108.000     3.9483   3.269059   1098.594    34.6342    27.5006  1032.6037    1484.17      0.751 0.0000e+00      37.00
   1109.000     3.9485   3.269175   1099.583    34.6349    27.5012  1032.6088    1484.20      0.910 0.0000e+00      27.00
   1110.000     3.9588   3.270476   1100.572    34.6389    27.5033  1032.6152    1484.26      1.427 0.0000e+00      17.00
   1111.000     3.9642   3.271062   1101.561    34.6397    27.5034  1032.6196    1484.30      1.741 0.0000e+00      14.00
   1112.000     3.9656   3.271331   1102.550    34.6409    27.5042  1032.6249    1484.32      1.941 0.0000e+00      12.00
   1113.000     3.9683   3.271710   1103.539    34.6421    27.5048  1032.6300    1484.35      2.005 0.0000e+00      10.00
   1114.000     3.9708   3.272014   1104.528    34.6426    27.5050  1032.6346    1484.38      1.870 0.0000e+00      14.00
   1115.000     3.9723   3.272233   1105.517    34.6430    27.5052  1032.6393    1484.40      1.458 0.0000e+00      15.00
   1116.000     3.9754   3.272577   1106.505    34.6434    27.5051  1032.6438    1484.43      0.628 0.0000e+00      48.00
   1117.000     3.9766   3.272794   1107.494    34.6441    27.5056  1032.6488    1484.45      1.382 0.0000e+00      17.00
   1118.000     3.9783   3.273031   1108.483    34.6446    27.5058  1032.6535    1484.48      1.767 0.0000e+00      12.00
   1119.000     3.9785   3.273068   1109.472    34.6444    27.5056  1032.6578    1484.50      1.801 0.0000e+00      14.00
   1120.000     3.9793   3.273195   1110.461    34.6445    27.5057  1032.6624    1484.52      1.553 0.0000e+00      15.00
   1121.000     3.9795   3.273251   1111.449    34.6445    27.5056  1032.6669    1484.53      0.902 0.0000e+00      32.00
   1122.000     3.9800   3.273370   1112.438    34.6449    27.5059  1032.6717    1484.55      1.091 0.0000e+00      23.00
   1123.000     3.9799   3.273421   1113.427    34.6451    27.5060  1032.6764    1484.57      1.758 0.0000e+00      13.00
   1124.000     3.9801   3.273505   1114.416    34.6453    27.5062  1032.6811    1484.59      2.014 0.0000e+00      11.00
   1125.000     3.9805   3.273578   1115.405    34.6453    27.5061  1032.6856    1484.61      2.021 0.0000e+00      11.00
   1126.000     3.9805   3.273618   1116.394    34.6452    27.5061  1032.6901    1484.62      1.737 0.0000e+00      14.00
   1127.000     3.9810   3.273681   1117.382    34.6450    27.5059  1032.6944    1484.64      0.750 0.0000e+00      54.00
   1128.000     3.9810   3.273759   1118.371    34.6454    27.5062  1032.6992    1484.66      1.263 0.0000e+00      16.00
   1129.000     3.9812   3.273845   1119.360    34.6457    27.5064  1032.7040    1484.68      1.642 0.0000e+00      15.00
   1130.000     3.9819   3.274004   1120.349    34.6463    27.5068  1032.7089    1484.70      1.710 0.0000e+00      12.00
   1131.000     3.9820   3.274068   1121.338    34.6464    27.5069  1032.7136    1484.71      1.638 0.0000e+00      15.00
   1132.000     3.9822   3.274120   1122.327    34.6464    27.5069  1032.7181    1484.73      1.365 0.0000e+00      18.00
   1133.000     3.9823   3.274168   1123.315    34.6463    27.5067  1032.7225    1484.75      0.855 0.0000e+00      35.00
   1134.000     3.9826   3.274254   1124.304    34.6465    27.5069  1032.7272    1484.77      1.209 0.0000e+00      19.00
   1135.000     3.9827   3.274327   1125.293    34.6468    27.5071  1032.7320    1484.78      1.784 0.0000e+00      12.00
   1136.000     3.9827   3.274375   1126.282    34.6469    27.5072  1032.7366    1484.80      2.000 0.0000e+00      12.00
   1137.000     3.9828   3.274451   1127.270    34.6471    27.5073  1032.7413    1484.82      1.975 0.0000e+00      11.00
   1138.000     3.9841   3.274654   1128.259    34.6477    27.5077  1032.7461    1484.84      1.635 0.0000e+00      14.00
   1139.000     3.9848   3.274749   1129.248    34.6475    27.5075  1032.7504    1484.86      0.546 0.0000e+00      67.00
   1140.000     3.9848   3.274794   1130.237    34.6477    27.5076  1032.7551    1484.88      1.236 0.0000e+00      19.00
   1141.000     3.9846   3.274852   1131.225    34.6480    27.5079  1032.7599    1484.89      1.760 0.0000e+00      14.00
   1142.000     3.9841   3.274776   1132.214    34.6471    27.5072  1032.7638    1484.91      2.081 0.0000e+00      10.00
   1143.000     3.9839   3.274804   1133.203    34.6471    27.5072  1032.7684    1484.92      2.229 0.0000e+00      11.00
   1144.000     3.9861   3.275202   1134.191    34.6490    27.5085  1032.7742    1484.95      2.182 0.0000e+00      10.00
   1145.000     3.9866   3.275292   1135.180    34.6490    27.5085  1032.7787    1484.97      1.903 0.0000e+00      12.00
   1146.000     3.9863   3.275250   1136.169    34.6484    27.5080  1032.7827    1484.98      1.147 0.0000e+00      22.00
   1147.000     3.9867   3.275320   1137.158    34.6483    27.5079  1032.7872    1485.00      0.332 0.0000e+00      45.00
   1148.000     3.9907   3.276047   1138.146    34.6522    27.5106  1032.7943    1485.04      1.389 0.0000e+00      17.00
   1149.000     3.9923   3.276321   1139.135    34.6532    27.5112  1032.7994    1485.06      1.662 0.0000e+00      15.00
   1150.000     3.9930   3.276456   1140.124    34.6536    27.5114  1032.8042    1485.08      1.899 0.0000e+00      13.00
   1151.000     3.9951   3.276820   1141.113    34.6552    27.5125  1032.8096    1485.11      2.016 0.0000e+00      11.00
   1152.000     3.9964   3.277050   1142.101    34.6561    27.5130  1032.8147    1485.13      1.939 0.0000e+00      12.00
   1153.000     3.9971   3.277193   1143.090    34.6565    27.5133  1032.8195    1485.15      1.604 0.0000e+00      14.00
   1154.000     3.9975   3.277269   1144.079    34.6564    27.5132  1032.8240    1485.17      0.828 0.0000e+00      40.00
   1155.000     3.9977   3.277356   1145.067    34.6567    27.5134  1032.8287    1485.19      0.900 0.0000e+00      26.00
   1156.000     3.9983   3.277491   1146.056    34.6572    27.5138  1032.8336    1485.21      1.292 0.0000e+00      18.00
   1157.000     3.9991   3.277655   1147.045    34.6578    27.5142  1032.8385    1485.23      1.442 0.0000e+00      17.00
   1158.000     4.0008   3.277943   1148.033    34.6589    27.5148  1032.8436    1485.26      1.554 0.0000e+00      16.00
   1159.000     4.0017   3.278099   1149.022    34.6593    27.5151  1032.8484    1485.28      1.640 0.0000e+00      14.00
   1160.000     4.0027   3.278269   1150.011    34.6598    27.5154  1032.8532    1485.30      1.649 0.0000e+00      14.00
   1161.000     4.0044   3.278553   1150.999    34.6609    27.5160  1032.8584    1485.32      1.537 0.0000e+00      15.00
   1162.000     4.0058   3.278787   1151.988    34.6616    27.5165  1032.8633    1485.35      1.240 0.0000e+00      18.00
   1163.000     4.0067   3.278923   1152.977    34.6618    27.5165  1032.8679    1485.37      0.675 0.0000e+00      41.00
   1164.000     4.0074   3.279135   1153.965    34.6630    27.5175  1032.8733    1485.39      1.157 0.0000e+00      22.00
   1165.000     4.0075   3.279205   1154.954    34.6632    27.5176  1032.8780    1485.40      1.743 0.0000e+00      13.00
   1166.000     4.0077   3.279286   1155.943    34.6635    27.5178  1032.8827    1485.42      2.061 0.0000e+00      11.00
   1167.000     4.0077   3.279340   1156.931    34.6636    27.5179  1032.8873    1485.44      2.171 0.0000e+00      10.00
   1168.000     4.0079   3.279387   1157.920    34.6635    27.5178  1032.8918    1485.46      2.093 0.0000e+00      12.00
   1169.000     4.0080   3.279435   1158.908    34.6634    27.5177  1032.8963    1485.47      1.745 0.0000e+00      14.00
   1170.000     4.0085   3.279522   1159.897    34.6635    27.5177  1032.9008    1485.49      0.771 0.0000e+00      53.00
   1171.000     4.0087   3.279594   1160.885    34.6636    27.5178  1032.9054    1485.51      1.055 0.0000e+00      23.00
   1172.000     4.0085   3.279650   1161.874    34.6640    27.5181  1032.9103    1485.53      1.611 0.0000e+00      14.00
   1173.000     4.0085   3.279726   1162.863    34.6643    27.5184  1032.9151    1485.54      1.846 0.0000e+00      13.00
   1174.000     4.0090   3.279811   1163.851    34.6644    27.5184  1032.9196    1485.56      1.892 0.0000e+00      12.00
   1175.000     4.0098   3.279981   1164.840    34.6650    27.5188  1032.9245    1485.58      1.762 0.0000e+00      14.00
   1176.000     4.0113   3.280247   1165.829    34.6660    27.5194  1032.9297    1485.61      1.468 0.0000e+00      15.00
   1177.000     4.0129   3.280532   1166.817    34.6672    27.5202  1032.9349    1485.63      1.212 0.0000e+00      21.00
   1178.000     4.0151   3.280901   1167.806    34.6687    27.5212  1032.9404    1485.66      1.328 0.0000e+00      17.00
   1179.000     4.0173   3.281230   1168.794    34.6699    27.5219  1032.9456    1485.69      1.502 0.0000e+00      15.00
   1180.000     4.0203   3.281695   1169.783    34.6717    27.5230  1032.9511    1485.72      1.368 0.0000e+00      17.00
   1181.000     4.0251   3.282343   1170.771    34.6738    27.5242  1032.9567    1485.76      0.588 0.0000e+00      57.00
