dados/ctd/rad2_doei013.cnv
* Sea-Bird SBE 9 Raw Data File:
* FileName = C:\OceanoEI\OEI013.dat
* Software Version Seasave Win32 v1.10
* Temperature SN = 2326
* Conductivity SN = 2149
* Number of Bytes Per Scan = 12
* Number of Voltage Words = 0
* System UpLoad Time = Nov 05 2001 15:57:09
** H-40 
** Navio Oceanografico ANTARES 
** 173a Comissao Oceanografica 
** OCEANO LESTE I 
** Estacao: OEI013
** Latitude: 10 47.8 S
** Longitude: 036 11.4 W
** Data-Hora (DDHHMMZ/MMM/AA): 051553Z/NOV/01
** Profundidade Local (m): 1318
** N/S do CTD: 11282 
** Operador: CT BARREIRA
# nquan = 11
# nvalues = 1213                        
# units = specified
# name 0 = prDM: Pressure, Digiquartz [db]
# name 1 = t068C: Temperature [ITS-68, deg C]
# name 2 = c0S/m: Conductivity [S/m]
# name 3 = depSM: Depth [salt water, m], lat = -15
# name 4 = sal00: Salinity [PSU]
# name 5 = sigma-t00: Density [sigma-t, Kg/m^3 ]
# name 6 = density00: Density [density, Kg/m^3]
# name 7 = svCM: Sound Velocity [Chen-Millero, m/s]
# name 8 = dz/dtM: Descent Rate [m/s], WS = 2
# name 9 = flag: flag
# name 10 = nbin: number of scans per bin
# span 0 =      2.000,   1214.000       
# span 1 =     3.7670,    26.7675       
# span 2 =   3.233973,   5.758473       
# span 3 =      1.988,   1203.391       
# span 4 =    34.4429,    37.1668       
# span 5 =    24.2423,    27.5401       
# span 6 =  1024.2509,  1033.1207       
# span 7 =    1480.00,    1540.63       
# span 8 =      0.230,      2.783       
# span 9 = 0.0000e+00, 0.0000e+00       
# span 10 =       7.00,     207.00      
# interval = decibars: 1                
# start_time = Nov 05 2001 15:57:09
# bad_flag = -9.990e-29
*END*
[from data line 1181]
   1183.000     4.0342   3.283780   1172.748    34.6801    27.5283  1032.9695    1485.84      2.075 0.0000e+00      10.00
   1184.000     4.0393   3.284562   1173.737    34.6836    27.5305  1032.9761    1485.88      2.196 0.0000e+00      11.00
   1185.000     4.0429   3.285010   1174.725    34.6845    27.5309  1032.9809    1485.91      2.081 0.0000e+00      11.00
   1186.000     4.0444   3.285231   1175.714    34.6851    27.5311  1032.9856    1485.94      1.750 0.0000e+00      13.00
   1187.000     4.0459   3.285450   1176.703    34.6856    27.5314  1032.9904    1485.96      1.198 0.0000e+00      23.00
   1188.000     4.0465   3.285599   1177.691    34.6862    27.5318  1032.9954    1485.98      1.151 0.0000e+00      21.00
   1189.000     4.0466   3.285664   1178.680    34.6864    27.5320  1033.0001    1486.00      1.416 0.0000e+00      15.00
   1190.000     4.0462   3.285705   1179.668    34.6867    27.5322  1033.0049    1486.01      1.264 0.0000e+00      19.00
   1191.000     4.0470   3.285847   1180.657    34.6871    27.5325  1033.0096    1486.03      0.741 0.0000e+00      40.00
   1192.000     4.0484   3.286101   1181.645    34.6881    27.5331  1033.0148    1486.06      1.206 0.0000e+00      19.00
   1193.000     4.0527   3.286693   1182.634    34.6901    27.5343  1033.0203    1486.09      1.704 0.0000e+00      14.00
   1194.000     4.0541   3.286895   1183.622    34.6905    27.5345  1033.0250    1486.12      1.899 0.0000e+00      12.00
   1195.000     4.0552   3.287073   1184.611    34.6910    27.5347  1033.0297    1486.14      1.887 0.0000e+00      12.00
   1196.000     4.0561   3.287204   1185.599    34.6911    27.5347  1033.0342    1486.16      1.638 0.0000e+00      14.00
   1197.000     4.0571   3.287346   1186.588    34.6912    27.5346  1033.0387    1486.18      0.830 0.0000e+00      41.00
   1198.000     4.0604   3.287873   1187.576    34.6934    27.5361  1033.0446    1486.21      0.947 0.0000e+00      26.00
   1199.000     4.0647   3.288470   1188.564    34.6955    27.5373  1033.0502    1486.25      1.671 0.0000e+00      14.00
   1200.000     4.0656   3.288633   1189.553    34.6959    27.5375  1033.0549    1486.27      1.887 0.0000e+00      12.00
   1201.000     4.0665   3.288770   1190.542    34.6961    27.5376  1033.0595    1486.29      1.893 0.0000e+00      13.00
   1202.000     4.0671   3.288893   1191.530    34.6964    27.5378  1033.0642    1486.31      1.713 0.0000e+00      14.00
   1203.000     4.0679   3.289025   1192.518    34.6966    27.5378  1033.0688    1486.33      1.269 0.0000e+00      19.00
   1204.000     4.0686   3.289157   1193.507    34.6969    27.5380  1033.0734    1486.35      0.730 0.0000e+00      34.00
   1205.000     4.0693   3.289306   1194.495    34.6975    27.5384  1033.0784    1486.37      1.192 0.0000e+00      20.00
   1206.000     4.0700   3.289435   1195.484    34.6978    27.5386  1033.0830    1486.39      1.537 0.0000e+00      15.00
   1207.000     4.0708   3.289603   1196.472    34.6984    27.5389  1033.0879    1486.41      1.621 0.0000e+00      15.00
   1208.000     4.0718   3.289764   1197.461    34.6987    27.5391  1033.0926    1486.43      1.459 0.0000e+00      16.00
   1209.000     4.0724   3.289871   1198.449    34.6988    27.5391  1033.0972    1486.45      1.004 0.0000e+00      26.00
   1210.000     4.0731   3.290008   1199.437    34.6992    27.5394  1033.1019    1486.47      0.763 0.0000e+00      28.00
   1211.000     4.0737   3.290144   1200.426    34.6997    27.5397  1033.1067    1486.49      1.223 0.0000e+00      20.00
   1212.000     4.0742   3.290243   1201.414    34.6998    27.5397  1033.1113    1486.51      1.385 0.0000e+00      16.00
   1213.000     4.0749   3.290385   1202.403    34.7003    27.5400  1033.1161    1486.53      1.210 0.0000e+00      20.00
   1214.000     4.0761   3.290556   1203.391    34.7005    27.5401  1033.1207    1486.56      0.531 0.0000e+00      25.00
