dados/ctd/rad2_doei014.cnv
* Sea-Bird SBE 9 Raw Data File:
* FileName = C:\OceanoEI\OEI014.dat
* Software Version Seasave Win32 v1.10
* Temperature SN = 2326
* Conductivity SN = 2149
* Number of Bytes Per Scan = 12
* Number of Voltage Words = 0
* System UpLoad Time = Nov 05 2001 20:09:32
** H-40 
** Navio Oceanografico ANTARES 
** 173a Comissao Oceanografica 
** OCEANO LESTE I 
** Estacao: OEI014
** Latitude: 10 58.9 S
** Longitude: 035 45.2 W
** Data-Hora (DDHHMMZ/MMM/AA): 042007Z/NOV/01
** Profundidade Local (m): 3286
** N/S do CTD: 11282 
** Operador: 1T-ALEX URBANCG
# nquan = 11
# nvalues = 2534                        
# units = specified
# name 0 = prDM: Pressure, Digiquartz [db]
# name 1 = t068C: Temperature [ITS-68, deg C]
# name 2 = c0S/m: Conductivity [S/m]
# name 3 = depSM: Depth [salt water, m], lat = -15
# name 4 = sal00: Salinity [PSU]
# name 5 = sigma-t00: Density [sigma-t, Kg/m^3 ]
# name 6 = density00: Density [density, Kg/m^3]
# name 7 = svCM: Sound Velocity [Chen-Millero, m/s]
# name 8 = dz/dtM: Descent Rate [m/s], WS = 2
# name 9 = flag: flag
# name 10 = nbin: number of scans per bin
# span 0 =      1.000,   2534.000       
# span 1 =     2.9637,    26.9062       
# span 2 =   3.238328,   5.775734       
# span 3 =      0.994,   2504.077       
# span 4 =    34.4269,    37.2236       
# span 5 =    24.2061,    27.8566       
# span 6 =  1024.2149,  1039.4060       
# span 7 =    1478.86,    1541.23       
# span 8 =     -0.076,      2.764       
# span 9 = 0.0000e+00, 0.0000e+00       
# span 10 =       3.00,     296.00      
# interval = decibars: 1                
# start_time = Nov 05 2001 20:09:32
# bad_flag = -9.990e-29
*END*
[from data line 1837]
   1838.000     3.9630   3.332531   1819.253    35.0070    27.7958  1036.1900    1496.89      1.872 0.0000e+00      14.00
   1839.000     3.9619   3.332468   1820.238    35.0069    27.7958  1036.1945    1496.91      1.536 0.0000e+00      14.00
   1840.000     3.9604   3.332362   1821.224    35.0068    27.7959  1036.1991    1496.92      1.171 0.0000e+00      22.00
   1841.000     3.9593   3.332321   1822.209    35.0069    27.7961  1036.2039    1496.93      1.311 0.0000e+00      20.00
   1842.000     3.9574   3.332205   1823.195    35.0071    27.7964  1036.2088    1496.94      1.626 0.0000e+00      14.00
   1843.000     3.9545   3.331987   1824.180    35.0071    27.7967  1036.2137    1496.94      1.751 0.0000e+00      12.00
   1844.000     3.9537   3.331940   1825.166    35.0069    27.7967  1036.2181    1496.95      1.660 0.0000e+00      13.00
   1845.000     3.9530   3.331903   1826.151    35.0068    27.7967  1036.2226    1496.97      1.343 0.0000e+00      19.00
   1846.000     3.9522   3.331876   1827.137    35.0068    27.7967  1036.2272    1496.98      1.119 0.0000e+00      24.00
   1847.000     3.9514   3.331846   1828.122    35.0068    27.7968  1036.2318    1497.00      1.362 0.0000e+00      16.00
   1848.000     3.9508   3.331841   1829.108    35.0069    27.7970  1036.2365    1497.01      1.608 0.0000e+00      15.00
   1849.000     3.9508   3.331877   1830.093    35.0069    27.7970  1036.2410    1497.03      1.728 0.0000e+00      14.00
   1850.000     3.9505   3.331882   1831.079    35.0067    27.7969  1036.2453    1497.04      1.772 0.0000e+00      14.00
   1851.000     3.9491   3.331808   1832.064    35.0069    27.7972  1036.2502    1497.05      1.764 0.0000e+00      13.00
   1852.000     3.9486   3.331800   1833.050    35.0069    27.7971  1036.2547    1497.07      1.744 0.0000e+00      12.00
   1853.000     3.9477   3.331755   1834.035    35.0068    27.7972  1036.2592    1497.08      1.675 0.0000e+00      15.00
   1854.000     3.9466   3.331712   1835.021    35.0070    27.7975  1036.2640    1497.09      1.482 0.0000e+00      15.00
   1855.000     3.9462   3.331700   1836.006    35.0068    27.7974  1036.2684    1497.11      1.021 0.0000e+00      25.00
   1856.000     3.9461   3.331732   1836.991    35.0068    27.7974  1036.2729    1497.13      0.952 0.0000e+00      29.00
   1857.000     3.9457   3.331754   1837.977    35.0069    27.7975  1036.2776    1497.14      1.736 0.0000e+00      14.00
   1858.000     3.9450   3.331726   1838.962    35.0069    27.7976  1036.2821    1497.15      2.173 0.0000e+00       9.00
   1859.000     3.9445   3.331754   1839.948    35.0072    27.7979  1036.2869    1497.17      2.431 0.0000e+00      10.00
   1860.000     3.9448   3.331808   1840.933    35.0071    27.7978  1036.2912    1497.19      2.571 0.0000e+00      10.00
   1861.000     3.9447   3.331831   1841.919    35.0070    27.7977  1036.2957    1497.20      2.517 0.0000e+00       8.00
   1862.000     3.9440   3.331814   1842.904    35.0071    27.7978  1036.3003    1497.22      2.290 0.0000e+00      10.00
   1863.000     3.9437   3.331811   1843.889    35.0068    27.7976  1036.3046    1497.23      1.681 0.0000e+00      15.00
   1864.000     3.9431   3.331770   1844.875    35.0065    27.7975  1036.3089    1497.25      0.381 0.0000e+00      58.00
   1865.000     3.9389   3.331470   1845.860    35.0069    27.7983  1036.3144    1497.25      1.714 0.0000e+00      13.00
   1866.000     3.9381   3.331421   1846.845    35.0068    27.7982  1036.3189    1497.26      2.065 0.0000e+00      10.00
   1867.000     3.9371   3.331390   1847.831    35.0069    27.7984  1036.3236    1497.27      2.221 0.0000e+00      11.00
   1868.000     3.9367   3.331381   1848.816    35.0067    27.7983  1036.3280    1497.29      2.272 0.0000e+00      11.00
   1869.000     3.9366   3.331430   1849.802    35.0070    27.7985  1036.3327    1497.30      2.257 0.0000e+00      10.00
   1870.000     3.9365   3.331447   1850.787    35.0068    27.7984  1036.3370    1497.32      2.155 0.0000e+00      11.00
   1871.000     3.9360   3.331439   1851.773    35.0067    27.7984  1036.3415    1497.33      2.007 0.0000e+00      12.00
   1872.000     3.9329   3.331183   1852.758    35.0066    27.7986  1036.3463    1497.34      1.807 0.0000e+00      13.00
   1873.000     3.9297   3.330946   1853.743    35.0066    27.7989  1036.3513    1497.34      1.568 0.0000e+00      16.00
   1874.000     3.9286   3.330890   1854.729    35.0066    27.7991  1036.3560    1497.35      1.237 0.0000e+00      19.00
   1875.000     3.9279   3.330848   1855.714    35.0064    27.7990  1036.3604    1497.37      0.644 0.0000e+00      48.00
   1876.000     3.9261   3.330754   1856.699    35.0067    27.7994  1036.3653    1497.38      1.471 0.0000e+00      16.00
   1877.000     3.9243   3.330625   1857.685    35.0067    27.7996  1036.3700    1497.39      2.078 0.0000e+00      10.00
   1878.000     3.9225   3.330507   1858.670    35.0067    27.7997  1036.3748    1497.40      2.354 0.0000e+00      10.00
   1879.000     3.9206   3.330361   1859.655    35.0064    27.7998  1036.3794    1497.40      2.550 0.0000e+00       9.00
   1880.000     3.9197   3.330319   1860.641    35.0064    27.7998  1036.3840    1497.42      2.625 0.0000e+00       8.00
   1881.000     3.9189   3.330280   1861.626    35.0063    27.7998  1036.3885    1497.43      2.538 0.0000e+00       9.00
   1882.000     3.9178   3.330228   1862.611    35.0064    27.8000  1036.3932    1497.44      2.297 0.0000e+00      11.00
   1883.000     3.9160   3.330076   1863.597    35.0061    27.7999  1036.3977    1497.45      1.746 0.0000e+00      14.00
   1884.000     3.9137   3.329900   1864.582    35.0059    27.8001  1036.4024    1497.46      0.818 0.0000e+00      41.00
   1885.000     3.9126   3.329871   1865.567    35.0062    27.8004  1036.4072    1497.47      1.086 0.0000e+00      23.00
   1886.000     3.9120   3.329861   1866.553    35.0063    27.8006  1036.4119    1497.48      1.659 0.0000e+00      15.00
   1887.000     3.9107   3.329767   1867.538    35.0061    27.8005  1036.4164    1497.50      1.945 0.0000e+00      11.00
   1888.000     3.9084   3.329598   1868.523    35.0060    27.8007  1036.4212    1497.50      2.135 0.0000e+00      11.00
   1889.000     3.9071   3.329538   1869.508    35.0062    27.8009  1036.4259    1497.51      2.233 0.0000e+00      11.00
   1890.000     3.9064   3.329506   1870.494    35.0061    27.8009  1036.4304    1497.53      2.265 0.0000e+00      11.00
   1891.000     3.9046   3.329357   1871.479    35.0057    27.8008  1036.4349    1497.54      2.207 0.0000e+00      10.00
   1892.000     3.9028   3.329261   1872.464    35.0060    27.8013  1036.4399    1497.55      2.025 0.0000e+00      11.00
   1893.000     3.9024   3.329255   1873.450    35.0059    27.8012  1036.4443    1497.56      1.613 0.0000e+00      14.00
   1894.000     3.9014   3.329182   1874.435    35.0056    27.8011  1036.4487    1497.58      0.661 0.0000e+00      51.00
   1895.000     3.8989   3.329016   1875.420    35.0059    27.8016  1036.4538    1497.58      1.441 0.0000e+00      17.00
   1896.000     3.8981   3.328989   1876.405    35.0058    27.8016  1036.4583    1497.59      1.942 0.0000e+00      11.00
   1897.000     3.8967   3.328882   1877.391    35.0057    27.8016  1036.4629    1497.60      2.170 0.0000e+00      11.00
   1898.000     3.8950   3.328771   1878.376    35.0057    27.8018  1036.4676    1497.61      2.279 0.0000e+00      10.00
   1899.000     3.8937   3.328677   1879.361    35.0054    27.8017  1036.4721    1497.63      2.305 0.0000e+00      10.00
   1900.000     3.8922   3.328607   1880.347    35.0056    27.8021  1036.4770    1497.64      2.249 0.0000e+00      12.00
   1901.000     3.8912   3.328554   1881.332    35.0056    27.8021  1036.4815    1497.65      2.106 0.0000e+00      10.00
   1902.000     3.8910   3.328573   1882.317    35.0056    27.8022  1036.4860    1497.67      1.837 0.0000e+00      13.00
   1903.000     3.8897   3.328483   1883.302    35.0054    27.8021  1036.4905    1497.68      1.395 0.0000e+00      18.00
   1904.000     3.8868   3.328243   1884.287    35.0052    27.8023  1036.4953    1497.68      0.860 0.0000e+00      31.00
   1905.000     3.8861   3.328239   1885.273    35.0054    27.8025  1036.5001    1497.69      1.132 0.0000e+00      22.00
   1906.000     3.8860   3.328273   1886.258    35.0054    27.8026  1036.5046    1497.71      1.607 0.0000e+00      15.00
   1907.000     3.8861   3.328324   1887.243    35.0055    27.8026  1036.5091    1497.73      1.851 0.0000e+00      12.00
   1908.000     3.8859   3.328335   1888.228    35.0053    27.8025  1036.5134    1497.74      1.983 0.0000e+00      13.00
   1909.000     3.8842   3.328219   1889.213    35.0052    27.8026  1036.5181    1497.75      2.059 0.0000e+00      11.00
   1910.000     3.8819   3.328052   1890.199    35.0052    27.8028  1036.5228    1497.76      2.107 0.0000e+00      11.00
   1911.000     3.8805   3.327975   1891.184    35.0053    27.8030  1036.5276    1497.77      2.115 0.0000e+00      12.00
   1912.000     3.8801   3.327959   1892.169    35.0050    27.8028  1036.5320    1497.79      2.017 0.0000e+00      11.00
   1913.000     3.8800   3.327980   1893.154    35.0049    27.8028  1036.5364    1497.80      1.716 0.0000e+00      14.00
   1914.000     3.8799   3.327982   1894.139    35.0046    27.8025  1036.5406    1497.82      0.585 0.0000e+00      67.00
   1915.000     3.8792   3.327996   1895.124    35.0050    27.8029  1036.5455    1497.83      1.761 0.0000e+00      13.00
   1916.000     3.8786   3.327989   1896.110    35.0051    27.8031  1036.5501    1497.85      2.214 0.0000e+00      10.00
   1917.000     3.8778   3.327954   1897.095    35.0051    27.8031  1036.5547    1497.86      2.425 0.0000e+00      10.00
   1918.000     3.8767   3.327881   1898.080    35.0048    27.8030  1036.5592    1497.87      2.556 0.0000e+00       9.00
   1919.000     3.8761   3.327859   1899.065    35.0048    27.8030  1036.5637    1497.89      2.642 0.0000e+00      10.00
   1920.000     3.8743   3.327740   1900.050    35.0047    27.8032  1036.5684    1497.90      2.706 0.0000e+00       7.00
   1921.000     3.8730   3.327662   1901.035    35.0047    27.8033  1036.5730    1497.91      2.739 0.0000e+00       9.00
   1922.000     3.8721   3.327649   1902.021    35.0051    27.8037  1036.5779    1497.92      2.425 0.0000e+00      10.00
   1923.000     3.8710   3.327547   1903.006    35.0045    27.8034  1036.5821    1497.93      1.984 0.0000e+00      11.00
   1924.000     3.8680   3.327287   1903.991    35.0042    27.8034  1036.5868    1497.94      0.494 0.0000e+00      55.00
   1925.000     3.8641   3.326974   1904.976    35.0041    27.8037  1036.5917    1497.94      1.925 0.0000e+00      10.00
   1926.000     3.8599   3.326652   1905.961    35.0043    27.8043  1036.5970    1497.94      2.359 0.0000e+00      10.00
   1927.000     3.8578   3.326509   1906.946    35.0043    27.8046  1036.6018    1497.94      2.515 0.0000e+00      10.00
   1928.000     3.8564   3.326440   1907.931    35.0045    27.8049  1036.6067    1497.95      2.536 0.0000e+00       9.00
   1929.000     3.8559   3.326433   1908.917    35.0044    27.8049  1036.6112    1497.97      2.392 0.0000e+00       9.00
   1930.000     3.8551   3.326369   1909.902    35.0041    27.8047  1036.6155    1497.98      2.051 0.0000e+00      12.00
   1931.000     3.8541   3.326308   1910.887    35.0039    27.8046  1036.6199    1498.00      1.214 0.0000e+00      23.00
   1932.000     3.8537   3.326304   1911.872    35.0038    27.8046  1036.6244    1498.01      0.687 0.0000e+00      35.00
   1933.000     3.8529   3.326277   1912.857    35.0039    27.8047  1036.6291    1498.02      1.729 0.0000e+00      12.00
   1934.000     3.8523   3.326275   1913.842    35.0040    27.8049  1036.6337    1498.04      1.863 0.0000e+00      11.00
   1935.000     3.8504   3.326114   1914.827    35.0036    27.8048  1036.6381    1498.05      1.697 0.0000e+00      14.00
   1936.000     3.8475   3.325886   1915.812    35.0035    27.8050  1036.6430    1498.05      1.437 0.0000e+00      17.00
   1937.000     3.8453   3.325728   1916.797    35.0035    27.8052  1036.6478    1498.06      1.415 0.0000e+00      19.00
   1938.000     3.8439   3.325641   1917.782    35.0035    27.8054  1036.6525    1498.07      1.768 0.0000e+00      14.00
   1939.000     3.8420   3.325508   1918.767    35.0034    27.8055  1036.6571    1498.08      2.108 0.0000e+00      11.00
   1940.000     3.8376   3.325080   1919.752    35.0026    27.8052  1036.6616    1498.07      2.335 0.0000e+00       9.00
   1941.000     3.8250   3.323939   1920.737    35.0019    27.8060  1036.6674    1498.04      2.391 0.0000e+00      11.00
   1942.000     3.8149   3.323011   1921.722    35.0011    27.8064  1036.6728    1498.01      2.283 0.0000e+00       9.00
   1943.000     3.8093   3.322617   1922.708    35.0019    27.8076  1036.6787    1498.01      1.903 0.0000e+00      13.00
   1944.000     3.8088   3.322587   1923.693    35.0016    27.8074  1036.6830    1498.02      0.595 0.0000e+00      59.00
   1945.000     3.8085   3.322595   1924.677    35.0015    27.8074  1036.6875    1498.04      1.883 0.0000e+00      10.00
   1946.000     3.8041   3.322210   1925.663    35.0012    27.8076  1036.6923    1498.03      2.275 0.0000e+00      11.00
   1947.000     3.8012   3.322007   1926.647    35.0014    27.8081  1036.6974    1498.04      2.475 0.0000e+00       9.00
   1948.000     3.8000   3.321933   1927.633    35.0012    27.8081  1036.7019    1498.05      2.586 0.0000e+00       9.00
   1949.000     3.7992   3.321915   1928.618    35.0014    27.8083  1036.7067    1498.06      2.646 0.0000e+00       9.00
   1950.000     3.7984   3.321878   1929.603    35.0013    27.8083  1036.7112    1498.08      2.468 0.0000e+00       9.00
   1951.000     3.7981   3.321873   1930.588    35.0011    27.8082  1036.7155    1498.09      2.113 0.0000e+00      11.00
   1952.000     3.7976   3.321835   1931.573    35.0007    27.8079  1036.7198    1498.11      1.137 0.0000e+00      17.00
   1953.000     3.7980   3.321926   1932.558    35.0009    27.8080  1036.7243    1498.13      1.271 0.0000e+00      17.00
   1954.000     3.7962   3.321805   1933.543    35.0009    27.8082  1036.7291    1498.14      1.965 0.0000e+00      12.00
   1955.000     3.7922   3.321457   1934.528    35.0005    27.8083  1036.7339    1498.13      2.114 0.0000e+00      11.00
   1956.000     3.7900   3.321307   1935.513    35.0006    27.8086  1036.7387    1498.14      2.134 0.0000e+00      11.00
   1957.000     3.7892   3.321277   1936.498    35.0006    27.8087  1036.7433    1498.16      2.096 0.0000e+00      11.00
   1958.000     3.7857   3.321016   1937.483    35.0007    27.8091  1036.7484    1498.16      2.022 0.0000e+00      12.00
   1959.000     3.7796   3.320543   1938.468    35.0011    27.8100  1036.7540    1498.15      1.937 0.0000e+00      13.00
   1960.000     3.7773   3.320340   1939.453    35.0006    27.8099  1036.7585    1498.16      1.889 0.0000e+00      12.00
   1961.000     3.7697   3.319635   1940.438    34.9999    27.8101  1036.7635    1498.14      1.859 0.0000e+00      12.00
   1962.000     3.7647   3.319232   1941.423    34.9999    27.8106  1036.7688    1498.14      1.799 0.0000e+00      14.00
   1963.000     3.7630   3.319096   1942.408    34.9996    27.8106  1036.7733    1498.15      1.650 0.0000e+00      14.00
   1964.000     3.7608   3.318911   1943.392    34.9993    27.8106  1036.7778    1498.15      1.356 0.0000e+00      18.00
   1965.000     3.7578   3.318656   1944.377    34.9990    27.8106  1036.7825    1498.16      0.848 0.0000e+00      29.00
   1966.000     3.7537   3.318312   1945.362    34.9987    27.8108  1036.7874    1498.15      0.880 0.0000e+00      33.00
   1967.000     3.7503   3.318045   1946.347    34.9987    27.8111  1036.7923    1498.16      1.730 0.0000e+00      12.00
