dados/ctd/rad2_doei014.cnv
* Sea-Bird SBE 9 Raw Data File:
* FileName = C:\OceanoEI\OEI014.dat
* Software Version Seasave Win32 v1.10
* Temperature SN = 2326
* Conductivity SN = 2149
* Number of Bytes Per Scan = 12
* Number of Voltage Words = 0
* System UpLoad Time = Nov 05 2001 20:09:32
** H-40 
** Navio Oceanografico ANTARES 
** 173a Comissao Oceanografica 
** OCEANO LESTE I 
** Estacao: OEI014
** Latitude: 10 58.9 S
** Longitude: 035 45.2 W
** Data-Hora (DDHHMMZ/MMM/AA): 042007Z/NOV/01
** Profundidade Local (m): 3286
** N/S do CTD: 11282 
** Operador: 1T-ALEX URBANCG
# nquan = 11
# nvalues = 2534                        
# units = specified
# name 0 = prDM: Pressure, Digiquartz [db]
# name 1 = t068C: Temperature [ITS-68, deg C]
# name 2 = c0S/m: Conductivity [S/m]
# name 3 = depSM: Depth [salt water, m], lat = -15
# name 4 = sal00: Salinity [PSU]
# name 5 = sigma-t00: Density [sigma-t, Kg/m^3 ]
# name 6 = density00: Density [density, Kg/m^3]
# name 7 = svCM: Sound Velocity [Chen-Millero, m/s]
# name 8 = dz/dtM: Descent Rate [m/s], WS = 2
# name 9 = flag: flag
# name 10 = nbin: number of scans per bin
# span 0 =      1.000,   2534.000       
# span 1 =     2.9637,    26.9062       
# span 2 =   3.238328,   5.775734       
# span 3 =      0.994,   2504.077       
# span 4 =    34.4269,    37.2236       
# span 5 =    24.2061,    27.8566       
# span 6 =  1024.2149,  1039.4060       
# span 7 =    1478.86,    1541.23       
# span 8 =     -0.076,      2.764       
# span 9 = 0.0000e+00, 0.0000e+00       
# span 10 =       3.00,     296.00      
# interval = decibars: 1                
# start_time = Nov 05 2001 20:09:32
# bad_flag = -9.990e-29
*END*
[from data line 2361]
   2362.000     3.0798   3.271125   2335.042    34.9630    27.8482  1038.6269    1501.93      1.568 0.0000e+00      16.00
   2363.000     3.0763   3.270811   2336.026    34.9624    27.8481  1038.6315    1501.93      1.249 0.0000e+00      20.00
   2364.000     3.0751   3.270745   2337.008    34.9624    27.8482  1038.6361    1501.94      0.793 0.0000e+00      34.00
   2365.000     3.0747   3.270733   2337.992    34.9622    27.8481  1038.6405    1501.96      1.006 0.0000e+00      23.00
   2366.000     3.0738   3.270676   2338.975    34.9620    27.8481  1038.6449    1501.97      1.664 0.0000e+00      15.00
   2367.000     3.0725   3.270599   2339.958    34.9620    27.8481  1038.6495    1501.98      2.011 0.0000e+00      11.00
   2368.000     3.0700   3.270347   2340.941    34.9612    27.8477  1038.6538    1501.99      2.186 0.0000e+00      11.00
   2369.000     3.0610   3.269451   2341.924    34.9596    27.8473  1038.6583    1501.97      2.245 0.0000e+00      11.00
   2370.000     3.0542   3.268870   2342.907    34.9593    27.8477  1038.6636    1501.96      2.195 0.0000e+00      10.00
   2371.000     3.0516   3.268664   2343.890    34.9591    27.8478  1038.6683    1501.96      2.027 0.0000e+00      12.00
   2372.000     3.0500   3.268529   2344.874    34.9588    27.8477  1038.6727    1501.97      1.726 0.0000e+00      13.00
   2373.000     3.0502   3.268576   2345.857    34.9587    27.8475  1038.6770    1501.99      1.303 0.0000e+00      21.00
   2374.000     3.0505   3.268635   2346.840    34.9586    27.8475  1038.6813    1502.00      1.074 0.0000e+00      22.00
   2375.000     3.0497   3.268587   2347.823    34.9584    27.8473  1038.6857    1502.02      1.256 0.0000e+00      19.00
   2376.000     3.0503   3.268682   2348.806    34.9584    27.8474  1038.6902    1502.04      1.420 0.0000e+00      17.00
   2377.000     3.0493   3.268612   2349.789    34.9582    27.8472  1038.6946    1502.05      1.502 0.0000e+00      15.00
   2378.000     3.0483   3.268560   2350.772    34.9582    27.8473  1038.6992    1502.06      1.623 0.0000e+00      15.00
   2379.000     3.0481   3.268580   2351.755    34.9581    27.8473  1038.7036    1502.08      1.826 0.0000e+00      14.00
   2380.000     3.0479   3.268610   2352.738    34.9582    27.8474  1038.7081    1502.09      2.008 0.0000e+00      10.00
   2381.000     3.0481   3.268667   2353.721    34.9582    27.8474  1038.7126    1502.11      2.101 0.0000e+00      12.00
   2382.000     3.0488   3.268778   2354.704    34.9583    27.8474  1038.7170    1502.13      2.062 0.0000e+00      12.00
   2383.000     3.0494   3.268868   2355.688    34.9583    27.8473  1038.7213    1502.15      1.839 0.0000e+00      12.00
   2384.000     3.0518   3.269164   2356.670    34.9588    27.8475  1038.7258    1502.18      1.275 0.0000e+00      20.00
   2385.000     3.0529   3.269262   2357.654    34.9584    27.8471  1038.7298    1502.20      0.239 0.0000e+00      63.00
   2386.000     3.0545   3.269554   2358.636    34.9597    27.8480  1038.7350    1502.23      1.654 0.0000e+00      14.00
   2387.000     3.0567   3.269840   2359.619    34.9603    27.8482  1038.7396    1502.25      2.044 0.0000e+00      10.00
   2388.000     3.0545   3.269632   2360.603    34.9597    27.8480  1038.7439    1502.26      2.294 0.0000e+00      13.00
   2389.000     3.0536   3.269594   2361.586    34.9597    27.8481  1038.7485    1502.27      2.471 0.0000e+00       8.00
   2390.000     3.0535   3.269633   2362.568    34.9598    27.8482  1038.7530    1502.29      2.599 0.0000e+00       9.00
   2391.000     3.0533   3.269676   2363.552    34.9600    27.8484  1038.7577    1502.30      2.689 0.0000e+00      10.00
   2392.000     3.0536   3.269731   2364.535    34.9599    27.8482  1038.7620    1502.32      2.688 0.0000e+00       8.00
   2393.000     3.0550   3.269963   2365.517    34.9608    27.8488  1038.7669    1502.35      2.584 0.0000e+00       8.00
   2394.000     3.0554   3.270016   2366.501    34.9605    27.8486  1038.7711    1502.37      2.335 0.0000e+00      10.00
   2395.000     3.0506   3.269560   2367.484    34.9597    27.8484  1038.7756    1502.36      1.807 0.0000e+00      14.00
   2396.000     3.0466   3.269189   2368.467    34.9590    27.8482  1038.7801    1502.36      0.347 0.0000e+00      51.00
   2397.000     3.0467   3.269175   2369.450    34.9583    27.8476  1038.7840    1502.38      2.285 0.0000e+00      10.00
   2398.000     3.0324   3.267843   2370.433    34.9571    27.8479  1038.7897    1502.33      2.528 0.0000e+00      10.00
   2399.000     3.0296   3.267697   2371.416    34.9578    27.8488  1038.7951    1502.34      2.626 0.0000e+00       8.00
   2400.000     3.0291   3.267672   2372.398    34.9576    27.8486  1038.7995    1502.35      2.714 0.0000e+00       9.00
   2401.000     3.0287   3.267694   2373.381    34.9577    27.8488  1038.8041    1502.37      2.669 0.0000e+00      10.00
   2402.000     3.0288   3.267723   2374.365    34.9575    27.8486  1038.8084    1502.38      2.317 0.0000e+00       7.00
   2403.000     3.0282   3.267675   2375.348    34.9571    27.8483  1038.8125    1502.40      1.667 0.0000e+00      19.00
   2404.000     3.0286   3.267729   2376.330    34.9569    27.8481  1038.8168    1502.42      0.430 0.0000e+00      41.00
   2405.000     3.0276   3.267680   2377.313    34.9569    27.8483  1038.8214    1502.43      1.726 0.0000e+00      14.00
   2406.000     3.0266   3.267639   2378.296    34.9569    27.8483  1038.8260    1502.44      2.145 0.0000e+00      10.00
   2407.000     3.0256   3.267561   2379.279    34.9566    27.8482  1038.8304    1502.45      2.364 0.0000e+00      10.00
   2408.000     3.0239   3.267438   2380.262    34.9565    27.8482  1038.8350    1502.46      2.422 0.0000e+00       9.00
   2409.000     3.0208   3.267164   2381.245    34.9561    27.8482  1038.8396    1502.47      2.374 0.0000e+00      10.00
   2410.000     3.0159   3.266748   2382.228    34.9558    27.8485  1038.8446    1502.46      2.200 0.0000e+00      10.00
   2411.000     3.0143   3.266640   2383.211    34.9557    27.8486  1038.8492    1502.47      1.868 0.0000e+00      14.00
   2412.000     3.0056   3.265789   2384.194    34.9543    27.8482  1038.8538    1502.45      1.265 0.0000e+00      20.00
   2413.000     3.0051   3.265757   2385.177    34.9540    27.8480  1038.8581    1502.46      0.369 0.0000e+00      50.00
   2414.000     2.9999   3.265328   2386.160    34.9539    27.8484  1038.8632    1502.46      1.825 0.0000e+00      13.00
   2415.000     2.9993   3.265301   2387.143    34.9537    27.8483  1038.8677    1502.47      2.194 0.0000e+00      10.00
   2416.000     2.9945   3.264804   2388.126    34.9523    27.8477  1038.8718    1502.47      2.328 0.0000e+00      10.00
   2417.000     2.9896   3.264377   2389.108    34.9520    27.8478  1038.8767    1502.46      2.269 0.0000e+00      10.00
   2418.000     2.9874   3.264245   2390.091    34.9522    27.8483  1038.8817    1502.47      2.023 0.0000e+00      12.00
   2419.000     2.9868   3.264241   2391.074    34.9524    27.8484  1038.8863    1502.49      1.492 0.0000e+00      16.00
   2420.000     2.9898   3.264565   2392.057    34.9526    27.8483  1038.8905    1502.52      0.818 0.0000e+00      38.00
   2421.000     2.9913   3.264778   2393.040    34.9531    27.8486  1038.8951    1502.54      1.483 0.0000e+00      14.00
   2422.000     2.9926   3.264998   2394.023    34.9539    27.8491  1038.9000    1502.56      1.936 0.0000e+00      12.00
   2423.000     2.9937   3.265152   2395.006    34.9540    27.8491  1038.9043    1502.59      2.123 0.0000e+00      11.00
   2424.000     2.9922   3.265013   2395.989    34.9536    27.8489  1038.9087    1502.59      2.169 0.0000e+00      10.00
   2425.000     2.9910   3.264935   2396.971    34.9534    27.8489  1038.9132    1502.61      2.116 0.0000e+00      12.00
   2426.000     2.9918   3.265095   2397.954    34.9540    27.8493  1038.9179    1502.63      1.947 0.0000e+00      12.00
   2427.000     2.9919   3.265161   2398.937    34.9542    27.8494  1038.9225    1502.64      1.667 0.0000e+00      15.00
   2428.000     2.9902   3.265031   2399.920    34.9540    27.8494  1038.9271    1502.66      1.286 0.0000e+00      19.00
   2429.000     2.9888   3.264946   2400.903    34.9540    27.8495  1038.9317    1502.66      1.042 0.0000e+00      26.00
   2430.000     2.9895   3.265073   2401.886    34.9543    27.8497  1038.9363    1502.69      1.196 0.0000e+00      16.00
   2431.000     2.9897   3.265148   2402.869    34.9546    27.8499  1038.9409    1502.70      1.289 0.0000e+00      17.00
   2432.000     2.9864   3.264881   2403.851    34.9544    27.8501  1038.9457    1502.71      1.227 0.0000e+00      20.00
   2433.000     2.9852   3.264807   2404.834    34.9543    27.8501  1038.9503    1502.72      1.252 0.0000e+00      21.00
   2434.000     2.9838   3.264715   2405.817    34.9542    27.8502  1038.9549    1502.73      1.506 0.0000e+00      15.00
   2435.000     2.9843   3.264869   2406.800    34.9551    27.8508  1038.9600    1502.75      1.786 0.0000e+00      13.00
   2436.000     2.9833   3.264755   2407.783    34.9543    27.8502  1038.9639    1502.76      1.938 0.0000e+00      12.00
   2437.000     2.9715   3.263679   2408.766    34.9535    27.8507  1038.9695    1502.73      1.977 0.0000e+00      12.00
   2438.000     2.9787   3.264571   2409.748    34.9561    27.8521  1038.9749    1502.78      1.870 0.0000e+00      12.00
   2439.000     2.9813   3.264827   2410.731    34.9559    27.8517  1038.9788    1502.80      1.578 0.0000e+00      15.00
   2440.000     2.9840   3.265140   2411.714    34.9562    27.8517  1038.9831    1502.83      1.063 0.0000e+00      25.00
   2441.000     2.9849   3.265281   2412.697    34.9565    27.8519  1038.9876    1502.86      1.063 0.0000e+00      25.00
   2442.000     2.9850   3.265344   2413.680    34.9568    27.8521  1038.9923    1502.87      1.615 0.0000e+00      15.00
   2443.000     2.9859   3.265514   2414.662    34.9574    27.8525  1038.9971    1502.89      1.898 0.0000e+00      12.00
   2444.000     2.9894   3.265927   2415.645    34.9581    27.8528  1039.0016    1502.93      2.015 0.0000e+00      11.00
   2445.000     2.9911   3.266128   2416.628    34.9582    27.8527  1039.0058    1502.95      2.000 0.0000e+00      12.00
   2446.000     2.9940   3.266490   2417.611    34.9590    27.8531  1039.0104    1502.98      1.877 0.0000e+00      12.00
   2447.000     2.9954   3.266635   2418.593    34.9589    27.8528  1039.0145    1503.00      1.617 0.0000e+00      15.00
   2448.000     2.9962   3.266745   2419.576    34.9589    27.8527  1039.0189    1503.02      1.190 0.0000e+00      21.00
   2449.000     2.9976   3.266933   2420.559    34.9591    27.8528  1039.0232    1503.05      0.871 0.0000e+00      29.00
   2450.000     2.9987   3.267094   2421.542    34.9594    27.8529  1039.0277    1503.07      1.123 0.0000e+00      22.00
   2451.000     2.9994   3.267240   2422.524    34.9599    27.8533  1039.0325    1503.09      1.492 0.0000e+00      17.00
   2452.000     3.0015   3.267524   2423.507    34.9607    27.8537  1039.0372    1503.12      1.836 0.0000e+00      13.00
   2453.000     3.0042   3.267823   2424.490    34.9609    27.8536  1039.0414    1503.14      2.078 0.0000e+00      10.00
   2454.000     3.0054   3.268014   2425.473    34.9615    27.8540  1039.0461    1503.17      2.203 0.0000e+00      12.00
   2455.000     3.0079   3.268306   2426.455    34.9619    27.8540  1039.0505    1503.20      2.214 0.0000e+00       9.00
   2456.000     3.0088   3.268446   2427.438    34.9621    27.8541  1039.0550    1503.22      2.082 0.0000e+00      13.00
   2457.000     3.0099   3.268588   2428.421    34.9622    27.8541  1039.0593    1503.24      1.789 0.0000e+00      11.00
   2458.000     3.0097   3.268594   2429.403    34.9620    27.8540  1039.0636    1503.25      1.135 0.0000e+00      21.00
   2459.000     3.0096   3.268608   2430.386    34.9618    27.8539  1039.0680    1503.27      0.475 0.0000e+00      48.00
   2460.000     3.0085   3.268579   2431.369    34.9621    27.8542  1039.0728    1503.28      1.758 0.0000e+00      12.00
   2461.000     3.0075   3.268529   2432.352    34.9621    27.8543  1039.0774    1503.30      2.095 0.0000e+00      11.00
   2462.000     3.0060   3.268431   2433.334    34.9620    27.8543  1039.0820    1503.31      2.202 0.0000e+00      11.00
   2463.000     3.0059   3.268463   2434.317    34.9621    27.8544  1039.0866    1503.32      2.182 0.0000e+00      10.00
   2464.000     3.0054   3.268443   2435.300    34.9620    27.8544  1039.0909    1503.34      2.019 0.0000e+00      12.00
   2465.000     3.0045   3.268382   2436.282    34.9617    27.8542  1039.0953    1503.35      1.733 0.0000e+00      13.00
   2466.000     3.0028   3.268269   2437.265    34.9617    27.8544  1039.1000    1503.36      1.379 0.0000e+00      18.00
   2467.000     3.0009   3.268128   2438.248    34.9615    27.8544  1039.1046    1503.37      1.205 0.0000e+00      21.00
   2468.000     2.9963   3.267725   2439.230    34.9611    27.8545  1039.1094    1503.37      1.393 0.0000e+00      17.00
   2469.000     2.9919   3.267365   2440.213    34.9610    27.8549  1039.1145    1503.36      1.676 0.0000e+00      14.00
   2470.000     2.9913   3.267355   2441.196    34.9611    27.8549  1039.1191    1503.38      1.870 0.0000e+00      14.00
   2471.000     2.9903   3.267303   2442.178    34.9610    27.8550  1039.1236    1503.39      1.923 0.0000e+00      11.00
   2472.000     2.9883   3.267134   2443.161    34.9607    27.8549  1039.1281    1503.40      1.765 0.0000e+00      12.00
   2473.000     2.9876   3.267100   2444.144    34.9606    27.8549  1039.1326    1503.41      1.302 0.0000e+00      18.00
   2474.000     2.9877   3.267136   2445.126    34.9604    27.8547  1039.1368    1503.43      0.778 0.0000e+00      38.00
   2475.000     2.9876   3.267201   2446.109    34.9608    27.8551  1039.1416    1503.45      1.543 0.0000e+00      15.00
   2476.000     2.9881   3.267289   2447.092    34.9609    27.8551  1039.1460    1503.46      1.883 0.0000e+00      11.00
   2477.000     2.9879   3.267297   2448.074    34.9607    27.8550  1039.1503    1503.48      1.928 0.0000e+00      11.00
   2478.000     2.9874   3.267273   2449.057    34.9604    27.8548  1039.1547    1503.50      1.679 0.0000e+00      16.00
   2479.000     2.9877   3.267323   2450.039    34.9603    27.8547  1039.1590    1503.51      1.220 0.0000e+00      21.00
   2480.000     2.9870   3.267311   2451.022    34.9604    27.8548  1039.1636    1503.53      1.128 0.0000e+00      22.00
   2481.000     2.9874   3.267387   2452.005    34.9604    27.8548  1039.1680    1503.55      1.617 0.0000e+00      15.00
   2482.000     2.9872   3.267429   2452.987    34.9606    27.8550  1039.1726    1503.56      1.924 0.0000e+00      12.00
   2483.000     2.9863   3.267363   2453.970    34.9604    27.8548  1039.1770    1503.58      2.022 0.0000e+00      12.00
   2484.000     2.9850   3.267294   2454.953    34.9605    27.8551  1039.1817    1503.59      1.935 0.0000e+00      11.00
   2485.000     2.9874   3.267544   2455.935    34.9604    27.8548  1039.1857    1503.61      1.635 0.0000e+00      14.00
   2486.000     2.9886   3.267679   2456.918    34.9603    27.8546  1039.1899    1503.64      1.150 0.0000e+00      25.00
   2487.000     2.9877   3.267627   2457.900    34.9602    27.8546  1039.1944    1503.65      1.141 0.0000e+00      22.00
   2488.000     2.9901   3.267939   2458.883    34.9610    27.8550  1039.1991    1503.68      1.647 0.0000e+00      14.00
   2489.000     2.9830   3.267164   2459.865    34.9587    27.8538  1039.2029    1503.66      1.932 0.0000e+00      11.00
   2490.000     2.9773   3.266785   2460.848    34.9598    27.8552  1039.2090    1503.65      2.022 0.0000e+00      11.00
   2491.000     2.9755   3.266654   2461.831    34.9596    27.8553  1039.2136    1503.66      1.935 0.0000e+00      12.00
