dados/ctd/rad2_doei016.cnv
* Sea-Bird SBE 9 Raw Data File:
* FileName = C:\OceanoEI\OEI016.dat
* Software Version Seasave Win32 v1.10
* Temperature SN = 2326
* Conductivity SN = 2149
* Number of Bytes Per Scan = 12
* Number of Voltage Words = 0
* System UpLoad Time = Nov 06 2001 05:23:49
** H-40 
** Navio Oceanografico ANTARES 
** 173a Comissao Oceanografica 
** OCEANO LESTE I 
** Estacao: OEI016
** Latitude: 11 19.8 S
** Longitude: 034 49.5 W
** Data-Hora (DDHHMMZ/MMM/AA): 060523Z/NOV/01
** Profundidade Local (m): 4254
** N/S do CTD: 11282 
** Operador: 1T ALEX URBANCG
# nquan = 11
# nvalues = 2530                        
# units = specified
# name 0 = prDM: Pressure, Digiquartz [db]
# name 1 = t068C: Temperature [ITS-68, deg C]
# name 2 = c0S/m: Conductivity [S/m]
# name 3 = depSM: Depth [salt water, m], lat = -15
# name 4 = sal00: Salinity [PSU]
# name 5 = sigma-t00: Density [sigma-t, Kg/m^3 ]
# name 6 = density00: Density [density, Kg/m^3]
# name 7 = svCM: Sound Velocity [Chen-Millero, m/s]
# name 8 = dz/dtM: Descent Rate [m/s], WS = 2
# name 9 = flag: flag
# name 10 = nbin: number of scans per bin
# span 0 =      3.000,   2532.000       
# span 1 =     3.0426,    26.8696       
# span 2 =   3.253979,   5.750004       
# span 3 =      2.982,   2502.112       
# span 4 =    34.4557,    37.0655       
# span 5 =    24.0941,    27.8554       
# span 6 =  1024.1104,  1039.3907       
# span 7 =    1480.10,    1541.42       
# span 8 =     -0.457,      2.731       
# span 9 = 0.0000e+00, 0.0000e+00       
# span 10 =       4.00,      69.00      
# interval = decibars: 1                
# start_time = Nov 06 2001 05:23:49
# bad_flag = -9.990e-29
*END*
[from data line 525]
    528.000     5.8425   3.402704    524.245    34.5117    27.1869  1029.6106    1482.17      1.786 0.0000e+00      13.00
    529.000     5.8401   3.402474    525.237    34.5111    27.1866  1029.6149    1482.17      1.796 0.0000e+00      14.00
    530.000     5.8377   3.402317    526.228    34.5112    27.1871  1029.6200    1482.18      1.911 0.0000e+00      12.00
    531.000     5.8413   3.402753    527.220    34.5120    27.1873  1029.6247    1482.21      2.003 0.0000e+00      12.00
    532.000     5.8440   3.403074    528.211    34.5124    27.1872  1029.6292    1482.24      1.970 0.0000e+00      11.00
    533.000     5.8385   3.402613    529.203    34.5123    27.1878  1029.6344    1482.24      1.785 0.0000e+00      13.00
    534.000     5.8239   3.401215    530.194    34.5108    27.1885  1029.6398    1482.19      1.476 0.0000e+00      18.00
    535.000     5.8045   3.399484    531.186    34.5105    27.1906  1029.6467    1482.13      1.308 0.0000e+00      19.00
    536.000     5.7970   3.398836    532.178    34.5103    27.1915  1029.6522    1482.12      1.391 0.0000e+00      18.00
    537.000     5.7930   3.398449    533.169    34.5096    27.1914  1029.6567    1482.12      1.498 0.0000e+00      15.00
    538.000     5.7909   3.398276    534.161    34.5092    27.1913  1029.6613    1482.12      1.486 0.0000e+00      15.00
    539.000     5.7887   3.398086    535.153    34.5088    27.1913  1029.6659    1482.13      1.122 0.0000e+00      20.00
    540.000     5.7852   3.397710    536.144    34.5077    27.1908  1029.6700    1482.13      0.659 0.0000e+00      42.00
    541.000     5.7563   3.394773    537.136    34.5034    27.1910  1029.6752    1482.03      1.643 0.0000e+00      15.00
    542.000     5.7365   3.393088    538.127    34.5040    27.1940  1029.6829    1481.97      2.145 0.0000e+00      10.00
    543.000     5.7234   3.391844    539.119    34.5028    27.1946  1029.6883    1481.93      2.424 0.0000e+00      10.00
    544.000     5.7167   3.391489    540.110    34.5051    27.1973  1029.6955    1481.92      2.573 0.0000e+00       9.00
    545.000     5.7194   3.391779    541.102    34.5051    27.1969  1029.6998    1481.95      2.621 0.0000e+00       9.00
    546.000     5.7214   3.392081    542.093    34.5060    27.1974  1029.7048    1481.97      2.661 0.0000e+00       9.00
    547.000     5.7235   3.392276    543.085    34.5055    27.1968  1029.7087    1482.00      2.668 0.0000e+00      10.00
    548.000     5.7231   3.392263    544.076    34.5053    27.1966  1029.7131    1482.01      2.488 0.0000e+00       8.00
    549.000     5.7224   3.392215    545.068    34.5050    27.1965  1029.7176    1482.02      2.039 0.0000e+00       9.00
    550.000     5.7224   3.392256    546.060    34.5050    27.1965  1029.7221    1482.04      1.121 0.0000e+00      29.00
    551.000     5.7211   3.392173    547.051    34.5049    27.1966  1029.7268    1482.05      1.310 0.0000e+00      17.00
    552.000     5.7189   3.391968    548.042    34.5043    27.1963  1029.7311    1482.06      1.368 0.0000e+00      17.00
    553.000     5.7120   3.391323    549.034    34.5035    27.1966  1029.7361    1482.05      1.358 0.0000e+00      17.00
    554.000     5.7052   3.390699    550.026    34.5029    27.1970  1029.7411    1482.04      1.457 0.0000e+00      18.00
    555.000     5.6974   3.390048    551.017    34.5029    27.1979  1029.7467    1482.02      1.665 0.0000e+00      14.00
    556.000     5.6961   3.389936    552.008    34.5025    27.1978  1029.7512    1482.03      1.825 0.0000e+00      13.00
    557.000     5.6900   3.389368    553.000    34.5018    27.1979  1029.7559    1482.02      1.822 0.0000e+00      12.00
    558.000     5.6781   3.388155    553.992    34.4996    27.1977  1029.7605    1481.99      1.612 0.0000e+00      14.00
    559.000     5.6592   3.386492    554.983    34.4996    27.2000  1029.7676    1481.93      1.280 0.0000e+00      21.00
    560.000     5.6522   3.385852    555.974    34.4990    27.2004  1029.7726    1481.92      1.280 0.0000e+00      19.00
    561.000     5.6490   3.385636    556.966    34.4992    27.2010  1029.7778    1481.92      1.537 0.0000e+00      15.00
    562.000     5.6403   3.384668    557.957    34.4967    27.2000  1029.7815    1481.90      1.678 0.0000e+00      14.00
    563.000     5.5959   3.380563    558.949    34.4949    27.2041  1029.7907    1481.74      1.677 0.0000e+00      13.00
    564.000     5.5868   3.379863    559.940    34.4958    27.2059  1029.7972    1481.72      1.636 0.0000e+00      15.00
    565.000     5.5788   3.379130    560.932    34.4951    27.2063  1029.8023    1481.70      1.696 0.0000e+00      14.00
    566.000     5.5613   3.377318    561.923    34.4919    27.2060  1029.8068    1481.64      1.878 0.0000e+00      14.00
    567.000     5.5359   3.375014    562.915    34.4912    27.2085  1029.8141    1481.56      2.055 0.0000e+00      10.00
    568.000     5.5314   3.374747    563.906    34.4922    27.2098  1029.8201    1481.56      2.085 0.0000e+00      12.00
    569.000     5.5334   3.375000    564.898    34.4925    27.2098  1029.8247    1481.58      1.908 0.0000e+00      12.00
    570.000     5.5280   3.374479    565.889    34.4917    27.2098  1029.8293    1481.57      1.548 0.0000e+00      16.00
    571.000     5.5192   3.373655    566.880    34.4907    27.2101  1029.8343    1481.56      1.271 0.0000e+00      20.00
    572.000     5.5112   3.372908    567.872    34.4899    27.2104  1029.8393    1481.54      1.354 0.0000e+00      17.00
    573.000     5.5025   3.372089    568.863    34.4890    27.2108  1029.8443    1481.52      1.538 0.0000e+00      17.00
    574.000     5.4930   3.371364    569.855    34.4899    27.2127  1029.8509    1481.50      1.638 0.0000e+00      14.00
    575.000     5.4879   3.370948    570.846    34.4899    27.2133  1029.8561    1481.49      1.622 0.0000e+00      14.00
    576.000     5.4830   3.370510    571.837    34.4894    27.2135  1029.8610    1481.49      1.538 0.0000e+00      16.00
    577.000     5.4562   3.367850    572.829    34.4860    27.2141  1029.8665    1481.39      1.503 0.0000e+00      17.00
    578.000     5.4329   3.365812    573.820    34.4861    27.2169  1029.8742    1481.32      1.532 0.0000e+00      15.00
    579.000     5.4268   3.365248    574.812    34.4854    27.2171  1029.8791    1481.31      1.566 0.0000e+00      14.00
    580.000     5.4212   3.364741    575.803    34.4849    27.2174  1029.8840    1481.30      1.539 0.0000e+00      16.00
    581.000     5.4234   3.364976    576.794    34.4849    27.2171  1029.8883    1481.33      1.558 0.0000e+00      17.00
    582.000     5.4234   3.365045    577.786    34.4851    27.2172  1029.8930    1481.34      1.693 0.0000e+00      12.00
    583.000     5.4264   3.365352    578.777    34.4851    27.2169  1029.8971    1481.37      1.855 0.0000e+00      14.00
    584.000     5.4285   3.365627    579.769    34.4855    27.2170  1029.9018    1481.40      1.967 0.0000e+00      11.00
    585.000     5.4293   3.365720    580.760    34.4853    27.2167  1029.9061    1481.42      1.951 0.0000e+00      11.00
    586.000     5.4314   3.365953    581.751    34.4852    27.2164  1029.9103    1481.44      1.735 0.0000e+00      14.00
    587.000     5.4310   3.365944    582.743    34.4851    27.2163  1029.9148    1481.46      1.338 0.0000e+00      18.00
    588.000     5.4295   3.365834    583.734    34.4848    27.2163  1029.9194    1481.47      1.154 0.0000e+00      24.00
    589.000     5.4282   3.365784    584.725    34.4851    27.2167  1029.9243    1481.48      1.549 0.0000e+00      15.00
    590.000     5.4299   3.365997    585.717    34.4854    27.2167  1029.9289    1481.50      1.959 0.0000e+00      12.00
    591.000     5.4279   3.365825    586.708    34.4849    27.2165  1029.9333    1481.51      2.167 0.0000e+00      11.00
    592.000     5.4222   3.365079    587.699    34.4817    27.2147  1029.9362    1481.50      2.182 0.0000e+00      10.00
    593.000     5.3793   3.361177    588.690    34.4806    27.2190  1029.9456    1481.34      1.965 0.0000e+00      12.00
    594.000     5.3738   3.360958    589.682    34.4833    27.2217  1029.9530    1481.34      1.485 0.0000e+00      17.00
    595.000     5.3748   3.361126    590.673    34.4836    27.2219  1029.9577    1481.36      0.959 0.0000e+00      28.00
    596.000     5.3701   3.360698    591.665    34.4831    27.2221  1029.9625    1481.36      1.328 0.0000e+00      18.00
    597.000     5.3645   3.360104    592.656    34.4815    27.2215  1029.9665    1481.35      1.864 0.0000e+00      14.00
    598.000     5.3564   3.359382    593.647    34.4811    27.2221  1029.9719    1481.33      2.129 0.0000e+00      10.00
    599.000     5.3557   3.359360    594.638    34.4811    27.2222  1029.9765    1481.34      2.193 0.0000e+00      10.00
    600.000     5.3526   3.359060    595.630    34.4802    27.2219  1029.9808    1481.35      2.006 0.0000e+00      12.00
    601.000     5.3521   3.359032    596.621    34.4800    27.2217  1029.9853    1481.36      1.581 0.0000e+00      16.00
    602.000     5.3392   3.357724    597.612    34.4777    27.2215  1029.9898    1481.32      1.119 0.0000e+00      20.00
    603.000     5.3082   3.354712    598.604    34.4745    27.2227  1029.9960    1481.21      1.289 0.0000e+00      18.00
    604.000     5.2725   3.351339    599.595    34.4720    27.2249  1030.0033    1481.08      1.647 0.0000e+00      15.00
    605.000     5.2549   3.349837    600.586    34.4723    27.2273  1030.0105    1481.02      1.925 0.0000e+00      12.00
    606.000     5.2471   3.349107    601.577    34.4715    27.2276  1030.0155    1481.01      2.072 0.0000e+00      12.00
    607.000     5.2232   3.346999    602.568    34.4714    27.2303  1030.0231    1480.93      2.095 0.0000e+00      11.00
    608.000     5.2166   3.346541    603.560    34.4723    27.2318  1030.0293    1480.92      2.002 0.0000e+00      11.00
    609.000     5.2197   3.347000    604.551    34.4740    27.2327  1030.0347    1480.95      1.812 0.0000e+00      15.00
    610.000     5.2185   3.346945    605.542    34.4741    27.2329  1030.0395    1480.96      1.562 0.0000e+00      14.00
    611.000     5.2149   3.346672    606.533    34.4741    27.2334  1030.0446    1480.96      1.367 0.0000e+00      19.00
    612.000     5.2129   3.346548    607.525    34.4742    27.2337  1030.0495    1480.97      1.347 0.0000e+00      18.00
    613.000     5.2095   3.346258    608.516    34.4739    27.2339  1030.0543    1480.98      1.477 0.0000e+00      15.00
    614.000     5.1941   3.344869    609.507    34.4733    27.2352  1030.0604    1480.93      1.600 0.0000e+00      15.00
    615.000     5.1756   3.343138    610.498    34.4719    27.2363  1030.0663    1480.87      1.611 0.0000e+00      16.00
    616.000     5.1690   3.342690    611.490    34.4731    27.2380  1030.0727    1480.86      1.521 0.0000e+00      14.00
    617.000     5.1629   3.342166    612.481    34.4728    27.2384  1030.0778    1480.85      1.404 0.0000e+00      18.00
    618.000     5.1517   3.341185    613.472    34.4725    27.2395  1030.0837    1480.82      1.405 0.0000e+00      17.00
    619.000     5.1436   3.340549    614.463    34.4730    27.2409  1030.0897    1480.80      1.521 0.0000e+00      16.00
    620.000     5.1417   3.340481    615.455    34.4737    27.2417  1030.0951    1480.81      1.659 0.0000e+00      14.00
    621.000     5.1404   3.340468    616.446    34.4744    27.2423  1030.1003    1480.83      1.835 0.0000e+00      13.00
    622.000     5.1380   3.340331    617.437    34.4748    27.2430  1030.1056    1480.83      2.002 0.0000e+00      13.00
    623.000     5.1376   3.340380    618.428    34.4753    27.2434  1030.1106    1480.85      2.108 0.0000e+00      10.00
    624.000     5.1324   3.339858    619.419    34.4741    27.2430  1030.1149    1480.84      2.093 0.0000e+00      11.00
    625.000     5.1314   3.339923    620.410    34.4754    27.2442  1030.1206    1480.86      1.939 0.0000e+00      12.00
    626.000     5.1302   3.339829    621.402    34.4750    27.2440  1030.1250    1480.87      1.591 0.0000e+00      16.00
    627.000     5.1247   3.339335    622.393    34.4745    27.2442  1030.1299    1480.86      1.159 0.0000e+00      23.00
    628.000     5.1147   3.338335    623.384    34.4728    27.2441  1030.1344    1480.84      1.085 0.0000e+00      23.00
    629.000     5.1015   3.337018    624.375    34.4707    27.2440  1030.1391    1480.79      1.417 0.0000e+00      17.00
    630.000     5.0811   3.334984    625.366    34.4678    27.2441  1030.1441    1480.73      1.822 0.0000e+00      12.00
    631.000     5.0644   3.333176    626.357    34.4636    27.2427  1030.1475    1480.67      2.119 0.0000e+00      12.00
    632.000     5.0293   3.329959    627.348    34.4623    27.2457  1030.1557    1480.54      2.278 0.0000e+00      10.00
    633.000     5.0297   3.330431    628.339    34.4667    27.2492  1030.1637    1480.57      2.314 0.0000e+00      10.00
    634.000     5.0233   3.329780    629.331    34.4653    27.2488  1030.1680    1480.55      2.191 0.0000e+00      11.00
    635.000     5.0018   3.327623    630.322    34.4621    27.2487  1030.1728    1480.48      1.868 0.0000e+00      11.00
    636.000     4.9783   3.325514    631.313    34.4615    27.2510  1030.1800    1480.40      1.147 0.0000e+00      26.00
    637.000     4.9612   3.323864    632.304    34.4595    27.2513  1030.1852    1480.34      0.783 0.0000e+00      33.00
    638.000     4.9512   3.322856    633.295    34.4577    27.2510  1030.1897    1480.31      1.633 0.0000e+00      14.00
    639.000     4.9479   3.322610    634.286    34.4578    27.2515  1030.1947    1480.32      2.111 0.0000e+00      11.00
    640.000     4.9452   3.322379    635.277    34.4573    27.2515  1030.1993    1480.32      2.379 0.0000e+00       9.00
    641.000     4.9445   3.322386    636.268    34.4577    27.2518  1030.2042    1480.34      2.467 0.0000e+00      11.00
    642.000     4.9391   3.321843    637.259    34.4564    27.2514  1030.2085    1480.33      2.368 0.0000e+00       9.00
    643.000     4.9330   3.321418    638.251    34.4573    27.2528  1030.2146    1480.32      2.047 0.0000e+00      10.00
    644.000     4.9312   3.321324    639.242    34.4576    27.2532  1030.2196    1480.33      1.337 0.0000e+00      21.00
    645.000     4.9229   3.320556    640.233    34.4568    27.2535  1030.2246    1480.31      1.003 0.0000e+00      28.00
    646.000     4.9084   3.319215    641.224    34.4557    27.2544  1030.2302    1480.27      1.690 0.0000e+00      14.00
    647.000     4.9046   3.319004    642.215    34.4567    27.2556  1030.2361    1480.27      2.134 0.0000e+00      10.00
    648.000     4.8994   3.318520    643.206    34.4560    27.2556  1030.2407    1480.27      2.390 0.0000e+00       9.00
    649.000     4.8943   3.318327    644.197    34.4585    27.2581  1030.2480    1480.27      2.429 0.0000e+00      10.00
    650.000     4.9070   3.319938    645.188    34.4635    27.2607  1030.2549    1480.34      2.224 0.0000e+00      10.00
    651.000     4.9062   3.319720    646.179    34.4613    27.2591  1030.2578    1480.35      1.686 0.0000e+00      14.00
    652.000     4.9241   3.321803    647.170    34.4663    27.2610  1030.2640    1480.45      0.877 0.0000e+00      34.00
    653.000     4.9722   3.326795    648.161    34.4739    27.2615  1030.2683    1480.67      1.261 0.0000e+00      19.00
    654.000     4.9825   3.328030    649.152    34.4771    27.2628  1030.2740    1480.73      1.714 0.0000e+00      13.00
    655.000     4.9987   3.329655    650.143    34.4787    27.2622  1030.2777    1480.82      1.995 0.0000e+00      12.00
    656.000     4.9926   3.329032    651.134    34.4772    27.2617  1030.2819    1480.81      2.125 0.0000e+00      11.00
    657.000     4.9949   3.329660    652.125    34.4816    27.2650  1030.2897    1480.84      2.101 0.0000e+00      11.00
