dados/ctd/rad2_doei012.cnv
* Sea-Bird SBE 9 Raw Data File:
* FileName = C:\OceanoEI\OEI012.dat
* Software Version Seasave Win32 v1.10
* Temperature SN = 2326
* Conductivity SN = 2149
* Number of Bytes Per Scan = 12
* Number of Voltage Words = 0
* System UpLoad Time = Nov 05 2001 13:09:04
** H-40 
** Navio Oceanografico ANTARES 
** 173a Comissao Oceanografica 
** OCEANO LESTE I 
** Estacao: OEI12
** Latitude: 10 41.9 S
** Longitude: 036 28.5 W
** Data-Hora (DDHHMMZ/MMM/AA): 051307Z/NOV/01
** Profundidade Local (m): 39
** N/S do CTD: 11282 
** Operador: 1T-ALEX URBANCG
# nquan = 11
# nvalues = 32                          
# units = specified
# name 0 = prDM: Pressure, Digiquartz [db]
# name 1 = t068C: Temperature [ITS-68, deg C]
# name 2 = c0S/m: Conductivity [S/m]
# name 3 = depSM: Depth [salt water, m], lat = -15
# name 4 = sal00: Salinity [PSU]
# name 5 = sigma-t00: Density [sigma-t, Kg/m^3 ]
# name 6 = density00: Density [density, Kg/m^3]
# name 7 = svCM: Sound Velocity [Chen-Millero, m/s]
# name 8 = dz/dtM: Descent Rate [m/s], WS = 2
# name 9 = flag: flag
# name 10 = nbin: number of scans per bin
# span 0 =      1.000,     32.000       
# span 1 =    25.5525,    26.1375       
# span 2 =   5.654119,   5.704833       
# span 3 =      0.994,     31.810       
# span 4 =    37.0350,    37.1294       
# span 5 =    24.5298,    24.7826       
# span 6 =  1024.5341,  1024.9200       
# span 7 =    1538.48,    1539.28       
# span 8 =      0.057,      2.394       
# span 9 = 0.0000e+00, 0.0000e+00       
# span 10 =       9.00,     698.00      
# interval = decibars: 1                
# start_time = Nov 05 2001 13:09:04
# bad_flag = -9.990e-29
*END*
      1.000    26.1375   5.704833      0.994    37.0370    24.5298  1024.5341    1539.28      0.057 0.0000e+00     698.00
      2.000    26.1001   5.700626      1.988    37.0360    24.5408  1024.5494    1539.21      0.378 0.0000e+00      91.00
      3.000    26.0962   5.700202      2.982    37.0357    24.5418  1024.5547    1539.22      1.381 0.0000e+00      14.00
      4.000    26.0450   5.694502      3.977    37.0350    24.5574  1024.5746    1539.12      1.388 0.0000e+00      18.00
      5.000    26.0264   5.692767      4.971    37.0369    24.5647  1024.5862    1539.09      0.971 0.0000e+00      25.00
      6.000    25.9964   5.689713      5.965    37.0385    24.5753  1024.6011    1539.04      0.642 0.0000e+00      39.00
      7.000    25.9690   5.686855      6.959    37.0394    24.5846  1024.6147    1539.00      1.580 0.0000e+00      16.00
      8.000    25.9641   5.686489      7.953    37.0403    24.5869  1024.6212    1539.00      2.084 0.0000e+00      11.00
      9.000    25.9565   5.685558      8.947    37.0393    24.5884  1024.6271    1539.00      2.341 0.0000e+00      10.00
     10.000    25.9413   5.684194      9.942    37.0413    24.5947  1024.6377    1538.98      2.363 0.0000e+00       9.00
     11.000    25.9414   5.684340     10.936    37.0419    24.5951  1024.6424    1539.00      2.154 0.0000e+00      10.00
     12.000    25.9315   5.683253     11.930    37.0417    24.5981  1024.6496    1539.00      1.622 0.0000e+00      16.00
     13.000    25.9248   5.682704     12.924    37.0427    24.6010  1024.6568    1539.00      0.716 0.0000e+00      41.00
     14.000    25.9180   5.682115     13.918    37.0436    24.6038  1024.6639    1539.00      1.048 0.0000e+00      25.00
     15.000    25.9141   5.681842     14.912    37.0443    24.6056  1024.6700    1539.01      1.858 0.0000e+00      12.00
     16.000    25.9056   5.681021     15.906    37.0449    24.6087  1024.6774    1539.01      2.249 0.0000e+00      11.00
     17.000    25.8913   5.679986     16.900    37.0486    24.6159  1024.6889    1538.99      2.394 0.0000e+00       9.00
     18.000    25.8788   5.678813     17.894    37.0497    24.6207  1024.6980    1538.98      2.343 0.0000e+00       9.00
     19.000    25.8457   5.675975     18.888    37.0554    24.6354  1024.7170    1538.93      2.052 0.0000e+00      11.00
     20.000    25.8071   5.673158     19.882    37.0657    24.6552  1024.7411    1538.87      1.494 0.0000e+00      15.00
     21.000    25.7593   5.669583     20.876    37.0778    24.6793  1024.7695    1538.78      0.549 0.0000e+00      58.00
     22.000    25.7251   5.666934     21.870    37.0857    24.6960  1024.7905    1538.73      1.397 0.0000e+00      18.00
     23.000    25.6982   5.664796     22.864    37.0915    24.7088  1024.8076    1538.69      1.976 0.0000e+00      11.00
     24.000    25.6623   5.662142     23.858    37.1007    24.7269  1024.8300    1538.63      2.238 0.0000e+00      11.00
     25.000    25.6236   5.659016     24.853    37.1088    24.7451  1024.8525    1538.57      2.259 0.0000e+00       9.00
     26.000    25.5776   5.655737     25.846    37.1218    24.7693  1024.8809    1538.49      2.080 0.0000e+00      12.00
     27.000    25.5632   5.654832     26.840    37.1265    24.7772  1024.8932    1538.48      1.723 0.0000e+00      13.00
     28.000    25.5592   5.654534     27.834    37.1273    24.7791  1024.8993    1538.48      1.260 0.0000e+00      20.00
     29.000    25.5533   5.654150     28.828    37.1289    24.7821  1024.9067    1538.49      0.644 0.0000e+00      40.00
     30.000    25.5531   5.654119     29.822    37.1285    24.7819  1024.9107    1538.51      0.176 0.0000e+00     100.00
     31.000    25.5525   5.654188     30.816    37.1292    24.7826  1024.9158    1538.52      1.110 0.0000e+00      18.00
     32.000    25.5533   5.654355     31.810    37.1294    24.7825  1024.9200    1538.54      0.223 0.0000e+00      11.00
