dados/ctd/rad2_doei014.cnv
* Sea-Bird SBE 9 Raw Data File:
* FileName = C:\OceanoEI\OEI014.dat
* Software Version Seasave Win32 v1.10
* Temperature SN = 2326
* Conductivity SN = 2149
* Number of Bytes Per Scan = 12
* Number of Voltage Words = 0
* System UpLoad Time = Nov 05 2001 20:09:32
** H-40 
** Navio Oceanografico ANTARES 
** 173a Comissao Oceanografica 
** OCEANO LESTE I 
** Estacao: OEI014
** Latitude: 10 58.9 S
** Longitude: 035 45.2 W
** Data-Hora (DDHHMMZ/MMM/AA): 042007Z/NOV/01
** Profundidade Local (m): 3286
** N/S do CTD: 11282 
** Operador: 1T-ALEX URBANCG
# nquan = 11
# nvalues = 2534                        
# units = specified
# name 0 = prDM: Pressure, Digiquartz [db]
# name 1 = t068C: Temperature [ITS-68, deg C]
# name 2 = c0S/m: Conductivity [S/m]
# name 3 = depSM: Depth [salt water, m], lat = -15
# name 4 = sal00: Salinity [PSU]
# name 5 = sigma-t00: Density [sigma-t, Kg/m^3 ]
# name 6 = density00: Density [density, Kg/m^3]
# name 7 = svCM: Sound Velocity [Chen-Millero, m/s]
# name 8 = dz/dtM: Descent Rate [m/s], WS = 2
# name 9 = flag: flag
# name 10 = nbin: number of scans per bin
# span 0 =      1.000,   2534.000       
# span 1 =     2.9637,    26.9062       
# span 2 =   3.238328,   5.775734       
# span 3 =      0.994,   2504.077       
# span 4 =    34.4269,    37.2236       
# span 5 =    24.2061,    27.8566       
# span 6 =  1024.2149,  1039.4060       
# span 7 =    1478.86,    1541.23       
# span 8 =     -0.076,      2.764       
# span 9 = 0.0000e+00, 0.0000e+00       
# span 10 =       3.00,     296.00      
# interval = decibars: 1                
# start_time = Nov 05 2001 20:09:32
# bad_flag = -9.990e-29
*END*
[from data line 525]
    526.000     5.8614   3.405225    522.262    34.5220    27.1926  1029.6069    1482.22      1.918 0.0000e+00      11.00
    527.000     5.8619   3.405351    523.253    34.5224    27.1928  1029.6117    1482.24      1.747 0.0000e+00      14.00
    528.000     5.8566   3.404825    524.245    34.5213    27.1927  1029.6161    1482.24      1.483 0.0000e+00      16.00
    529.000     5.8409   3.403259    525.236    34.5191    27.1929  1029.6211    1482.19      1.344 0.0000e+00      20.00
    530.000     5.8280   3.402035    526.228    34.5180    27.1936  1029.6266    1482.15      1.443 0.0000e+00      15.00
    531.000     5.8098   3.400189    527.220    34.5151    27.1936  1029.6314    1482.09      1.528 0.0000e+00      17.00
    532.000     5.8038   3.399877    528.211    34.5172    27.1960  1029.6384    1482.09      1.495 0.0000e+00      15.00
    533.000     5.8059   3.400180    529.203    34.5180    27.1964  1029.6433    1482.11      1.436 0.0000e+00      17.00
    534.000     5.8048   3.400162    530.195    34.5184    27.1969  1029.6484    1482.13      1.430 0.0000e+00      16.00
    535.000     5.8046   3.400285    531.186    34.5195    27.1977  1029.6538    1482.14      1.486 0.0000e+00      16.00
    536.000     5.8018   3.400019    532.178    34.5189    27.1976  1029.6582    1482.15      1.538 0.0000e+00      15.00
    537.000     5.7905   3.398905    533.169    34.5172    27.1977  1029.6631    1482.12      1.547 0.0000e+00      16.00
    538.000     5.7825   3.398233    534.161    34.5173    27.1988  1029.6688    1482.10      1.594 0.0000e+00      16.00
    539.000     5.7766   3.397648    535.152    34.5162    27.1987  1029.6733    1482.09      1.695 0.0000e+00      14.00
    540.000     5.7652   3.396619    536.144    34.5157    27.1997  1029.6790    1482.06      1.826 0.0000e+00      13.00
    541.000     5.7628   3.396420    537.136    34.5154    27.1997  1029.6837    1482.07      1.961 0.0000e+00      11.00
    542.000     5.7495   3.394907    538.127    34.5113    27.1981  1029.6869    1482.03      2.072 0.0000e+00      12.00
    543.000     5.7188   3.392220    539.119    34.5117    27.2023  1029.6960    1481.92      2.109 0.0000e+00      11.00
    544.000     5.7668   3.398077    540.110    34.5285    27.2096  1029.7072    1482.15      2.038 0.0000e+00      11.00
    545.000     5.8046   3.401540    541.102    34.5287    27.2051  1029.7067    1482.32      1.841 0.0000e+00      13.00
    546.000     5.8048   3.401539    542.093    34.5280    27.2045  1029.7107    1482.33      1.442 0.0000e+00      18.00
    547.000     5.7932   3.400397    543.085    34.5263    27.2046  1029.7155    1482.30      0.898 0.0000e+00      30.00
    548.000     5.7548   3.396540    544.076    34.5214    27.2055  1029.7215    1482.16      1.212 0.0000e+00      20.00
    549.000     5.7245   3.393488    545.068    34.5172    27.2059  1029.7269    1482.05      1.863 0.0000e+00      13.00
    550.000     5.7108   3.392030    546.059    34.5142    27.2052  1029.7309    1482.01      2.243 0.0000e+00      10.00
    551.000     5.6682   3.387844    547.051    34.5098    27.2070  1029.7378    1481.85      2.488 0.0000e+00       9.00
    552.000     5.6529   3.386595    548.043    34.5107    27.2096  1029.7452    1481.81      2.631 0.0000e+00       9.00
    553.000     5.6326   3.384825    549.034    34.5108    27.2122  1029.7526    1481.74      2.704 0.0000e+00       9.00
    554.000     5.6528   3.387460    550.025    34.5196    27.2167  1029.7614    1481.85      2.576 0.0000e+00       9.00
    555.000     5.6291   3.384618    551.017    34.5110    27.2128  1029.7624    1481.76      2.131 0.0000e+00       9.00
    556.000     5.6231   3.384285    552.009    34.5129    27.2150  1029.7692    1481.75      0.449 0.0000e+00      65.00
    557.000     5.6141   3.383389    553.000    34.5114    27.2149  1029.7738    1481.73      1.774 0.0000e+00      14.00
    558.000     5.6048   3.382639    553.991    34.5119    27.2164  1029.7800    1481.71      2.232 0.0000e+00       9.00
    559.000     5.6057   3.382776    554.983    34.5120    27.2165  1029.7846    1481.73      2.465 0.0000e+00      10.00
    560.000     5.6035   3.382530    555.975    34.5110    27.2159  1029.7887    1481.74      2.594 0.0000e+00       9.00
    561.000     5.6002   3.382218    556.966    34.5103    27.2158  1029.7931    1481.74      2.673 0.0000e+00       8.00
    562.000     5.5939   3.381621    557.957    34.5094    27.2158  1029.7979    1481.73      2.727 0.0000e+00      10.00
    563.000     5.5892   3.381043    558.949    34.5072    27.2147  1029.8013    1481.73      2.574 0.0000e+00       8.00
    564.000     5.5709   3.379074    559.940    34.5031    27.2136  1029.8051    1481.66      2.162 0.0000e+00      10.00
    565.000     5.4853   3.370521    560.932    34.4927    27.2158  1029.8130    1481.32      1.246 0.0000e+00      28.00
    566.000     5.3488   3.356901    561.923    34.4765    27.2194  1029.8230    1480.77      0.960 0.0000e+00      24.00
    567.000     5.2780   3.349726    562.915    34.4665    27.2199  1029.8291    1480.49      1.218 0.0000e+00      20.00
    568.000     5.2249   3.344614    563.906    34.4619    27.2226  1029.8371    1480.28      1.779 0.0000e+00      13.00
    569.000     5.2103   3.343126    564.897    34.4594    27.2222  1029.8415    1480.23      2.158 0.0000e+00      12.00
    570.000     5.2016   3.342415    565.889    34.4596    27.2234  1029.8474    1480.21      2.438 0.0000e+00       9.00
    571.000     5.1874   3.340906    566.880    34.4563    27.2225  1029.8512    1480.17      2.592 0.0000e+00       9.00
    572.000     5.1748   3.339853    567.872    34.4567    27.2243  1029.8577    1480.14      2.585 0.0000e+00       9.00
    573.000     5.1656   3.338914    568.863    34.4549    27.2239  1029.8621    1480.11      2.360 0.0000e+00       9.00
    574.000     5.1587   3.338373    569.855    34.4552    27.2250  1029.8679    1480.10      1.771 0.0000e+00      13.00
    575.000     5.1594   3.338659    570.846    34.4573    27.2266  1029.8740    1480.12      0.810 0.0000e+00      36.00
    576.000     5.1888   3.341903    571.837    34.4639    27.2284  1029.8799    1480.27      1.237 0.0000e+00      19.00
    577.000     5.1933   3.342383    572.829    34.4642    27.2281  1029.8842    1480.30      1.613 0.0000e+00      14.00
    578.000     5.1953   3.342732    573.820    34.4657    27.2290  1029.8896    1480.33      1.843 0.0000e+00      12.00
    579.000     5.2155   3.344983    574.811    34.4703    27.2303  1029.8952    1480.43      1.928 0.0000e+00      13.00
    580.000     5.2366   3.347595    575.803    34.4780    27.2339  1029.9030    1480.54      1.846 0.0000e+00      13.00
    581.000     5.2732   3.351364    576.794    34.4832    27.2337  1029.9069    1480.72      1.590 0.0000e+00      14.00
    582.000     5.2850   3.352637    577.786    34.4851    27.2338  1029.9114    1480.78      1.277 0.0000e+00      21.00
    583.000     5.2786   3.352108    578.777    34.4851    27.2346  1029.9169    1480.77      1.314 0.0000e+00      19.00
    584.000     5.2736   3.351807    579.768    34.4863    27.2361  1029.9230    1480.77      1.598 0.0000e+00      15.00
    585.000     5.2822   3.353003    580.760    34.4907    27.2386  1029.9299    1480.83      1.868 0.0000e+00      12.00
    586.000     5.2896   3.353784    581.751    34.4915    27.2383  1029.9341    1480.88      2.073 0.0000e+00      11.00
    587.000     5.2841   3.353197    582.743    34.4899    27.2377  1029.9382    1480.87      2.203 0.0000e+00      11.00
    588.000     5.2832   3.353398    583.734    34.4926    27.2400  1029.9450    1480.88      2.250 0.0000e+00      10.00
    589.000     5.3011   3.355663    584.725    34.4997    27.2434  1029.9528    1480.98      2.163 0.0000e+00      10.00
    590.000     5.2893   3.353953    585.717    34.4917    27.2386  1029.9527    1480.94      1.873 0.0000e+00      13.00
    591.000     5.2576   3.351429    586.708    34.4948    27.2447  1029.9638    1480.83      1.336 0.0000e+00      18.00
    592.000     5.2514   3.351007    587.699    34.4959    27.2463  1029.9701    1480.83      1.042 0.0000e+00      26.00
    593.000     5.2424   3.350109    588.691    34.4943    27.2462  1029.9746    1480.80      1.449 0.0000e+00      17.00
    594.000     5.2357   3.349573    589.682    34.4945    27.2471  1029.9802    1480.79      1.856 0.0000e+00      12.00
    595.000     5.2288   3.348923    590.673    34.4936    27.2472  1029.9850    1480.78      2.038 0.0000e+00      11.00
    596.000     5.2286   3.349033    591.664    34.4946    27.2480  1029.9903    1480.80      1.981 0.0000e+00      12.00
    597.000     5.2256   3.348708    592.656    34.4935    27.2475  1029.9945    1480.80      1.623 0.0000e+00      15.00
    598.000     5.2201   3.348222    593.647    34.4931    27.2478  1029.9994    1480.80      1.081 0.0000e+00      25.00
    599.000     5.1991   3.346138    594.638    34.4902    27.2480  1030.0045    1480.72      1.416 0.0000e+00      19.00
    600.000     5.1786   3.344304    595.630    34.4897    27.2500  1030.0114    1480.66      2.017 0.0000e+00      10.00
    601.000     5.1791   3.344450    596.621    34.4904    27.2505  1030.0165    1480.67      2.331 0.0000e+00      10.00
    602.000     5.1819   3.344834    597.612    34.4914    27.2510  1030.0215    1480.70      2.497 0.0000e+00       9.00
    603.000     5.1836   3.344937    598.603    34.4904    27.2500  1030.0250    1480.72      2.403 0.0000e+00       9.00
    604.000     5.1733   3.344067    599.595    34.4905    27.2513  1030.0310    1480.70      1.948 0.0000e+00      11.00
    605.000     5.1718   3.344022    600.586    34.4910    27.2518  1030.0362    1480.71      0.453 0.0000e+00      59.00
    606.000     5.1493   3.341763    601.577    34.4876    27.2518  1030.0410    1480.63      1.871 0.0000e+00      11.00
    607.000     5.1310   3.340121    602.569    34.4871    27.2535  1030.0476    1480.57      2.223 0.0000e+00      12.00
    608.000     5.1205   3.339309    603.560    34.4881    27.2555  1030.0543    1480.55      2.461 0.0000e+00       9.00
    609.000     5.1164   3.338996    604.551    34.4882    27.2561  1030.0595    1480.55      2.576 0.0000e+00       8.00
    610.000     5.1041   3.337820    605.542    34.4868    27.2564  1030.0646    1480.51      2.651 0.0000e+00       9.00
    611.000     5.0903   3.336609    606.534    34.4866    27.2579  1030.0708    1480.48      2.686 0.0000e+00       9.00
    612.000     5.0806   3.335801    607.525    34.4868    27.2592  1030.0768    1480.45      2.729 0.0000e+00       9.00
    613.000     5.0744   3.335266    608.516    34.4864    27.2596  1030.0819    1480.44      2.724 0.0000e+00       8.00
    614.000     5.0698   3.334844    609.507    34.4859    27.2597  1030.0867    1480.44      2.370 0.0000e+00       9.00
    615.000     5.0631   3.334254    610.499    34.4854    27.2601  1030.0918    1480.43      1.521 0.0000e+00       9.00
    616.000     5.0632   3.334275    611.489    34.4851    27.2598  1030.0960    1480.44      1.387 0.0000e+00      20.00
    617.000     5.0559   3.333856    612.481    34.4873    27.2624  1030.1033    1480.43      1.950 0.0000e+00      12.00
    618.000     5.0464   3.332818    613.472    34.4846    27.2614  1030.1070    1480.41      2.036 0.0000e+00      11.00
    619.000     5.0372   3.332088    614.463    34.4852    27.2629  1030.1132    1480.39      1.927 0.0000e+00      12.00
    620.000     5.0341   3.331805    615.455    34.4846    27.2628  1030.1178    1480.39      1.644 0.0000e+00      15.00
    621.000     5.0295   3.331385    616.446    34.4839    27.2628  1030.1224    1480.39      1.439 0.0000e+00      20.00
    622.000     5.0256   3.331053    617.437    34.4836    27.2630  1030.1272    1480.39      1.677 0.0000e+00      13.00
    623.000     5.0251   3.331050    618.428    34.4837    27.2631  1030.1319    1480.40      2.090 0.0000e+00      12.00
    624.000     5.0251   3.331112    619.419    34.4839    27.2633  1030.1367    1480.42      2.377 0.0000e+00       9.00
    625.000     5.0248   3.331202    620.411    34.4847    27.2639  1030.1419    1480.44      2.542 0.0000e+00      10.00
    626.000     5.0259   3.331340    621.401    34.4846    27.2638  1030.1463    1480.46      2.646 0.0000e+00       9.00
    627.000     5.0249   3.331268    622.393    34.4843    27.2636  1030.1507    1480.47      2.643 0.0000e+00       8.00
    628.000     5.0201   3.330758    623.384    34.4829    27.2631  1030.1549    1480.46      2.402 0.0000e+00       8.00
    629.000     5.0169   3.330616    624.375    34.4840    27.2643  1030.1607    1480.47      1.696 0.0000e+00      15.00
    630.000     5.0201   3.330914    625.366    34.4837    27.2637  1030.1646    1480.50      0.469 0.0000e+00      42.00
    631.000     5.0206   3.331127    626.357    34.4851    27.2648  1030.1702    1480.52      1.809 0.0000e+00      12.00
    632.000     5.0222   3.331333    627.348    34.4853    27.2648  1030.1748    1480.54      2.186 0.0000e+00      11.00
    633.000     5.0166   3.330864    628.340    34.4852    27.2653  1030.1800    1480.54      2.359 0.0000e+00      10.00
    634.000     5.0140   3.330700    629.331    34.4854    27.2658  1030.1850    1480.54      2.350 0.0000e+00      10.00
    635.000     5.0129   3.330663    630.322    34.4857    27.2661  1030.1900    1480.55      2.215 0.0000e+00       9.00
    636.000     5.0135   3.330768    631.313    34.4857    27.2661  1030.1945    1480.57      1.968 0.0000e+00      13.00
    637.000     5.0162   3.331102    632.304    34.4863    27.2663  1030.1992    1480.60      1.760 0.0000e+00      13.00
    638.000     5.0153   3.331054    633.295    34.4862    27.2663  1030.2038    1480.61      1.670 0.0000e+00      15.00
    639.000     5.0147   3.331064    634.286    34.4864    27.2665  1030.2085    1480.63      1.532 0.0000e+00      16.00
    640.000     5.0142   3.331051    635.277    34.4862    27.2664  1030.2131    1480.64      1.223 0.0000e+00      18.00
    641.000     5.0091   3.330663    636.268    34.4865    27.2672  1030.2186    1480.64      0.872 0.0000e+00      31.00
    642.000     5.0038   3.330305    637.260    34.4874    27.2686  1030.2245    1480.63      1.234 0.0000e+00      20.00
    643.000     5.0031   3.330576    638.251    34.4907    27.2713  1030.2318    1480.65      1.783 0.0000e+00      13.00
    644.000     5.0133   3.331959    639.242    34.4956    27.2740  1030.2389    1480.72      2.172 0.0000e+00      11.00
    645.000     5.0117   3.331771    640.233    34.4946    27.2734  1030.2429    1480.73      2.433 0.0000e+00      10.00
    646.000     5.0092   3.331591    641.224    34.4946    27.2736  1030.2478    1480.73      2.587 0.0000e+00       9.00
    647.000     5.0079   3.331549    642.215    34.4950    27.2741  1030.2528    1480.74      2.660 0.0000e+00       9.00
    648.000     5.0076   3.331595    643.206    34.4953    27.2743  1030.2576    1480.76      2.678 0.0000e+00       9.00
    649.000     5.0069   3.331577    644.197    34.4953    27.2745  1030.2624    1480.77      2.609 0.0000e+00       9.00
    650.000     5.0035   3.331313    645.188    34.4952    27.2748  1030.2673    1480.77      2.418 0.0000e+00       9.00
    651.000     4.9978   3.330864    646.179    34.4955    27.2757  1030.2728    1480.77      2.038 0.0000e+00      12.00
    652.000     4.9861   3.329844    647.170    34.4952    27.2768  1030.2787    1480.74      1.381 0.0000e+00      20.00
    653.000     4.9664   3.328114    648.161    34.4950    27.2789  1030.2857    1480.67      0.631 0.0000e+00      48.00
    654.000     4.9371   3.325548    649.152    34.4952    27.2824  1030.2942    1480.57      1.035 0.0000e+00      25.00
    655.000     4.9210   3.324090    650.143    34.4944    27.2836  1030.3003    1480.52      1.780 0.0000e+00      13.00
