dados/ctd/rad2_doei016.cnv
* Sea-Bird SBE 9 Raw Data File:
* FileName = C:\OceanoEI\OEI016.dat
* Software Version Seasave Win32 v1.10
* Temperature SN = 2326
* Conductivity SN = 2149
* Number of Bytes Per Scan = 12
* Number of Voltage Words = 0
* System UpLoad Time = Nov 06 2001 05:23:49
** H-40 
** Navio Oceanografico ANTARES 
** 173a Comissao Oceanografica 
** OCEANO LESTE I 
** Estacao: OEI016
** Latitude: 11 19.8 S
** Longitude: 034 49.5 W
** Data-Hora (DDHHMMZ/MMM/AA): 060523Z/NOV/01
** Profundidade Local (m): 4254
** N/S do CTD: 11282 
** Operador: 1T ALEX URBANCG
# nquan = 11
# nvalues = 2530                        
# units = specified
# name 0 = prDM: Pressure, Digiquartz [db]
# name 1 = t068C: Temperature [ITS-68, deg C]
# name 2 = c0S/m: Conductivity [S/m]
# name 3 = depSM: Depth [salt water, m], lat = -15
# name 4 = sal00: Salinity [PSU]
# name 5 = sigma-t00: Density [sigma-t, Kg/m^3 ]
# name 6 = density00: Density [density, Kg/m^3]
# name 7 = svCM: Sound Velocity [Chen-Millero, m/s]
# name 8 = dz/dtM: Descent Rate [m/s], WS = 2
# name 9 = flag: flag
# name 10 = nbin: number of scans per bin
# span 0 =      3.000,   2532.000       
# span 1 =     3.0426,    26.8696       
# span 2 =   3.253979,   5.750004       
# span 3 =      2.982,   2502.112       
# span 4 =    34.4557,    37.0655       
# span 5 =    24.0941,    27.8554       
# span 6 =  1024.1104,  1039.3907       
# span 7 =    1480.10,    1541.42       
# span 8 =     -0.457,      2.731       
# span 9 = 0.0000e+00, 0.0000e+00       
# span 10 =       4.00,      69.00      
# interval = decibars: 1                
# start_time = Nov 06 2001 05:23:49
# bad_flag = -9.990e-29
*END*
[from data line 1705]
   1708.000     3.9914   3.329461   1691.096    35.0036    27.7901  1035.6002    1494.83      1.799 0.0000e+00      13.00
   1709.000     3.9919   3.329596   1692.082    35.0042    27.7905  1035.6050    1494.85      2.048 0.0000e+00      11.00
   1710.000     3.9920   3.329656   1693.068    35.0043    27.7906  1035.6096    1494.87      2.122 0.0000e+00      11.00
   1711.000     3.9912   3.329613   1694.054    35.0041    27.7905  1035.6141    1494.88      2.030 0.0000e+00      12.00
   1712.000     3.9914   3.329683   1695.041    35.0043    27.7907  1035.6187    1494.90      1.823 0.0000e+00      13.00
   1713.000     3.9896   3.329568   1696.027    35.0043    27.7908  1035.6234    1494.91      1.526 0.0000e+00      15.00
   1714.000     3.9899   3.329686   1697.013    35.0049    27.7913  1035.6283    1494.93      1.201 0.0000e+00      22.00
   1715.000     3.9873   3.329472   1697.999    35.0047    27.7914  1035.6331    1494.93      0.990 0.0000e+00      25.00
   1716.000     3.9817   3.329008   1698.985    35.0046    27.7919  1035.6383    1494.93      1.096 0.0000e+00      23.00
   1717.000     3.9790   3.328854   1699.971    35.0052    27.7927  1035.6437    1494.93      1.582 0.0000e+00      16.00
   1718.000     3.9797   3.329003   1700.957    35.0057    27.7930  1035.6484    1494.95      1.954 0.0000e+00      11.00
   1719.000     3.9788   3.328974   1701.943    35.0058    27.7932  1035.6531    1494.97      2.131 0.0000e+00      11.00
   1720.000     3.9785   3.328996   1702.929    35.0058    27.7932  1035.6577    1494.98      2.169 0.0000e+00      11.00
   1721.000     3.9779   3.328970   1703.915    35.0057    27.7932  1035.6621    1495.00      2.088 0.0000e+00      11.00
   1722.000     3.9775   3.328972   1704.901    35.0057    27.7933  1035.6667    1495.01      1.907 0.0000e+00      11.00
   1723.000     3.9762   3.328902   1705.887    35.0058    27.7934  1035.6714    1495.02      1.556 0.0000e+00      15.00
   1724.000     3.9746   3.328778   1706.873    35.0055    27.7934  1035.6760    1495.03      0.965 0.0000e+00      29.00
   1725.000     3.9729   3.328678   1707.859    35.0056    27.7936  1035.6808    1495.04      0.892 0.0000e+00      28.00
   1726.000     3.9718   3.328638   1708.845    35.0058    27.7939  1035.6855    1495.05      1.482 0.0000e+00      16.00
   1727.000     3.9716   3.328674   1709.832    35.0060    27.7941  1035.6902    1495.07      1.832 0.0000e+00      13.00
   1728.000     3.9713   3.328689   1710.818    35.0060    27.7942  1035.6948    1495.09      2.007 0.0000e+00      11.00
   1729.000     3.9710   3.328693   1711.804    35.0059    27.7941  1035.6992    1495.10      2.042 0.0000e+00      12.00
   1730.000     3.9705   3.328669   1712.789    35.0057    27.7939  1035.7036    1495.12      1.940 0.0000e+00      11.00
   1731.000     3.9700   3.328672   1713.776    35.0058    27.7941  1035.7082    1495.13      1.698 0.0000e+00      15.00
   1732.000     3.9695   3.328662   1714.762    35.0056    27.7940  1035.7127    1495.15      1.333 0.0000e+00      19.00
   1733.000     3.9686   3.328598   1715.748    35.0053    27.7939  1035.7171    1495.16      1.130 0.0000e+00      22.00
   1734.000     3.9679   3.328584   1716.734    35.0054    27.7940  1035.7217    1495.17      1.287 0.0000e+00      18.00
   1735.000     3.9661   3.328441   1717.720    35.0052    27.7940  1035.7263    1495.18      1.336 0.0000e+00      18.00
   1736.000     3.9638   3.328264   1718.706    35.0051    27.7942  1035.7311    1495.19      1.366 0.0000e+00      18.00
   1737.000     3.9581   3.327784   1719.692    35.0049    27.7947  1035.7363    1495.18      1.658 0.0000e+00      15.00
   1738.000     3.9558   3.327670   1720.678    35.0055    27.7954  1035.7416    1495.19      1.991 0.0000e+00      12.00
   1739.000     3.9557   3.327700   1721.664    35.0054    27.7953  1035.7460    1495.21      2.164 0.0000e+00      11.00
   1740.000     3.9546   3.327624   1722.650    35.0053    27.7953  1035.7505    1495.22      2.143 0.0000e+00      10.00
   1741.000     3.9531   3.327549   1723.636    35.0055    27.7956  1035.7554    1495.23      1.890 0.0000e+00      12.00
   1742.000     3.9520   3.327501   1724.622    35.0055    27.7958  1035.7601    1495.24      1.302 0.0000e+00      19.00
   1743.000     3.9506   3.327420   1725.608    35.0056    27.7960  1035.7648    1495.25      0.743 0.0000e+00      38.00
   1744.000     3.9500   3.327441   1726.593    35.0060    27.7964  1035.7697    1495.26      1.554 0.0000e+00      14.00
   1745.000     3.9495   3.327450   1727.579    35.0062    27.7965  1035.7744    1495.28      1.861 0.0000e+00      12.00
   1746.000     3.9491   3.327453   1728.565    35.0061    27.7965  1035.7789    1495.29      1.863 0.0000e+00      13.00
   1747.000     3.9478   3.327396   1729.551    35.0063    27.7969  1035.7837    1495.31      1.630 0.0000e+00      14.00
   1748.000     3.9459   3.327242   1730.537    35.0060    27.7968  1035.7882    1495.31      1.248 0.0000e+00      19.00
   1749.000     3.9442   3.327150   1731.523    35.0063    27.7972  1035.7932    1495.32      1.316 0.0000e+00      21.00
   1750.000     3.9434   3.327129   1732.509    35.0064    27.7973  1035.7979    1495.34      1.767 0.0000e+00      12.00
   1751.000     3.9429   3.327121   1733.495    35.0063    27.7973  1035.8024    1495.35      2.001 0.0000e+00      12.00
   1752.000     3.9421   3.327074   1734.481    35.0062    27.7973  1035.8069    1495.37      2.021 0.0000e+00      11.00
   1753.000     3.9403   3.326957   1735.467    35.0062    27.7975  1035.8117    1495.38      1.826 0.0000e+00      13.00
   1754.000     3.9386   3.326852   1736.453    35.0063    27.7978  1035.8164    1495.38      1.428 0.0000e+00      18.00
   1755.000     3.9365   3.326721   1737.439    35.0065    27.7981  1035.8214    1495.39      1.058 0.0000e+00      25.00
   1756.000     3.9352   3.326660   1738.424    35.0066    27.7984  1035.8262    1495.40      1.244 0.0000e+00      18.00
   1757.000     3.9344   3.326634   1739.410    35.0067    27.7985  1035.8308    1495.42      1.559 0.0000e+00      13.00
   1758.000     3.9337   3.326611   1740.396    35.0066    27.7986  1035.8354    1495.43      1.655 0.0000e+00      14.00
   1759.000     3.9328   3.326568   1741.382    35.0066    27.7986  1035.8400    1495.45      1.569 0.0000e+00      16.00
   1760.000     3.9320   3.326540   1742.368    35.0067    27.7987  1035.8446    1495.46      1.324 0.0000e+00      17.00
   1761.000     3.9294   3.326348   1743.354    35.0066    27.7990  1035.8494    1495.47      1.208 0.0000e+00      22.00
   1762.000     3.9249   3.326010   1744.340    35.0069    27.7997  1035.8548    1495.46      1.554 0.0000e+00      16.00
   1763.000     3.9238   3.325966   1745.326    35.0071    27.7999  1035.8596    1495.47      1.910 0.0000e+00      11.00
   1764.000     3.9234   3.325970   1746.312    35.0071    27.8000  1035.8642    1495.49      2.109 0.0000e+00      11.00
   1765.000     3.9234   3.326035   1747.297    35.0074    27.8002  1035.8688    1495.51      2.154 0.0000e+00      11.00
   1766.000     3.9236   3.326091   1748.283    35.0074    27.8002  1035.8733    1495.53      2.062 0.0000e+00      11.00
   1767.000     3.9225   3.326025   1749.269    35.0072    27.8001  1035.8778    1495.53      1.823 0.0000e+00      12.00
   1768.000     3.9217   3.326007   1750.255    35.0073    27.8004  1035.8826    1495.55      1.366 0.0000e+00      19.00
   1769.000     3.9203   3.325914   1751.241    35.0072    27.8004  1035.8872    1495.56      0.666 0.0000e+00      46.00
   1770.000     3.9186   3.325821   1752.227    35.0075    27.8008  1035.8921    1495.57      1.357 0.0000e+00      17.00
   1771.000     3.9180   3.325820   1753.212    35.0076    27.8009  1035.8968    1495.59      1.893 0.0000e+00      13.00
   1772.000     3.9167   3.325743   1754.198    35.0075    27.8010  1035.9014    1495.60      2.150 0.0000e+00      10.00
   1773.000     3.9158   3.325714   1755.184    35.0077    27.8013  1035.9061    1495.61      2.253 0.0000e+00      10.00
   1774.000     3.9149   3.325678   1756.170    35.0078    27.8014  1035.9108    1495.62      2.199 0.0000e+00      11.00
   1775.000     3.9145   3.325690   1757.156    35.0078    27.8015  1035.9154    1495.64      1.993 0.0000e+00      12.00
   1776.000     3.9143   3.325703   1758.142    35.0077    27.8014  1035.9198    1495.65      1.570 0.0000e+00      15.00
   1777.000     3.9142   3.325727   1759.127    35.0076    27.8014  1035.9242    1495.67      0.981 0.0000e+00      31.00
   1778.000     3.9141   3.325766   1760.113    35.0077    27.8014  1035.9288    1495.69      1.325 0.0000e+00      18.00
   1779.000     3.9142   3.325828   1761.099    35.0079    27.8015  1035.9334    1495.70      1.827 0.0000e+00      13.00
   1780.000     3.9143   3.325872   1762.085    35.0078    27.8015  1035.9378    1495.72      2.087 0.0000e+00      10.00
   1781.000     3.9143   3.325926   1763.071    35.0079    27.8016  1035.9424    1495.74      2.206 0.0000e+00      10.00
   1782.000     3.9145   3.325985   1764.056    35.0079    27.8016  1035.9469    1495.76      2.207 0.0000e+00      11.00
   1783.000     3.9145   3.326024   1765.042    35.0079    27.8015  1035.9513    1495.77      2.126 0.0000e+00      10.00
   1784.000     3.9144   3.326030   1766.028    35.0076    27.8014  1035.9556    1495.79      1.895 0.0000e+00      13.00
   1785.000     3.9137   3.326013   1767.014    35.0077    27.8015  1035.9603    1495.80      1.429 0.0000e+00      16.00
   1786.000     3.9126   3.325934   1767.999    35.0074    27.8014  1035.9647    1495.81      0.404 0.0000e+00      62.00
   1787.000     3.9120   3.325963   1768.985    35.0079    27.8018  1035.9696    1495.83      1.633 0.0000e+00      12.00
   1788.000     3.9119   3.326001   1769.971    35.0080    27.8019  1035.9742    1495.84      2.006 0.0000e+00      12.00
   1789.000     3.9112   3.325978   1770.957    35.0080    27.8020  1035.9788    1495.86      2.186 0.0000e+00      11.00
   1790.000     3.9103   3.325975   1771.942    35.0084    27.8024  1035.9837    1495.87      2.267 0.0000e+00      10.00
   1791.000     3.9097   3.325944   1772.928    35.0082    27.8023  1035.9882    1495.89      2.278 0.0000e+00      11.00
   1792.000     3.9079   3.325852   1773.914    35.0085    27.8027  1035.9932    1495.90      2.269 0.0000e+00      11.00
   1793.000     3.9060   3.325733   1774.900    35.0086    27.8030  1035.9980    1495.90      2.222 0.0000e+00      10.00
   1794.000     3.9043   3.325628   1775.885    35.0087    27.8033  1036.0028    1495.91      2.106 0.0000e+00      10.00
   1795.000     3.9025   3.325512   1776.871    35.0087    27.8034  1036.0075    1495.92      1.839 0.0000e+00      14.00
   1796.000     3.9014   3.325458   1777.857    35.0088    27.8036  1036.0122    1495.94      1.236 0.0000e+00      19.00
   1797.000     3.9005   3.325411   1778.843    35.0087    27.8036  1036.0168    1495.95      0.543 0.0000e+00      46.00
   1798.000     3.8995   3.325397   1779.828    35.0090    27.8040  1036.0217    1495.96      1.815 0.0000e+00      12.00
   1799.000     3.8979   3.325292   1780.814    35.0091    27.8042  1036.0264    1495.97      2.210 0.0000e+00      10.00
   1800.000     3.8969   3.325262   1781.800    35.0093    27.8045  1036.0312    1495.99      2.382 0.0000e+00      10.00
   1801.000     3.8967   3.325288   1782.785    35.0093    27.8045  1036.0358    1496.00      2.404 0.0000e+00       8.00
   1802.000     3.8956   3.325209   1783.771    35.0090    27.8044  1036.0402    1496.01      2.326 0.0000e+00      11.00
   1803.000     3.8940   3.325096   1784.757    35.0089    27.8045  1036.0448    1496.02      2.123 0.0000e+00      11.00
   1804.000     3.8936   3.325102   1785.742    35.0090    27.8046  1036.0494    1496.04      1.795 0.0000e+00      13.00
   1805.000     3.8932   3.325104   1786.728    35.0089    27.8045  1036.0539    1496.05      1.288 0.0000e+00      21.00
   1806.000     3.8921   3.325020   1787.714    35.0086    27.8045  1036.0583    1496.06      0.858 0.0000e+00      27.00
   1807.000     3.8907   3.324917   1788.699    35.0084    27.8044  1036.0628    1496.07      0.678 0.0000e+00      37.00
   1808.000     3.8896   3.324866   1789.685    35.0085    27.8046  1036.0675    1496.09      1.146 0.0000e+00      22.00
   1809.000     3.8897   3.324922   1790.671    35.0086    27.8047  1036.0721    1496.11      1.747 0.0000e+00      13.00
   1810.000     3.8897   3.324988   1791.656    35.0088    27.8049  1036.0767    1496.12      2.117 0.0000e+00      11.00
   1811.000     3.8897   3.325043   1792.642    35.0090    27.8050  1036.0814    1496.14      2.340 0.0000e+00      10.00
   1812.000     3.8896   3.325079   1793.628    35.0090    27.8050  1036.0859    1496.16      2.455 0.0000e+00      10.00
   1813.000     3.8898   3.325152   1794.613    35.0092    27.8051  1036.0905    1496.17      2.481 0.0000e+00      10.00
   1814.000     3.8898   3.325186   1795.599    35.0091    27.8051  1036.0949    1496.19      2.410 0.0000e+00       9.00
   1815.000     3.8872   3.324956   1796.584    35.0087    27.8050  1036.0994    1496.20      2.213 0.0000e+00      10.00
   1816.000     3.8833   3.324655   1797.570    35.0088    27.8055  1036.1046    1496.19      1.845 0.0000e+00      14.00
   1817.000     3.8825   3.324612   1798.556    35.0086    27.8054  1036.1090    1496.21      1.218 0.0000e+00      22.00
   1818.000     3.8798   3.324409   1799.541    35.0086    27.8057  1036.1139    1496.21      0.757 0.0000e+00      31.00
   1819.000     3.8784   3.324330   1800.527    35.0086    27.8059  1036.1186    1496.23      1.071 0.0000e+00      25.00
   1820.000     3.8777   3.324305   1801.513    35.0086    27.8059  1036.1232    1496.24      1.566 0.0000e+00      14.00
   1821.000     3.8756   3.324139   1802.498    35.0084    27.8060  1036.1278    1496.25      1.966 0.0000e+00      12.00
   1822.000     3.8730   3.323956   1803.484    35.0085    27.8063  1036.1327    1496.25      2.225 0.0000e+00      10.00
   1823.000     3.8697   3.323642   1804.469    35.0078    27.8061  1036.1372    1496.26      2.336 0.0000e+00      10.00
   1824.000     3.8605   3.322823   1805.455    35.0073    27.8067  1036.1426    1496.23      2.310 0.0000e+00      10.00
   1825.000     3.8553   3.322397   1806.441    35.0073    27.8072  1036.1479    1496.23      2.105 0.0000e+00      12.00
   1826.000     3.8533   3.322255   1807.426    35.0073    27.8074  1036.1526    1496.24      1.712 0.0000e+00      13.00
   1827.000     3.8511   3.322062   1808.412    35.0069    27.8073  1036.1571    1496.24      0.996 0.0000e+00      28.00
   1828.000     3.8470   3.321683   1809.397    35.0063    27.8073  1036.1617    1496.24      0.612 0.0000e+00      41.00
   1829.000     3.8449   3.321530   1810.383    35.0061    27.8073  1036.1664    1496.25      1.175 0.0000e+00      21.00
   1830.000     3.8404   3.321156   1811.368    35.0060    27.8077  1036.1714    1496.25      1.658 0.0000e+00      15.00
   1831.000     3.8378   3.320965   1812.354    35.0060    27.8080  1036.1763    1496.25      1.981 0.0000e+00      10.00
   1832.000     3.8361   3.320861   1813.339    35.0062    27.8083  1036.1811    1496.26      2.137 0.0000e+00      12.00
   1833.000     3.8353   3.320825   1814.325    35.0061    27.8083  1036.1857    1496.28      2.161 0.0000e+00      10.00
   1834.000     3.8314   3.320493   1815.311    35.0057    27.8084  1036.1905    1496.28      2.059 0.0000e+00      12.00
   1835.000     3.8301   3.320438   1816.296    35.0060    27.8087  1036.1953    1496.29      1.847 0.0000e+00      12.00
   1836.000     3.8291   3.320383   1817.282    35.0059    27.8088  1036.1999    1496.30      1.555 0.0000e+00      17.00
   1837.000     3.8279   3.320320   1818.267    35.0060    27.8090  1036.2046    1496.31      1.393 0.0000e+00      19.00
   1838.000     3.8280   3.320375   1819.253    35.0061    27.8090  1036.2092    1496.33      1.503 0.0000e+00      15.00
