dados/ctd/rad2_doei015.cnv
* Sea-Bird SBE 9 Raw Data File:
* FileName = C:\OceanoEI\OEI015.dat
* Software Version Seasave Win32 v1.10
* Temperature SN = 2326
* Conductivity SN = 2149
* Number of Bytes Per Scan = 12
* Number of Voltage Words = 0
* System UpLoad Time = Nov 06 2001 01:01:29
** H-40 
** Navio Oceanografico ANTARES 
** 173a Comissao Oceanografica 
** OCEANO LESTE I 
** Estacao: OEI015
** Latitude: 11 09.8 S
** Longitude: 035 15.2 W
** Data-Hora (DDHHMMZ/MMM/AA): 050100Z/NOV/01
** Profundidade Local (m): 3862
** N/S do CTD: 11282 
** Operador: 1T E. ALMEIDA
# nquan = 11
# nvalues = 2559                        
# units = specified
# name 0 = prDM: Pressure, Digiquartz [db]
# name 1 = t068C: Temperature [ITS-68, deg C]
# name 2 = c0S/m: Conductivity [S/m]
# name 3 = depSM: Depth [salt water, m], lat = -15
# name 4 = sal00: Salinity [PSU]
# name 5 = sigma-t00: Density [sigma-t, Kg/m^3 ]
# name 6 = density00: Density [density, Kg/m^3]
# name 7 = svCM: Sound Velocity [Chen-Millero, m/s]
# name 8 = dz/dtM: Descent Rate [m/s], WS = 2
# name 9 = flag: flag
# name 10 = nbin: number of scans per bin
# span 0 =      1.000,   2559.000       
# span 1 =     2.8941,    27.1171       
# span 2 =   3.257302,   5.743696       
# span 3 =      0.994,   2528.634       
# span 4 =    34.4568,    37.2683       
# span 5 =    23.8117,    27.8580       
# span 6 =  1023.8172,  1039.5203       
# span 7 =    1479.86,    1541.16       
# span 8 =     -0.593,      3.446       
# span 9 = 0.0000e+00, 0.0000e+00       
# span 10 =       5.00,     187.00      
# interval = decibars: 1                
# start_time = Nov 06 2001 01:01:29
# bad_flag = -9.990e-29
*END*
[from data line 1574]
   1575.000     4.3858   3.356533   1559.902    34.9709    27.7218  1034.9195    1494.20      1.238 0.0000e+00      19.00
   1576.000     4.3827   3.356375   1560.889    34.9718    27.7229  1034.9252    1494.21      0.782 0.0000e+00      29.00
   1577.000     4.3809   3.356308   1561.875    34.9725    27.7236  1034.9305    1494.22      1.789 0.0000e+00      14.00
   1578.000     4.3799   3.356289   1562.862    34.9728    27.7240  1034.9353    1494.23      2.298 0.0000e+00      11.00
   1579.000     4.3788   3.356276   1563.849    34.9733    27.7245  1034.9404    1494.24      2.662 0.0000e+00       8.00
   1580.000     4.3769   3.356191   1564.835    34.9738    27.7251  1034.9456    1494.25      2.873 0.0000e+00       7.00
   1581.000     4.3751   3.356141   1565.822    34.9746    27.7260  1034.9510    1494.26      2.869 0.0000e+00       8.00
   1582.000     4.3745   3.356156   1566.809    34.9749    27.7263  1034.9558    1494.28      2.647 0.0000e+00       8.00
   1583.000     4.3742   3.356160   1567.796    34.9748    27.7262  1034.9602    1494.30      2.099 0.0000e+00      11.00
   1584.000     4.3747   3.356205   1568.782    34.9744    27.7258  1034.9643    1494.31      0.446 0.0000e+00      56.00
   1585.000     4.3743   3.356250   1569.769    34.9748    27.7262  1034.9692    1494.33      1.945 0.0000e+00      11.00
   1586.000     4.3742   3.356286   1570.755    34.9749    27.7263  1034.9738    1494.34      2.287 0.0000e+00      10.00
   1587.000     4.3743   3.356350   1571.742    34.9750    27.7264  1034.9784    1494.36      2.369 0.0000e+00      10.00
   1588.000     4.3744   3.356393   1572.729    34.9750    27.7263  1034.9828    1494.38      2.339 0.0000e+00       9.00
   1589.000     4.3740   3.356375   1573.716    34.9747    27.7262  1034.9871    1494.39      2.128 0.0000e+00      10.00
   1590.000     4.3733   3.356364   1574.702    34.9747    27.7263  1034.9918    1494.41      1.636 0.0000e+00      16.00
   1591.000     4.3724   3.356336   1575.689    34.9749    27.7265  1034.9965    1494.42      1.157 0.0000e+00      24.00
   1592.000     4.3715   3.356314   1576.676    34.9751    27.7268  1035.0013    1494.43      1.411 0.0000e+00      16.00
   1593.000     4.3706   3.356288   1577.662    34.9753    27.7269  1035.0060    1494.45      1.463 0.0000e+00      14.00
   1594.000     4.3693   3.356198   1578.649    34.9751    27.7270  1035.0106    1494.46      1.272 0.0000e+00      22.00
   1595.000     4.3688   3.356205   1579.635    34.9753    27.7272  1035.0153    1494.47      1.398 0.0000e+00      18.00
   1596.000     4.3687   3.356284   1580.622    34.9757    27.7276  1035.0202    1494.49      1.711 0.0000e+00      12.00
   1597.000     4.3686   3.356345   1581.609    34.9761    27.7278  1035.0249    1494.51      1.950 0.0000e+00      13.00
   1598.000     4.3687   3.356393   1582.595    34.9761    27.7278  1035.0294    1494.52      2.108 0.0000e+00      12.00
   1599.000     4.3679   3.356375   1583.582    34.9762    27.7280  1035.0341    1494.54      2.185 0.0000e+00      10.00
   1600.000     4.3672   3.356361   1584.569    34.9763    27.7281  1035.0388    1494.55      2.152 0.0000e+00       9.00
   1601.000     4.3666   3.356357   1585.555    34.9764    27.7283  1035.0434    1494.57      1.930 0.0000e+00      13.00
   1602.000     4.3654   3.356276   1586.542    34.9762    27.7283  1035.0480    1494.58      1.406 0.0000e+00      15.00
   1603.000     4.3645   3.356241   1587.528    34.9762    27.7284  1035.0526    1494.59      0.515 0.0000e+00      49.00
   1604.000     4.3641   3.356296   1588.515    34.9768    27.7289  1035.0576    1494.61      1.735 0.0000e+00      14.00
   1605.000     4.3635   3.356341   1589.502    34.9775    27.7295  1035.0628    1494.62      2.181 0.0000e+00      10.00
   1606.000     4.3622   3.356277   1590.488    34.9776    27.7298  1035.0675    1494.63      2.464 0.0000e+00       9.00
   1607.000     4.3581   3.356009   1591.475    34.9783    27.7308  1035.0732    1494.63      2.574 0.0000e+00       9.00
   1608.000     4.3573   3.355995   1592.461    34.9786    27.7310  1035.0780    1494.64      2.543 0.0000e+00       9.00
   1609.000     4.3568   3.356028   1593.448    34.9790    27.7314  1035.0829    1494.66      2.326 0.0000e+00      10.00
   1610.000     4.3560   3.355997   1594.434    34.9789    27.7315  1035.0874    1494.67      1.895 0.0000e+00      14.00
   1611.000     4.3555   3.355981   1595.421    34.9788    27.7314  1035.0919    1494.69      1.273 0.0000e+00      20.00
   1612.000     4.3550   3.355987   1596.408    34.9790    27.7316  1035.0966    1494.70      0.939 0.0000e+00      26.00
   1613.000     4.3546   3.356016   1597.394    34.9791    27.7318  1035.1013    1494.72      1.291 0.0000e+00      18.00
   1614.000     4.3545   3.356071   1598.381    34.9795    27.7321  1035.1060    1494.74      1.527 0.0000e+00      17.00
   1615.000     4.3544   3.356127   1599.367    34.9797    27.7323  1035.1108    1494.75      1.697 0.0000e+00      14.00
   1616.000     4.3546   3.356189   1600.354    34.9797    27.7322  1035.1152    1494.77      1.797 0.0000e+00      13.00
   1617.000     4.3552   3.356290   1601.340    34.9798    27.7322  1035.1196    1494.79      1.802 0.0000e+00      13.00
   1618.000     4.3553   3.356341   1602.327    34.9798    27.7323  1035.1242    1494.81      1.692 0.0000e+00      15.00
   1619.000     4.3549   3.356342   1603.313    34.9798    27.7323  1035.1287    1494.82      1.476 0.0000e+00      15.00
   1620.000     4.3543   3.356339   1604.300    34.9799    27.7325  1035.1334    1494.84      1.303 0.0000e+00      20.00
   1621.000     4.3542   3.356408   1605.286    34.9803    27.7327  1035.1381    1494.85      1.343 0.0000e+00      17.00
   1622.000     4.3540   3.356445   1606.273    34.9805    27.7329  1035.1428    1494.87      1.419 0.0000e+00      16.00
   1623.000     4.3539   3.356479   1607.259    34.9805    27.7329  1035.1473    1494.88      1.578 0.0000e+00      17.00
   1624.000     4.3541   3.356547   1608.246    34.9806    27.7330  1035.1519    1494.90      1.914 0.0000e+00      12.00
   1625.000     4.3542   3.356601   1609.233    34.9807    27.7330  1035.1564    1494.92      2.242 0.0000e+00      11.00
   1626.000     4.3536   3.356625   1610.219    34.9811    27.7335  1035.1613    1494.94      2.414 0.0000e+00       9.00
   1627.000     4.3534   3.356651   1611.205    34.9810    27.7334  1035.1658    1494.95      2.382 0.0000e+00       9.00
   1628.000     4.3533   3.356692   1612.192    34.9812    27.7336  1035.1704    1494.97      2.071 0.0000e+00      11.00
   1629.000     4.3533   3.356699   1613.178    34.9808    27.7332  1035.1746    1494.98      0.952 0.0000e+00      46.00
   1630.000     4.3519   3.356639   1614.165    34.9811    27.7337  1035.1796    1494.99      1.148 0.0000e+00      18.00
   1631.000     4.3506   3.356583   1615.151    34.9813    27.7339  1035.1843    1495.01      1.616 0.0000e+00      16.00
   1632.000     4.3485   3.356490   1616.138    34.9819    27.7346  1035.1896    1495.01      1.852 0.0000e+00      13.00
   1633.000     4.3480   3.356492   1617.124    34.9820    27.7348  1035.1943    1495.03      2.062 0.0000e+00      11.00
   1634.000     4.3479   3.356552   1618.111    34.9824    27.7351  1035.1991    1495.05      2.160 0.0000e+00      10.00
   1635.000     4.3474   3.356554   1619.097    34.9824    27.7351  1035.2036    1495.06      2.142 0.0000e+00      12.00
   1636.000     4.3470   3.356588   1620.084    34.9827    27.7355  1035.2085    1495.07      2.065 0.0000e+00      12.00
   1637.000     4.3458   3.356538   1621.070    34.9829    27.7358  1035.2133    1495.09      1.995 0.0000e+00      11.00
   1638.000     4.3377   3.355821   1622.057    34.9825    27.7363  1035.2186    1495.07      1.929 0.0000e+00      12.00
   1639.000     4.3315   3.355407   1623.043    34.9837    27.7380  1035.2250    1495.06      1.755 0.0000e+00      12.00
   1640.000     4.3300   3.355295   1624.030    34.9835    27.7380  1035.2296    1495.07      1.392 0.0000e+00      20.00
   1641.000     4.3276   3.355134   1625.016    34.9836    27.7383  1035.2345    1495.08      1.088 0.0000e+00      25.00
   1642.000     4.3260   3.355035   1626.002    34.9837    27.7386  1035.2393    1495.09      1.258 0.0000e+00      18.00
   1643.000     4.3245   3.354969   1626.989    34.9840    27.7389  1035.2442    1495.10      1.322 0.0000e+00      16.00
   1644.000     4.3228   3.354883   1627.975    34.9843    27.7394  1035.2492    1495.11      0.998 0.0000e+00      29.00
   1645.000     4.3207   3.354760   1628.962    34.9846    27.7398  1035.2542    1495.12      1.213 0.0000e+00      20.00
   1646.000     4.3158   3.354335   1629.948    34.9843    27.7401  1035.2591    1495.12      1.951 0.0000e+00      12.00
   1647.000     4.3138   3.354217   1630.934    34.9846    27.7405  1035.2642    1495.13      2.420 0.0000e+00      10.00
   1648.000     4.3093   3.353881   1631.921    34.9848    27.7413  1035.2695    1495.12      2.706 0.0000e+00       8.00
   1649.000     4.3056   3.353655   1632.907    34.9855    27.7422  1035.2751    1495.13      2.827 0.0000e+00       8.00
   1650.000     4.3047   3.353802   1633.894    34.9878    27.7441  1035.2815    1495.14      2.755 0.0000e+00       8.00
   1651.000     4.3043   3.353808   1634.880    34.9878    27.7442  1035.2861    1495.16      2.457 0.0000e+00      10.00
   1652.000     4.3015   3.353676   1635.866    34.9886    27.7451  1035.2916    1495.16      1.773 0.0000e+00      13.00
   1653.000     4.2974   3.353399   1636.853    34.9893    27.7461  1035.2972    1495.17      0.225 0.0000e+00      52.00
   1654.000     4.2908   3.352929   1637.839    34.9901    27.7475  1035.3034    1495.15      1.903 0.0000e+00      11.00
   1655.000     4.2886   3.352824   1638.825    34.9907    27.7482  1035.3086    1495.16      2.059 0.0000e+00      12.00
   1656.000     4.2884   3.352831   1639.812    34.9907    27.7482  1035.3131    1495.18      1.973 0.0000e+00      12.00
   1657.000     4.2874   3.352778   1640.798    34.9906    27.7482  1035.3177    1495.19      1.737 0.0000e+00      13.00
   1658.000     4.2858   3.352672   1641.784    34.9905    27.7483  1035.3223    1495.20      1.358 0.0000e+00      18.00
   1659.000     4.2862   3.352792   1642.771    34.9910    27.7486  1035.3271    1495.22      1.334 0.0000e+00      19.00
   1660.000     4.2833   3.352552   1643.757    34.9908    27.7488  1035.3319    1495.22      1.728 0.0000e+00      13.00
   1661.000     4.2802   3.352287   1644.744    34.9904    27.7489  1035.3366    1495.23      1.897 0.0000e+00      12.00
   1662.000     4.2792   3.352302   1645.730    34.9912    27.7496  1035.3418    1495.24      1.871 0.0000e+00      13.00
   1663.000     4.2807   3.352505   1646.716    34.9915    27.7496  1035.3463    1495.26      1.791 0.0000e+00      14.00
   1664.000     4.2807   3.352540   1647.703    34.9914    27.7496  1035.3507    1495.28      1.774 0.0000e+00      13.00
   1665.000     4.2809   3.352652   1648.689    34.9920    27.7500  1035.3556    1495.30      1.796 0.0000e+00      13.00
   1666.000     4.2813   3.352723   1649.675    34.9919    27.7499  1035.3600    1495.32      1.740 0.0000e+00      12.00
   1667.000     4.2807   3.352736   1650.661    34.9922    27.7502  1035.3648    1495.33      1.518 0.0000e+00      15.00
   1668.000     4.2786   3.352574   1651.648    34.9921    27.7503  1035.3695    1495.34      0.977 0.0000e+00      27.00
   1669.000     4.2787   3.352651   1652.634    34.9923    27.7505  1035.3742    1495.36      0.578 0.0000e+00      41.00
   1670.000     4.2784   3.352668   1653.620    34.9924    27.7506  1035.3788    1495.37      1.812 0.0000e+00      13.00
   1671.000     4.2779   3.352677   1654.607    34.9926    27.7508  1035.3835    1495.39      2.232 0.0000e+00      10.00
   1672.000     4.2787   3.352804   1655.593    34.9928    27.7509  1035.3880    1495.41      2.463 0.0000e+00       9.00
   1673.000     4.2780   3.352807   1656.579    34.9930    27.7511  1035.3928    1495.42      2.522 0.0000e+00       9.00
   1674.000     4.2783   3.352874   1657.565    34.9930    27.7511  1035.3972    1495.44      2.458 0.0000e+00      11.00
   1675.000     4.2777   3.352829   1658.552    34.9926    27.7508  1035.4014    1495.46      2.277 0.0000e+00      10.00
   1676.000     4.2735   3.352542   1659.538    34.9932    27.7518  1035.4071    1495.45      1.984 0.0000e+00      12.00
   1677.000     4.2693   3.352319   1660.524    34.9945    27.7533  1035.4132    1495.46      1.622 0.0000e+00      14.00
   1678.000     4.2673   3.352214   1661.510    34.9949    27.7538  1035.4182    1495.47      1.355 0.0000e+00      17.00
   1679.000     4.2667   3.352204   1662.497    34.9949    27.7539  1035.4228    1495.48      1.170 0.0000e+00      20.00
   1680.000     4.2660   3.352177   1663.483    34.9949    27.7540  1035.4274    1495.49      0.899 0.0000e+00      29.00
   1681.000     4.2654   3.352186   1664.469    34.9951    27.7542  1035.4321    1495.51      1.223 0.0000e+00      21.00
   1682.000     4.2651   3.352208   1665.456    34.9952    27.7543  1035.4367    1495.52      1.681 0.0000e+00      14.00
   1683.000     4.2650   3.352232   1666.442    34.9951    27.7542  1035.4412    1495.54      1.979 0.0000e+00      12.00
   1684.000     4.2648   3.352268   1667.428    34.9952    27.7543  1035.4458    1495.55      2.160 0.0000e+00      10.00
   1685.000     4.2648   3.352316   1668.414    34.9954    27.7544  1035.4504    1495.57      2.237 0.0000e+00      11.00
   1686.000     4.2647   3.352349   1669.400    34.9954    27.7545  1035.4549    1495.59      2.203 0.0000e+00      10.00
   1687.000     4.2648   3.352401   1670.387    34.9953    27.7544  1035.4593    1495.61      2.012 0.0000e+00      12.00
   1688.000     4.2641   3.352352   1671.373    34.9950    27.7542  1035.4637    1495.62      1.586 0.0000e+00      15.00
   1689.000     4.2612   3.352164   1672.359    34.9954    27.7549  1035.4689    1495.62      0.844 0.0000e+00      36.00
   1690.000     4.2585   3.351999   1673.345    34.9958    27.7555  1035.4741    1495.63      1.039 0.0000e+00      24.00
   1691.000     4.2557   3.351833   1674.332    34.9964    27.7563  1035.4795    1495.64      1.688 0.0000e+00      14.00
   1692.000     4.2532   3.351680   1675.318    34.9967    27.7568  1035.4846    1495.64      2.066 0.0000e+00      11.00
   1693.000     4.2490   3.351372   1676.304    34.9971    27.7575  1035.4899    1495.64      2.269 0.0000e+00      10.00
   1694.000     4.2475   3.351337   1677.290    34.9978    27.7582  1035.4952    1495.65      2.306 0.0000e+00      10.00
   1695.000     4.2476   3.351378   1678.276    34.9976    27.7581  1035.4995    1495.67      2.168 0.0000e+00      11.00
   1696.000     4.2474   3.351392   1679.262    34.9975    27.7581  1035.5040    1495.69      1.838 0.0000e+00      13.00
   1697.000     4.2459   3.351292   1680.249    34.9975    27.7582  1035.5087    1495.70      1.154 0.0000e+00      24.00
   1698.000     4.2428   3.351101   1681.235    34.9980    27.7589  1035.5140    1495.70      0.791 0.0000e+00      31.00
   1699.000     4.2424   3.351111   1682.221    34.9980    27.7590  1035.5186    1495.72      1.746 0.0000e+00      14.00
   1700.000     4.2390   3.350888   1683.207    34.9985    27.7598  1035.5240    1495.72      2.148 0.0000e+00      12.00
   1701.000     4.2375   3.350822   1684.193    34.9988    27.7601  1035.5288    1495.73      2.382 0.0000e+00       9.00
   1702.000     4.2368   3.350818   1685.179    34.9990    27.7603  1035.5336    1495.74      2.464 0.0000e+00       8.00
   1703.000     4.2350   3.350698   1686.165    34.9990    27.7606  1035.5384    1495.75      2.364 0.0000e+00      11.00
   1704.000     4.2342   3.350696   1687.152    34.9993    27.7609  1035.5432    1495.77      2.036 0.0000e+00      11.00
