dados/ctd/rad2_doei016.cnv
* Sea-Bird SBE 9 Raw Data File:
* FileName = C:\OceanoEI\OEI016.dat
* Software Version Seasave Win32 v1.10
* Temperature SN = 2326
* Conductivity SN = 2149
* Number of Bytes Per Scan = 12
* Number of Voltage Words = 0
* System UpLoad Time = Nov 06 2001 05:23:49
** H-40 
** Navio Oceanografico ANTARES 
** 173a Comissao Oceanografica 
** OCEANO LESTE I 
** Estacao: OEI016
** Latitude: 11 19.8 S
** Longitude: 034 49.5 W
** Data-Hora (DDHHMMZ/MMM/AA): 060523Z/NOV/01
** Profundidade Local (m): 4254
** N/S do CTD: 11282 
** Operador: 1T ALEX URBANCG
# nquan = 11
# nvalues = 2530                        
# units = specified
# name 0 = prDM: Pressure, Digiquartz [db]
# name 1 = t068C: Temperature [ITS-68, deg C]
# name 2 = c0S/m: Conductivity [S/m]
# name 3 = depSM: Depth [salt water, m], lat = -15
# name 4 = sal00: Salinity [PSU]
# name 5 = sigma-t00: Density [sigma-t, Kg/m^3 ]
# name 6 = density00: Density [density, Kg/m^3]
# name 7 = svCM: Sound Velocity [Chen-Millero, m/s]
# name 8 = dz/dtM: Descent Rate [m/s], WS = 2
# name 9 = flag: flag
# name 10 = nbin: number of scans per bin
# span 0 =      3.000,   2532.000       
# span 1 =     3.0426,    26.8696       
# span 2 =   3.253979,   5.750004       
# span 3 =      2.982,   2502.112       
# span 4 =    34.4557,    37.0655       
# span 5 =    24.0941,    27.8554       
# span 6 =  1024.1104,  1039.3907       
# span 7 =    1480.10,    1541.42       
# span 8 =     -0.457,      2.731       
# span 9 = 0.0000e+00, 0.0000e+00       
# span 10 =       4.00,      69.00      
# interval = decibars: 1                
# start_time = Nov 06 2001 05:23:49
# bad_flag = -9.990e-29
*END*
[from data line 2361]
   2364.000     3.2040   3.283411   2337.009    34.9772    27.8478  1038.6280    1502.51      1.681 0.0000e+00      15.00
   2365.000     3.2008   3.283122   2337.992    34.9766    27.8477  1038.6325    1502.51      1.732 0.0000e+00      13.00
   2366.000     3.1971   3.282805   2338.975    34.9763    27.8477  1038.6373    1502.51      1.662 0.0000e+00      13.00
   2367.000     3.1933   3.282447   2339.958    34.9756    27.8476  1038.6418    1502.51      1.316 0.0000e+00      19.00
   2368.000     3.1867   3.281804   2340.941    34.9744    27.8473  1038.6463    1502.50      0.778 0.0000e+00      36.00
   2369.000     3.1783   3.280994   2341.924    34.9732    27.8471  1038.6511    1502.48      1.506 0.0000e+00      16.00
   2370.000     3.1736   3.280589   2342.907    34.9728    27.8473  1038.6560    1502.48      2.035 0.0000e+00      12.00
   2371.000     3.1723   3.280497   2343.890    34.9727    27.8472  1038.6605    1502.49      2.228 0.0000e+00      10.00
   2372.000     3.1714   3.280444   2344.873    34.9725    27.8472  1038.6650    1502.50      2.198 0.0000e+00      10.00
   2373.000     3.1713   3.280468   2345.857    34.9725    27.8472  1038.6694    1502.52      1.960 0.0000e+00      13.00
   2374.000     3.1709   3.280450   2346.840    34.9723    27.8470  1038.6737    1502.53      1.573 0.0000e+00      15.00
   2375.000     3.1705   3.280523   2347.823    34.9730    27.8477  1038.6788    1502.55      1.163 0.0000e+00      22.00
   2376.000     3.1702   3.280585   2348.806    34.9736    27.8482  1038.6838    1502.57      1.051 0.0000e+00      23.00
   2377.000     3.1702   3.280644   2349.789    34.9738    27.8484  1038.6884    1502.58      1.273 0.0000e+00      20.00
   2378.000     3.1699   3.280692   2350.772    34.9742    27.8487  1038.6932    1502.60      1.548 0.0000e+00      14.00
   2379.000     3.1698   3.280738   2351.755    34.9744    27.8489  1038.6978    1502.61      1.679 0.0000e+00      13.00
   2380.000     3.1700   3.280788   2352.738    34.9744    27.8488  1038.7022    1502.64      1.606 0.0000e+00      14.00
   2381.000     3.1704   3.280890   2353.721    34.9747    27.8490  1038.7068    1502.65      1.301 0.0000e+00      19.00
   2382.000     3.1716   3.281074   2354.704    34.9752    27.8493  1038.7115    1502.68      1.091 0.0000e+00      24.00
   2383.000     3.1720   3.281166   2355.687    34.9753    27.8494  1038.7160    1502.69      1.382 0.0000e+00      17.00
   2384.000     3.1722   3.281232   2356.671    34.9755    27.8494  1038.7205    1502.71      1.616 0.0000e+00      13.00
   2385.000     3.1727   3.281318   2357.653    34.9756    27.8495  1038.7249    1502.73      1.581 0.0000e+00      15.00
   2386.000     3.1728   3.281378   2358.636    34.9756    27.8495  1038.7294    1502.75      1.286 0.0000e+00      18.00
   2387.000     3.1733   3.281464   2359.619    34.9757    27.8496  1038.7339    1502.77      0.873 0.0000e+00      30.00
   2388.000     3.1733   3.281528   2360.602    34.9760    27.8498  1038.7385    1502.79      1.342 0.0000e+00      17.00
   2389.000     3.1729   3.281546   2361.585    34.9761    27.8499  1038.7431    1502.80      1.962 0.0000e+00      13.00
   2390.000     3.1727   3.281567   2362.568    34.9761    27.8500  1038.7476    1502.82      2.290 0.0000e+00      10.00
   2391.000     3.1713   3.281434   2363.552    34.9755    27.8496  1038.7518    1502.83      2.454 0.0000e+00       9.00
   2392.000     3.1687   3.281261   2364.535    34.9758    27.8501  1038.7569    1502.83      2.469 0.0000e+00       9.00
   2393.000     3.1684   3.281246   2365.518    34.9754    27.8498  1038.7610    1502.85      2.368 0.0000e+00      10.00
   2394.000     3.1670   3.281160   2366.501    34.9754    27.8500  1038.7657    1502.86      2.114 0.0000e+00      12.00
   2395.000     3.1668   3.281168   2367.484    34.9753    27.8499  1038.7701    1502.87      1.655 0.0000e+00      12.00
   2396.000     3.1664   3.281134   2368.466    34.9749    27.8495  1038.7742    1502.89      0.580 0.0000e+00      60.00
   2397.000     3.1653   3.281081   2369.450    34.9749    27.8497  1038.7789    1502.90      1.399 0.0000e+00      16.00
   2398.000     3.1650   3.281084   2370.433    34.9748    27.8497  1038.7833    1502.92      1.673 0.0000e+00      14.00
   2399.000     3.1634   3.280971   2371.415    34.9746    27.8496  1038.7878    1502.93      1.625 0.0000e+00      14.00
   2400.000     3.1627   3.280953   2372.398    34.9747    27.8498  1038.7924    1502.94      1.463 0.0000e+00      18.00
   2401.000     3.1627   3.280983   2373.382    34.9747    27.8498  1038.7969    1502.96      1.539 0.0000e+00      17.00
   2402.000     3.1628   3.281039   2374.365    34.9747    27.8498  1038.8013    1502.97      1.844 0.0000e+00      12.00
   2403.000     3.1626   3.281048   2375.347    34.9746    27.8497  1038.8057    1502.99      2.101 0.0000e+00      10.00
   2404.000     3.1618   3.281027   2376.330    34.9747    27.8499  1038.8104    1503.00      2.189 0.0000e+00      11.00
   2405.000     3.1614   3.281023   2377.313    34.9746    27.8498  1038.8148    1503.02      2.116 0.0000e+00      11.00
   2406.000     3.1610   3.281003   2378.296    34.9744    27.8497  1038.8191    1503.03      1.863 0.0000e+00      13.00
   2407.000     3.1602   3.280964   2379.279    34.9742    27.8497  1038.8236    1503.05      1.352 0.0000e+00      18.00
   2408.000     3.1587   3.280849   2380.262    34.9740    27.8496  1038.8280    1503.06      0.640 0.0000e+00      41.00
   2409.000     3.1563   3.280689   2381.245    34.9741    27.8499  1038.8330    1503.06      1.393 0.0000e+00      18.00
   2410.000     3.1545   3.280570   2382.228    34.9741    27.8501  1038.8377    1503.07      1.833 0.0000e+00      13.00
   2411.000     3.1534   3.280491   2383.211    34.9739    27.8500  1038.8421    1503.09      1.991 0.0000e+00      11.00
   2412.000     3.1502   3.280230   2384.194    34.9737    27.8502  1038.8469    1503.09      1.940 0.0000e+00      12.00
   2413.000     3.1482   3.280107   2385.177    34.9739    27.8505  1038.8519    1503.10      1.693 0.0000e+00      14.00
   2414.000     3.1475   3.280078   2386.160    34.9738    27.8505  1038.8563    1503.11      1.324 0.0000e+00      20.00
   2415.000     3.1465   3.279997   2387.143    34.9735    27.8503  1038.8607    1503.12      1.124 0.0000e+00      22.00
   2416.000     3.1447   3.279875   2388.126    34.9734    27.8504  1038.8653    1503.13      1.290 0.0000e+00      17.00
   2417.000     3.1450   3.279966   2389.108    34.9737    27.8507  1038.8700    1503.15      1.454 0.0000e+00      16.00
   2418.000     3.1451   3.280020   2390.091    34.9738    27.8507  1038.8744    1503.17      1.452 0.0000e+00      16.00
   2419.000     3.1422   3.279790   2391.074    34.9737    27.8509  1038.8792    1503.17      1.307 0.0000e+00      19.00
   2420.000     3.1411   3.279738   2392.057    34.9738    27.8511  1038.8839    1503.19      1.227 0.0000e+00      20.00
   2421.000     3.1410   3.279774   2393.040    34.9738    27.8511  1038.8884    1503.20      1.425 0.0000e+00      18.00
   2422.000     3.1411   3.279815   2394.023    34.9737    27.8511  1038.8928    1503.22      1.695 0.0000e+00      13.00
   2423.000     3.1411   3.279868   2395.006    34.9739    27.8512  1038.8974    1503.24      1.843 0.0000e+00      13.00
   2424.000     3.1410   3.279902   2395.989    34.9740    27.8513  1038.9018    1503.25      1.863 0.0000e+00      12.00
   2425.000     3.1410   3.279925   2396.972    34.9738    27.8511  1038.9062    1503.27      1.764 0.0000e+00      14.00
   2426.000     3.1407   3.279950   2397.954    34.9738    27.8512  1038.9107    1503.29      1.591 0.0000e+00      15.00
   2427.000     3.1400   3.279903   2398.937    34.9736    27.8511  1038.9151    1503.30      1.394 0.0000e+00      17.00
   2428.000     3.1394   3.279885   2399.920    34.9735    27.8511  1038.9195    1503.31      1.256 0.0000e+00      19.00
   2429.000     3.1387   3.279870   2400.903    34.9737    27.8512  1038.9242    1503.33      1.213 0.0000e+00      21.00
   2430.000     3.1382   3.279854   2401.886    34.9735    27.8512  1038.9286    1503.34      1.244 0.0000e+00      19.00
   2431.000     3.1368   3.279752   2402.869    34.9733    27.8512  1038.9331    1503.35      1.282 0.0000e+00      19.00
   2432.000     3.1343   3.279567   2403.851    34.9733    27.8513  1038.9379    1503.36      1.224 0.0000e+00      19.00
   2433.000     3.1333   3.279506   2404.834    34.9732    27.8513  1038.9424    1503.37      1.102 0.0000e+00      23.00
   2434.000     3.1306   3.279292   2405.817    34.9730    27.8515  1038.9471    1503.38      1.242 0.0000e+00      19.00
   2435.000     3.1281   3.279086   2406.800    34.9728    27.8515  1038.9517    1503.38      1.565 0.0000e+00      15.00
   2436.000     3.1256   3.278920   2407.783    34.9729    27.8518  1038.9566    1503.39      1.826 0.0000e+00      12.00
   2437.000     3.1244   3.278833   2408.766    34.9727    27.8518  1038.9611    1503.40      1.979 0.0000e+00      12.00
   2438.000     3.1225   3.278684   2409.748    34.9725    27.8518  1038.9657    1503.41      2.025 0.0000e+00      11.00
   2439.000     3.1215   3.278639   2410.731    34.9725    27.8519  1038.9703    1503.42      1.953 0.0000e+00      13.00
   2440.000     3.1206   3.278577   2411.714    34.9722    27.8518  1038.9747    1503.44      1.735 0.0000e+00      12.00
   2441.000     3.1179   3.278344   2412.697    34.9718    27.8517  1038.9792    1503.44      1.336 0.0000e+00      19.00
   2442.000     3.1166   3.278270   2413.679    34.9718    27.8519  1038.9839    1503.45      1.070 0.0000e+00      26.00
   2443.000     3.1167   3.278312   2414.662    34.9718    27.8518  1038.9883    1503.47      1.371 0.0000e+00      17.00
   2444.000     3.1167   3.278370   2415.645    34.9720    27.8520  1038.9929    1503.48      1.643 0.0000e+00      14.00
   2445.000     3.1168   3.278413   2416.628    34.9720    27.8519  1038.9973    1503.50      1.714 0.0000e+00      12.00
   2446.000     3.1169   3.278452   2417.611    34.9719    27.8518  1039.0016    1503.52      1.548 0.0000e+00      16.00
   2447.000     3.1169   3.278478   2418.593    34.9717    27.8518  1039.0060    1503.54      1.145 0.0000e+00      22.00
   2448.000     3.1159   3.278424   2419.576    34.9716    27.8517  1039.0105    1503.55      0.925 0.0000e+00      28.00
   2449.000     3.1153   3.278402   2420.559    34.9716    27.8517  1039.0150    1503.56      1.223 0.0000e+00      18.00
   2450.000     3.1149   3.278419   2421.542    34.9717    27.8519  1039.0195    1503.58      1.367 0.0000e+00      17.00
   2451.000     3.1149   3.278453   2422.524    34.9717    27.8519  1039.0240    1503.60      1.399 0.0000e+00      18.00
   2452.000     3.1150   3.278516   2423.507    34.9719    27.8520  1039.0286    1503.61      1.585 0.0000e+00      16.00
   2453.000     3.1151   3.278561   2424.490    34.9718    27.8520  1039.0330    1503.63      1.884 0.0000e+00      13.00
   2454.000     3.1151   3.278589   2425.473    34.9717    27.8519  1039.0373    1503.65      2.091 0.0000e+00      11.00
   2455.000     3.1150   3.278636   2426.455    34.9719    27.8520  1039.0419    1503.66      2.145 0.0000e+00      11.00
   2456.000     3.1147   3.278647   2427.438    34.9719    27.8521  1039.0464    1503.68      2.040 0.0000e+00      11.00
   2457.000     3.1142   3.278631   2428.421    34.9717    27.8520  1039.0508    1503.69      1.772 0.0000e+00      14.00
   2458.000     3.1130   3.278542   2429.403    34.9714    27.8519  1039.0552    1503.71      1.305 0.0000e+00      18.00
   2459.000     3.1115   3.278427   2430.386    34.9712    27.8518  1039.0597    1503.72      0.770 0.0000e+00      38.00
   2460.000     3.1110   3.278420   2431.369    34.9712    27.8519  1039.0642    1503.73      1.168 0.0000e+00      20.00
   2461.000     3.1101   3.278384   2432.352    34.9713    27.8521  1039.0689    1503.74      1.602 0.0000e+00      14.00
   2462.000     3.1095   3.278374   2433.334    34.9714    27.8521  1039.0734    1503.76      1.842 0.0000e+00      11.00
   2463.000     3.1095   3.278393   2434.317    34.9711    27.8519  1039.0776    1503.78      1.985 0.0000e+00      13.00
   2464.000     3.1088   3.278361   2435.300    34.9710    27.8519  1039.0821    1503.79      2.027 0.0000e+00      12.00
   2465.000     3.1075   3.278272   2436.282    34.9708    27.8519  1039.0866    1503.80      1.974 0.0000e+00      10.00
   2466.000     3.1054   3.278083   2437.265    34.9703    27.8517  1039.0910    1503.81      1.724 0.0000e+00      14.00
   2467.000     3.0991   3.277495   2438.248    34.9695    27.8516  1039.0957    1503.80      1.090 0.0000e+00      24.00
   2468.000     3.0952   3.277149   2439.230    34.9690    27.8516  1039.1004    1503.79      0.565 0.0000e+00      45.00
   2469.000     3.0952   3.277219   2440.213    34.9694    27.8519  1039.1051    1503.81      1.707 0.0000e+00      12.00
   2470.000     3.0950   3.277227   2441.196    34.9692    27.8518  1039.1095    1503.83      2.021 0.0000e+00      11.00
   2471.000     3.0949   3.277258   2442.178    34.9693    27.8518  1039.1140    1503.85      2.110 0.0000e+00      10.00
   2472.000     3.0947   3.277271   2443.161    34.9692    27.8518  1039.1184    1503.86      2.050 0.0000e+00      11.00
   2473.000     3.0937   3.277179   2444.144    34.9687    27.8515  1039.1226    1503.87      1.886 0.0000e+00      12.00
   2474.000     3.0936   3.277242   2445.126    34.9691    27.8518  1039.1273    1503.89      1.648 0.0000e+00      16.00
   2475.000     3.0944   3.277362   2446.109    34.9692    27.8518  1039.1317    1503.91      1.475 0.0000e+00      16.00
   2476.000     3.0945   3.277437   2447.092    34.9695    27.8521  1039.1364    1503.93      1.494 0.0000e+00      17.00
   2477.000     3.0966   3.277701   2448.074    34.9700    27.8522  1039.1409    1503.96      1.481 0.0000e+00      15.00
   2478.000     3.0976   3.277856   2449.057    34.9703    27.8524  1039.1454    1503.98      1.210 0.0000e+00      19.00
   2479.000     3.0986   3.277986   2450.039    34.9703    27.8523  1039.1498    1504.00      0.812 0.0000e+00      34.00
   2480.000     3.0991   3.278103   2451.022    34.9707    27.8526  1039.1544    1504.02      1.376 0.0000e+00      17.00
   2481.000     3.0994   3.278175   2452.005    34.9709    27.8527  1039.1589    1504.04      1.880 0.0000e+00      13.00
   2482.000     3.0996   3.278220   2452.987    34.9707    27.8525  1039.1632    1504.05      2.097 0.0000e+00      11.00
   2483.000     3.0996   3.278270   2453.970    34.9708    27.8526  1039.1677    1504.07      2.094 0.0000e+00      11.00
   2484.000     3.0992   3.278263   2454.953    34.9707    27.8526  1039.1721    1504.09      1.866 0.0000e+00      12.00
   2485.000     3.0983   3.278210   2455.935    34.9706    27.8525  1039.1766    1504.10      1.328 0.0000e+00      18.00
   2486.000     3.0969   3.278106   2456.918    34.9703    27.8525  1039.1811    1504.11      0.672 0.0000e+00      42.00
   2487.000     3.0939   3.277862   2457.900    34.9701    27.8526  1039.1858    1504.11      1.583 0.0000e+00      15.00
   2488.000     3.0922   3.277751   2458.883    34.9701    27.8528  1039.1905    1504.12      1.962 0.0000e+00      11.00
   2489.000     3.0891   3.277433   2459.865    34.9692    27.8523  1039.1947    1504.12      2.055 0.0000e+00      11.00
   2490.000     3.0855   3.277146   2460.848    34.9690    27.8525  1039.1995    1504.13      1.973 0.0000e+00      12.00
   2491.000     3.0839   3.277024   2461.831    34.9688    27.8525  1039.2040    1504.14      1.805 0.0000e+00      13.00
   2492.000     3.0795   3.276640   2462.813    34.9684    27.8526  1039.2089    1504.13      1.683 0.0000e+00      14.00
   2493.000     3.0774   3.276499   2463.796    34.9685    27.8528  1039.2137    1504.14      1.694 0.0000e+00      15.00
