dados/ctd/rad2_doei013.cnv
* Sea-Bird SBE 9 Raw Data File:
* FileName = C:\OceanoEI\OEI013.dat
* Software Version Seasave Win32 v1.10
* Temperature SN = 2326
* Conductivity SN = 2149
* Number of Bytes Per Scan = 12
* Number of Voltage Words = 0
* System UpLoad Time = Nov 05 2001 15:57:09
** H-40 
** Navio Oceanografico ANTARES 
** 173a Comissao Oceanografica 
** OCEANO LESTE I 
** Estacao: OEI013
** Latitude: 10 47.8 S
** Longitude: 036 11.4 W
** Data-Hora (DDHHMMZ/MMM/AA): 051553Z/NOV/01
** Profundidade Local (m): 1318
** N/S do CTD: 11282 
** Operador: CT BARREIRA
# nquan = 11
# nvalues = 1213                        
# units = specified
# name 0 = prDM: Pressure, Digiquartz [db]
# name 1 = t068C: Temperature [ITS-68, deg C]
# name 2 = c0S/m: Conductivity [S/m]
# name 3 = depSM: Depth [salt water, m], lat = -15
# name 4 = sal00: Salinity [PSU]
# name 5 = sigma-t00: Density [sigma-t, Kg/m^3 ]
# name 6 = density00: Density [density, Kg/m^3]
# name 7 = svCM: Sound Velocity [Chen-Millero, m/s]
# name 8 = dz/dtM: Descent Rate [m/s], WS = 2
# name 9 = flag: flag
# name 10 = nbin: number of scans per bin
# span 0 =      2.000,   1214.000       
# span 1 =     3.7670,    26.7675       
# span 2 =   3.233973,   5.758473       
# span 3 =      1.988,   1203.391       
# span 4 =    34.4429,    37.1668       
# span 5 =    24.2423,    27.5401       
# span 6 =  1024.2509,  1033.1207       
# span 7 =    1480.00,    1540.63       
# span 8 =      0.230,      2.783       
# span 9 = 0.0000e+00, 0.0000e+00       
# span 10 =       7.00,     207.00      
# interval = decibars: 1                
# start_time = Nov 05 2001 15:57:09
# bad_flag = -9.990e-29
*END*
      2.000    26.7675   5.758473      1.988    36.9211    24.2423  1024.2509    1540.62      0.486 0.0000e+00     207.00
      3.000    26.7611   5.757785      2.982    36.9209    24.2442  1024.2570    1540.63      1.810 0.0000e+00      12.00
      4.000    26.7224   5.753535      3.977    36.9208    24.2564  1024.2736    1540.55      1.686 0.0000e+00      14.00
      5.000    26.6688   5.748113      4.971    36.9240    24.2760  1024.2974    1540.45      1.278 0.0000e+00      22.00
      6.000    26.6288   5.744268      5.965    36.9278    24.2916  1024.3173    1540.38      1.275 0.0000e+00      19.00
      7.000    26.6009   5.741759      6.959    36.9316    24.3033  1024.3334    1540.34      1.712 0.0000e+00      14.00
      8.000    26.5759   5.739017      7.953    36.9313    24.3111  1024.3454    1540.30      2.088 0.0000e+00      11.00
      9.000    26.5520   5.736574      8.947    36.9325    24.3196  1024.3582    1540.26      2.290 0.0000e+00      10.00
     10.000    26.5417   5.735656      9.941    36.9337    24.3237  1024.3666    1540.26      2.254 0.0000e+00      10.00
     11.000    26.5342   5.734865     10.935    36.9336    24.3261  1024.3733    1540.26      1.990 0.0000e+00      11.00
     12.000    26.5253   5.733834     11.930    36.9329    24.3284  1024.3799    1540.25      1.331 0.0000e+00      19.00
     13.000    26.5162   5.732727     12.924    36.9319    24.3305  1024.3863    1540.25      0.674 0.0000e+00      42.00
     14.000    26.5114   5.732165     13.918    36.9313    24.3316  1024.3916    1540.25      1.675 0.0000e+00      13.00
     15.000    26.5074   5.731562     14.912    36.9298    24.3318  1024.3961    1540.26      2.182 0.0000e+00      11.00
     16.000    26.5022   5.730960     15.906    36.9293    24.3330  1024.4016    1540.26      2.446 0.0000e+00      10.00
     17.000    26.4972   5.730472     16.900    36.9294    24.3347  1024.4076    1540.27      2.592 0.0000e+00       8.00
     18.000    26.4956   5.730325     17.894    36.9292    24.3351  1024.4123    1540.28      2.648 0.0000e+00       9.00
     19.000    26.4916   5.729692     18.888    36.9275    24.3351  1024.4165    1540.29      2.783 0.0000e+00       9.00
     20.000    26.4878   5.729263     19.882    36.9272    24.3360  1024.4218    1540.29      2.528 0.0000e+00       9.00
     21.000    26.4855   5.728932     20.876    36.9263    24.3361  1024.4261    1540.31      1.953 0.0000e+00       7.00
     22.000    26.4832   5.728666     21.870    36.9259    24.3365  1024.4308    1540.32      0.668 0.0000e+00      45.00
     23.000    26.4815   5.728579     22.864    36.9263    24.3373  1024.4360    1540.33      1.652 0.0000e+00      14.00
     24.000    26.4786   5.728394     23.858    36.9270    24.3388  1024.4417    1540.34      2.079 0.0000e+00      12.00
     25.000    26.4786   5.728797     24.852    36.9295    24.3407  1024.4479    1540.36      2.329 0.0000e+00      10.00
     26.000    26.4780   5.728820     25.846    36.9298    24.3411  1024.4526    1540.38      2.357 0.0000e+00       9.00
     27.000    26.4777   5.728879     26.840    36.9302    24.3415  1024.4573    1540.39      2.164 0.0000e+00      10.00
     28.000    26.4800   5.729388     27.834    36.9318    24.3420  1024.4620    1540.42      1.783 0.0000e+00      15.00
     29.000    26.4824   5.729828     28.828    36.9327    24.3419  1024.4663    1540.44      1.518 0.0000e+00      17.00
     30.000    26.4844   5.730322     29.823    36.9344    24.3426  1024.4712    1540.46      1.639 0.0000e+00      16.00
     31.000    26.4877   5.731106     30.817    36.9371    24.3435  1024.4764    1540.49      1.873 0.0000e+00      12.00
     32.000    26.4892   5.731485     31.811    36.9383    24.3440  1024.4812    1540.51      2.012 0.0000e+00      12.00
     33.000    26.4901   5.731657     32.804    36.9385    24.3438  1024.4853    1540.53      1.924 0.0000e+00      10.00
     34.000    26.4912   5.731994     33.799    36.9398    24.3444  1024.4902    1540.55      1.547 0.0000e+00      16.00
     35.000    26.4940   5.732674     34.792    36.9422    24.3454  1024.4955    1540.58      0.842 0.0000e+00      33.00
     36.000    26.4938   5.733206     35.786    36.9459    24.3482  1024.5026    1540.60      1.150 0.0000e+00      22.00
     37.000    26.4910   5.733334     36.780    36.9488    24.3513  1024.5099    1540.61      1.823 0.0000e+00      12.00
     38.000    26.4817   5.733363     37.774    36.9561    24.3597  1024.5227    1540.61      2.188 0.0000e+00      11.00
     39.000    26.4649   5.732916     38.768    36.9660    24.3726  1024.5398    1540.60      2.382 0.0000e+00      11.00
     40.000    26.4403   5.731954     39.762    36.9784    24.3898  1024.5613    1540.57      2.409 0.0000e+00       8.00
     41.000    26.3927   5.729091     40.756    36.9955    24.4177  1024.5935    1540.50      2.209 0.0000e+00      11.00
     42.000    26.3376   5.727573     41.750    37.0285    24.4602  1024.6402    1540.43      1.788 0.0000e+00      14.00
     43.000    26.2163   5.719274     42.744    37.0653    24.5263  1024.7107    1540.20      1.304 0.0000e+00      20.00
     44.000    26.0635   5.707229     43.738    37.1003    24.6010  1024.7897    1539.90      1.246 0.0000e+00      20.00
     45.000    25.9605   5.699237     44.732    37.1249    24.6519  1024.8450    1539.71      1.570 0.0000e+00      15.00
     46.000    25.9277   5.696543     45.726    37.1313    24.6670  1024.8644    1539.65      1.821 0.0000e+00      13.00
     47.000    25.8862   5.692226     46.720    37.1330    24.6813  1024.8830    1539.58      1.876 0.0000e+00      13.00
     48.000    25.7903   5.683219     47.714    37.1443    24.7198  1024.9259    1539.38      1.759 0.0000e+00      13.00
     49.000    25.7458   5.679335     48.708    37.1515    24.7392  1024.9496    1539.30      1.513 0.0000e+00      15.00
     50.000    25.6990   5.674865     49.702    37.1563    24.7575  1024.9721    1539.21      1.310 0.0000e+00      20.00
     51.000    25.6668   5.671840     50.696    37.1599    24.7702  1024.9892    1539.16      1.283 0.0000e+00      18.00
     52.000    25.6611   5.671225     51.689    37.1597    24.7719  1024.9951    1539.16      1.429 0.0000e+00      18.00
     53.000    25.6438   5.669346     52.683    37.1596    24.7772  1025.0048    1539.14      1.640 0.0000e+00      13.00
     54.000    25.6142   5.666505     53.677    37.1624    24.7885  1025.0204    1539.09      1.824 0.0000e+00      15.00
     55.000    25.5999   5.665286     54.671    37.1648    24.7948  1025.0309    1539.07      1.930 0.0000e+00      10.00
     56.000    25.5970   5.665187     55.665    37.1661    24.7967  1025.0371    1539.09      1.967 0.0000e+00      13.00
     57.000    25.5921   5.664763     56.659    37.1666    24.7986  1025.0433    1539.09      1.917 0.0000e+00      12.00
     58.000    25.5727   5.662278     57.653    37.1637    24.8024  1025.0515    1539.06      1.776 0.0000e+00      13.00
     59.000    25.5349   5.658574     58.647    37.1668    24.8165  1025.0698    1538.99      1.508 0.0000e+00      16.00
     60.000    25.5149   5.656270     59.641    37.1658    24.8220  1025.0796    1538.96      1.216 0.0000e+00      21.00
     61.000    25.4979   5.654283     60.634    37.1646    24.8264  1025.0883    1538.93      1.213 0.0000e+00      22.00
     62.000    25.4720   5.651210     61.628    37.1626    24.8329  1025.0992    1538.89      1.522 0.0000e+00      14.00
     63.000    25.4540   5.649067     62.622    37.1611    24.8373  1025.1079    1538.86      1.808 0.0000e+00      13.00
     64.000    25.4286   5.646516     63.616    37.1627    24.8464  1025.1213    1538.82      1.904 0.0000e+00      11.00
     65.000    25.4204   5.645867     64.610    37.1642    24.8501  1025.1293    1538.82      1.787 0.0000e+00      15.00
     66.000    25.3919   5.641965     65.604    37.1582    24.8544  1025.1379    1538.76      1.491 0.0000e+00      14.00
     67.000    25.3459   5.636414     66.598    37.1543    24.8657  1025.1535    1538.66      1.185 0.0000e+00      22.00
     68.000    25.3121   5.632422     67.591    37.1520    24.8744  1025.1665    1538.60      1.313 0.0000e+00      20.00
     69.000    25.2703   5.627969     68.585    37.1527    24.8878  1025.1843    1538.52      1.719 0.0000e+00      15.00
     70.000    25.2201   5.622519     69.579    37.1530    24.9036  1025.2043    1538.41      2.026 0.0000e+00      11.00
     71.000    25.1996   5.620800     70.573    37.1566    24.9126  1025.2177    1538.39      2.171 0.0000e+00      10.00
     72.000    25.1872   5.619319     71.567    37.1555    24.9155  1025.2249    1538.37      2.142 0.0000e+00      11.00
     73.000    25.1449   5.614386     72.560    37.1531    24.9268  1025.2405    1538.29      1.961 0.0000e+00      11.00
     74.000    25.1310   5.614239     73.554    37.1630    24.9386  1025.2565    1538.28      1.672 0.0000e+00      14.00
     75.000    25.1069   5.611265     74.548    37.1603    24.9439  1025.2662    1538.24      1.434 0.0000e+00      17.00
     76.000    25.0858   5.608754     75.542    37.1585    24.9491  1025.2757    1538.20      1.369 0.0000e+00      18.00
     77.000    25.0769   5.607861     76.536    37.1588    24.9520  1025.2829    1538.20      1.401 0.0000e+00      17.00
     78.000    25.0725   5.607654     77.529    37.1606    24.9547  1025.2899    1538.20      1.420 0.0000e+00      15.00
     79.000    25.0444   5.603925     78.523    37.1554    24.9594  1025.2990    1538.15      1.383 0.0000e+00      18.00
     80.000    24.9492   5.591228     79.517    37.1385    24.9758  1025.3197    1537.92      1.318 0.0000e+00      19.00
     81.000    24.9047   5.586384     80.511    37.1385    24.9895  1025.3377    1537.83      1.319 0.0000e+00      19.00
     82.000    24.8815   5.583371     81.504    37.1346    24.9936  1025.3461    1537.79      1.491 0.0000e+00      16.00
     83.000    24.8427   5.578819     82.498    37.1321    25.0036  1025.3605    1537.71      1.790 0.0000e+00      13.00
     84.000    24.8218   5.576634     83.492    37.1325    25.0103  1025.3715    1537.68      2.076 0.0000e+00      12.00
     85.000    24.8011   5.574035     84.486    37.1298    25.0145  1025.3800    1537.64      2.239 0.0000e+00      10.00
     86.000    24.7125   5.561844     85.480    37.1109    25.0272  1025.3971    1537.42      2.222 0.0000e+00      10.00
     87.000    24.6386   5.553670     86.473    37.1100    25.0490  1025.4232    1537.26      1.990 0.0000e+00      12.00
     88.000    24.5874   5.547385     87.467    37.1046    25.0605  1025.4391    1537.14      1.496 0.0000e+00      17.00
     89.000    24.5443   5.542360     88.461    37.1020    25.0716  1025.4545    1537.05      0.996 0.0000e+00      27.00
     90.000    24.5277   5.540333     89.454    37.1001    25.0752  1025.4624    1537.03      1.215 0.0000e+00      19.00
     91.000    24.5207   5.539717     90.448    37.1009    25.0779  1025.4694    1537.03      1.648 0.0000e+00      14.00
     92.000    24.5129   5.538925     91.442    37.1010    25.0804  1025.4762    1537.03      1.870 0.0000e+00      12.00
     93.000    24.5018   5.537760     92.436    37.1011    25.0838  1025.4839    1537.02      1.889 0.0000e+00      13.00
     94.000    24.4914   5.536984     93.429    37.1035    25.0887  1025.4932    1537.01      1.720 0.0000e+00      13.00
     95.000    24.4139   5.525308     94.423    37.0789    25.0936  1025.5024    1536.81      1.402 0.0000e+00      18.00
     96.000    24.1995   5.498031     95.417    37.0495    25.1359  1025.5492    1536.27      1.236 0.0000e+00      21.00
     97.000    24.1820   5.497033     96.410    37.0561    25.1461  1025.5638    1536.26      1.461 0.0000e+00      16.00
     98.000    24.1844   5.498525     97.404    37.0651    25.1522  1025.5742    1536.29      1.728 0.0000e+00      14.00
     99.000    24.1704   5.497699     98.398    37.0702    25.1603  1025.5866    1536.28      1.839 0.0000e+00      13.00
    100.000    24.1478   5.494644     99.391    37.0653    25.1634  1025.5940    1536.23      1.823 0.0000e+00      13.00
    101.000    24.1004   5.488604    100.385    37.0585    25.1724  1025.6073    1536.12      1.731 0.0000e+00      13.00
    102.000    24.0294   5.478956    101.379    37.0436    25.1824  1025.6217    1535.95      1.590 0.0000e+00      15.00
    103.000    23.9547   5.468913    102.372    37.0288    25.1935  1025.6372    1535.77      1.392 0.0000e+00      19.00
    104.000    23.8827   5.459368    103.366    37.0155    25.2048  1025.6530    1535.59      1.259 0.0000e+00      19.00
    105.000    23.8749   5.458310    104.360    37.0136    25.2057  1025.6582    1535.58      1.294 0.0000e+00      18.00
    106.000    23.8435   5.453270    105.353    37.0009    25.2055  1025.6622    1535.51      1.439 0.0000e+00      17.00
    107.000    23.7956   5.446475    106.347    36.9884    25.2103  1025.6714    1535.40      1.578 0.0000e+00      14.00
    108.000    23.7582   5.441243    107.341    36.9792    25.2143  1025.6798    1535.31      1.620 0.0000e+00      15.00
    109.000    23.7364   5.438241    108.334    36.9740    25.2169  1025.6867    1535.27      1.551 0.0000e+00      14.00
    110.000    23.7049   5.433728    109.328    36.9653    25.2197  1025.6939    1535.20      1.349 0.0000e+00      17.00
    111.000    23.6620   5.427884    110.322    36.9559    25.2252  1025.7037    1535.09      1.155 0.0000e+00      22.00
    112.000    23.6402   5.424876    111.315    36.9507    25.2277  1025.7106    1535.05      1.373 0.0000e+00      16.00
    113.000    23.5789   5.416301    112.309    36.9356    25.2344  1025.7216    1534.90      1.717 0.0000e+00      14.00
    114.000    23.4965   5.405729    113.302    36.9228    25.2490  1025.7406    1534.70      1.990 0.0000e+00      11.00
    115.000    23.2601   5.372400    114.296    36.8628    25.2729  1025.7692    1534.05      2.124 0.0000e+00      12.00
    116.000    23.0358   5.347643    115.290    36.8586    25.3352  1025.8361    1533.50      2.125 0.0000e+00      11.00
    117.000    22.9114   5.331119    116.283    36.8342    25.3528  1025.8581    1533.17      1.962 0.0000e+00      12.00
    118.000    22.7678   5.313049    117.277    36.8137    25.3788  1025.8886    1532.80      1.647 0.0000e+00      14.00
    119.000    22.5985   5.292253    118.270    36.7934    25.4121  1025.9265    1532.36      1.253 0.0000e+00      21.00
    120.000    22.4857   5.277291    119.264    36.7709    25.4274  1025.9463    1532.07      1.112 0.0000e+00      20.00
    121.000    22.3001   5.253486    120.257    36.7401    25.4571  1025.9805    1531.57      1.264 0.0000e+00      19.00
    122.000    22.1579   5.236179    121.251    36.7236    25.4849  1026.0129    1531.20      1.288 0.0000e+00      18.00
    123.000    22.0945   5.227576    122.245    36.7089    25.4918  1026.0242    1531.03      1.278 0.0000e+00      20.00
    124.000    21.9406   5.208511    123.238    36.6881    25.5194  1026.0563    1530.63      1.469 0.0000e+00      16.00
    125.000    21.9135   5.205261    124.232    36.6849    25.5246  1026.0660    1530.57      1.743 0.0000e+00      14.00
    126.000    21.8736   5.199876    125.225    36.6757    25.5289  1026.0746    1530.47      1.977 0.0000e+00      13.00
    127.000    21.8239   5.193510    126.219    36.6670    25.5362  1026.0863    1530.35      2.092 0.0000e+00      10.00
    128.000    21.8054   5.191496    127.213    36.6663    25.5409  1026.0954    1530.32      2.064 0.0000e+00      11.00
    129.000    21.7561   5.184400    128.206    36.6514    25.5433  1026.1022    1530.19      1.848 0.0000e+00      13.00
    130.000    21.6557   5.171915    129.199    36.6369    25.5605  1026.1238    1529.92      1.484 0.0000e+00      16.00
    131.000    21.5102   5.153524    130.193    36.6136    25.5833  1026.1512    1529.53      1.112 0.0000e+00      24.00
    132.000    21.4594   5.147713    131.186    36.6100    25.5947  1026.1671    1529.41      1.181 0.0000e+00      21.00
