dados/ctd/rad2_doei015.cnv
* Sea-Bird SBE 9 Raw Data File:
* FileName = C:\OceanoEI\OEI015.dat
* Software Version Seasave Win32 v1.10
* Temperature SN = 2326
* Conductivity SN = 2149
* Number of Bytes Per Scan = 12
* Number of Voltage Words = 0
* System UpLoad Time = Nov 06 2001 01:01:29
** H-40 
** Navio Oceanografico ANTARES 
** 173a Comissao Oceanografica 
** OCEANO LESTE I 
** Estacao: OEI015
** Latitude: 11 09.8 S
** Longitude: 035 15.2 W
** Data-Hora (DDHHMMZ/MMM/AA): 050100Z/NOV/01
** Profundidade Local (m): 3862
** N/S do CTD: 11282 
** Operador: 1T E. ALMEIDA
# nquan = 11
# nvalues = 2559                        
# units = specified
# name 0 = prDM: Pressure, Digiquartz [db]
# name 1 = t068C: Temperature [ITS-68, deg C]
# name 2 = c0S/m: Conductivity [S/m]
# name 3 = depSM: Depth [salt water, m], lat = -15
# name 4 = sal00: Salinity [PSU]
# name 5 = sigma-t00: Density [sigma-t, Kg/m^3 ]
# name 6 = density00: Density [density, Kg/m^3]
# name 7 = svCM: Sound Velocity [Chen-Millero, m/s]
# name 8 = dz/dtM: Descent Rate [m/s], WS = 2
# name 9 = flag: flag
# name 10 = nbin: number of scans per bin
# span 0 =      1.000,   2559.000       
# span 1 =     2.8941,    27.1171       
# span 2 =   3.257302,   5.743696       
# span 3 =      0.994,   2528.634       
# span 4 =    34.4568,    37.2683       
# span 5 =    23.8117,    27.8580       
# span 6 =  1023.8172,  1039.5203       
# span 7 =    1479.86,    1541.16       
# span 8 =     -0.593,      3.446       
# span 9 = 0.0000e+00, 0.0000e+00       
# span 10 =       5.00,     187.00      
# interval = decibars: 1                
# start_time = Nov 06 2001 01:01:29
# bad_flag = -9.990e-29
*END*
[from data line 2361]
   2362.000     3.0572   3.269808   2335.042    34.9711    27.8568  1038.6367    1501.85      1.812 0.0000e+00      11.00
   2363.000     3.0573   3.269842   2336.025    34.9709    27.8567  1038.6410    1501.86      1.301 0.0000e+00      20.00
   2364.000     3.0574   3.269872   2337.009    34.9707    27.8565  1038.6452    1501.88      0.824 0.0000e+00      33.00
   2365.000     3.0575   3.269937   2337.992    34.9709    27.8566  1038.6498    1501.90      1.220 0.0000e+00      19.00
   2366.000     3.0578   3.270002   2338.975    34.9710    27.8567  1038.6543    1501.92      1.664 0.0000e+00      16.00
   2367.000     3.0578   3.270047   2339.958    34.9710    27.8566  1038.6587    1501.93      1.943 0.0000e+00      12.00
   2368.000     3.0579   3.270104   2340.941    34.9711    27.8567  1038.6633    1501.95      2.120 0.0000e+00      10.00
   2369.000     3.0580   3.270151   2341.924    34.9711    27.8568  1038.6678    1501.97      2.176 0.0000e+00      10.00
   2370.000     3.0579   3.270181   2342.907    34.9711    27.8567  1038.6722    1501.98      2.098 0.0000e+00      12.00
   2371.000     3.0579   3.270208   2343.890    34.9709    27.8566  1038.6765    1502.00      1.834 0.0000e+00      12.00
   2372.000     3.0579   3.270231   2344.873    34.9707    27.8565  1038.6808    1502.02      1.268 0.0000e+00      19.00
   2373.000     3.0556   3.270029   2345.856    34.9703    27.8564  1038.6853    1502.03      0.663 0.0000e+00      37.00
   2374.000     3.0544   3.269966   2346.840    34.9703    27.8565  1038.6899    1502.04      1.536 0.0000e+00      17.00
   2375.000     3.0516   3.269701   2347.823    34.9696    27.8562  1038.6942    1502.04      1.794 0.0000e+00      11.00
   2376.000     3.0495   3.269554   2348.806    34.9697    27.8564  1038.6990    1502.05      1.847 0.0000e+00      14.00
   2377.000     3.0475   3.269364   2349.789    34.9690    27.8561  1038.7033    1502.06      1.904 0.0000e+00      13.00
   2378.000     3.0422   3.268903   2350.772    34.9687    27.8563  1038.7083    1502.05      1.980 0.0000e+00      12.00
   2379.000     3.0449   3.269269   2351.755    34.9697    27.8569  1038.7131    1502.08      1.974 0.0000e+00      11.00
   2380.000     3.0445   3.269159   2352.738    34.9683    27.8558  1038.7166    1502.09      1.771 0.0000e+00      14.00
   2381.000     3.0416   3.268931   2353.721    34.9683    27.8560  1038.7214    1502.10      1.142 0.0000e+00      22.00
   2382.000     3.0384   3.268645   2354.704    34.9678    27.8559  1038.7260    1502.10      0.665 0.0000e+00      38.00
   2383.000     3.0360   3.268471   2355.687    34.9677    27.8561  1038.7307    1502.11      2.222 0.0000e+00       8.00
   2384.000     3.0351   3.268391   2356.670    34.9672    27.8558  1038.7349    1502.12      2.285 0.0000e+00      10.00
   2385.000     3.0337   3.268262   2357.654    34.9667    27.8555  1038.7391    1502.13      2.263 0.0000e+00       9.00
   2386.000     3.0308   3.268001   2358.636    34.9662    27.8554  1038.7437    1502.13      1.962 0.0000e+00      12.00
   2387.000     3.0254   3.267494   2359.619    34.9654    27.8553  1038.7483    1502.13      1.405 0.0000e+00      18.00
   2388.000     3.0213   3.267144   2360.603    34.9650    27.8553  1038.7531    1502.13      0.898 0.0000e+00      33.00
   2389.000     3.0211   3.267176   2361.585    34.9652    27.8555  1038.7577    1502.14      1.741 0.0000e+00      12.00
   2390.000     3.0187   3.266930   2362.569    34.9643    27.8550  1038.7618    1502.15      2.126 0.0000e+00      11.00
   2391.000     3.0163   3.266754   2363.552    34.9643    27.8552  1038.7666    1502.15      2.219 0.0000e+00      10.00
   2392.000     3.0125   3.266406   2364.535    34.9637    27.8551  1038.7712    1502.15      2.095 0.0000e+00      12.00
   2393.000     3.0114   3.266370   2365.518    34.9640    27.8554  1038.7760    1502.17      1.799 0.0000e+00      12.00
   2394.000     3.0111   3.266353   2366.501    34.9636    27.8552  1038.7802    1502.18      1.133 0.0000e+00      24.00
   2395.000     3.0108   3.266366   2367.483    34.9637    27.8552  1038.7848    1502.20      0.547 0.0000e+00      41.00
   2396.000     3.0105   3.266394   2368.467    34.9638    27.8554  1038.7894    1502.21      1.835 0.0000e+00      13.00
   2397.000     3.0094   3.266319   2369.450    34.9636    27.8553  1038.7938    1502.23      2.185 0.0000e+00      10.00
   2398.000     3.0083   3.266256   2370.433    34.9635    27.8554  1038.7984    1502.24      2.333 0.0000e+00      11.00
   2399.000     3.0077   3.266237   2371.415    34.9635    27.8554  1038.8029    1502.25      2.349 0.0000e+00       9.00
   2400.000     3.0072   3.266223   2372.398    34.9634    27.8553  1038.8073    1502.26      2.238 0.0000e+00      11.00
   2401.000     3.0067   3.266208   2373.382    34.9633    27.8553  1038.8117    1502.28      1.932 0.0000e+00      12.00
   2402.000     3.0061   3.266186   2374.365    34.9631    27.8552  1038.8162    1502.29      1.199 0.0000e+00      20.00
   2403.000     3.0056   3.266160   2375.348    34.9629    27.8550  1038.8205    1502.31      0.616 0.0000e+00      38.00
   2404.000     3.0030   3.265968   2376.330    34.9629    27.8553  1038.8254    1502.31      2.111 0.0000e+00      10.00
   2405.000     3.0013   3.265859   2377.313    34.9629    27.8554  1038.8300    1502.33      2.416 0.0000e+00      10.00
   2406.000     2.9998   3.265737   2378.296    34.9626    27.8554  1038.8345    1502.33      2.500 0.0000e+00       8.00
   2407.000     2.9985   3.265657   2379.279    34.9626    27.8555  1038.8391    1502.35      2.450 0.0000e+00      11.00
   2408.000     2.9974   3.265599   2380.262    34.9625    27.8556  1038.8437    1502.36      2.306 0.0000e+00       9.00
   2409.000     2.9959   3.265481   2381.245    34.9622    27.8555  1038.8482    1502.37      2.027 0.0000e+00      12.00
   2410.000     2.9940   3.265317   2382.228    34.9618    27.8553  1038.8526    1502.38      1.427 0.0000e+00      16.00
   2411.000     2.9915   3.265104   2383.211    34.9615    27.8553  1038.8571    1502.38      0.286 0.0000e+00      46.00
   2412.000     2.9895   3.264976   2384.194    34.9616    27.8556  1038.8620    1502.39      2.202 0.0000e+00      10.00
   2413.000     2.9896   3.265039   2385.177    34.9618    27.8557  1038.8666    1502.41      2.546 0.0000e+00       9.00
   2414.000     2.9894   3.265068   2386.160    34.9619    27.8557  1038.8711    1502.42      2.789 0.0000e+00       9.00
   2415.000     2.9892   3.265091   2387.143    34.9619    27.8558  1038.8756    1502.44      2.956 0.0000e+00       8.00
   2416.000     2.9887   3.265072   2388.125    34.9617    27.8557  1038.8799    1502.45      3.028 0.0000e+00       7.00
   2417.000     2.9869   3.264932   2389.108    34.9614    27.8556  1038.8845    1502.46      3.026 0.0000e+00       8.00
   2418.000     2.9856   3.264861   2390.091    34.9615    27.8558  1038.8892    1502.48      2.895 0.0000e+00       9.00
   2419.000     2.9850   3.264831   2391.074    34.9614    27.8558  1038.8936    1502.49      2.631 0.0000e+00       8.00
   2420.000     2.9845   3.264829   2392.057    34.9614    27.8558  1038.8981    1502.50      2.195 0.0000e+00      10.00
   2421.000     2.9844   3.264832   2393.040    34.9610    27.8556  1038.9023    1502.52      1.248 0.0000e+00      22.00
   2422.000     2.9848   3.264925   2394.023    34.9612    27.8557  1038.9069    1502.54      1.502 0.0000e+00      15.00
   2423.000     2.9846   3.264943   2395.006    34.9613    27.8557  1038.9114    1502.55      1.966 0.0000e+00      13.00
   2424.000     2.9840   3.264920   2395.989    34.9611    27.8557  1038.9158    1502.57      2.162 0.0000e+00      11.00
   2425.000     2.9837   3.264943   2396.971    34.9612    27.8558  1038.9204    1502.59      2.355 0.0000e+00      10.00
   2426.000     2.9838   3.264985   2397.954    34.9612    27.8557  1038.9247    1502.60      2.522 0.0000e+00       9.00
   2427.000     2.9840   3.265063   2398.937    34.9614    27.8559  1038.9293    1502.62      2.607 0.0000e+00       9.00
   2428.000     2.9841   3.265094   2399.920    34.9612    27.8557  1038.9337    1502.64      2.578 0.0000e+00       9.00
   2429.000     2.9838   3.265102   2400.903    34.9611    27.8557  1038.9381    1502.65      2.425 0.0000e+00      10.00
   2430.000     2.9832   3.265097   2401.886    34.9613    27.8559  1038.9427    1502.67      2.106 0.0000e+00      10.00
   2431.000     2.9829   3.265077   2402.869    34.9609    27.8556  1038.9469    1502.68      1.539 0.0000e+00      16.00
   2432.000     2.9825   3.265060   2403.851    34.9606    27.8554  1038.9512    1502.70      0.508 0.0000e+00      60.00
   2433.000     2.9811   3.264985   2404.834    34.9608    27.8556  1038.9560    1502.71      1.312 0.0000e+00      19.00
   2434.000     2.9807   3.265000   2405.817    34.9609    27.8558  1038.9606    1502.72      1.924 0.0000e+00      13.00
   2435.000     2.9806   3.265025   2406.800    34.9608    27.8557  1038.9650    1502.74      2.299 0.0000e+00       9.00
   2436.000     2.9793   3.264946   2407.783    34.9608    27.8558  1038.9696    1502.75      2.530 0.0000e+00      10.00
   2437.000     2.9785   3.264935   2408.766    34.9610    27.8561  1038.9743    1502.77      2.667 0.0000e+00       8.00
   2438.000     2.9784   3.264970   2409.748    34.9611    27.8562  1038.9788    1502.78      2.680 0.0000e+00       8.00
   2439.000     2.9782   3.264969   2410.731    34.9608    27.8559  1038.9831    1502.80      2.539 0.0000e+00       8.00
   2440.000     2.9773   3.264908   2411.714    34.9605    27.8558  1038.9875    1502.81      2.165 0.0000e+00      12.00
   2441.000     2.9766   3.264867   2412.697    34.9604    27.8557  1038.9919    1502.82      1.301 0.0000e+00      18.00
   2442.000     2.9771   3.264956   2413.680    34.9605    27.8558  1038.9963    1502.84      1.048 0.0000e+00      19.00
   2443.000     2.9760   3.264884   2414.662    34.9603    27.8558  1039.0008    1502.85      2.175 0.0000e+00      10.00
   2444.000     2.9747   3.264818   2415.645    34.9604    27.8560  1039.0056    1502.87      2.260 0.0000e+00      10.00
   2445.000     2.9744   3.264844   2416.628    34.9606    27.8561  1039.0102    1502.88      2.105 0.0000e+00      12.00
   2446.000     2.9743   3.264866   2417.611    34.9604    27.8560  1039.0145    1502.90      1.812 0.0000e+00      13.00
   2447.000     2.9738   3.264857   2418.593    34.9605    27.8561  1039.0191    1502.91      1.262 0.0000e+00      19.00
   2448.000     2.9730   3.264806   2419.576    34.9602    27.8559  1039.0234    1502.92      0.803 0.0000e+00      36.00
   2449.000     2.9727   3.264834   2420.559    34.9604    27.8561  1039.0280    1502.94      1.942 0.0000e+00      11.00
   2450.000     2.9723   3.264824   2421.542    34.9602    27.8560  1039.0324    1502.96      2.309 0.0000e+00      10.00
   2451.000     2.9716   3.264817   2422.524    34.9604    27.8562  1039.0372    1502.97      2.399 0.0000e+00       9.00
   2452.000     2.9713   3.264832   2423.507    34.9605    27.8563  1039.0417    1502.99      2.243 0.0000e+00      11.00
   2453.000     2.9711   3.264851   2424.490    34.9604    27.8563  1039.0461    1503.00      1.889 0.0000e+00      12.00
   2454.000     2.9708   3.264837   2425.473    34.9601    27.8561  1039.0504    1503.02      1.239 0.0000e+00      21.00
   2455.000     2.9704   3.264834   2426.455    34.9600    27.8560  1039.0548    1503.03      0.889 0.0000e+00      32.00
   2456.000     2.9682   3.264724   2427.438    34.9605    27.8566  1039.0600    1503.04      1.593 0.0000e+00      13.00
   2457.000     2.9682   3.264761   2428.421    34.9605    27.8566  1039.0644    1503.06      1.836 0.0000e+00      11.00
   2458.000     2.9684   3.264797   2429.404    34.9603    27.8564  1039.0686    1503.08      1.781 0.0000e+00      13.00
   2459.000     2.9688   3.264867   2430.386    34.9603    27.8564  1039.0730    1503.10      1.634 0.0000e+00      16.00
   2460.000     2.9687   3.264916   2431.369    34.9604    27.8565  1039.0776    1503.11      1.592 0.0000e+00      15.00
   2461.000     2.9692   3.264983   2432.352    34.9603    27.8563  1039.0818    1503.13      1.599 0.0000e+00      13.00
   2462.000     2.9688   3.264979   2433.334    34.9602    27.8563  1039.0863    1503.15      1.436 0.0000e+00      17.00
   2463.000     2.9687   3.265018   2434.317    34.9602    27.8564  1039.0907    1503.16      1.001 0.0000e+00      26.00
   2464.000     2.9692   3.265095   2435.300    34.9602    27.8563  1039.0951    1503.18      1.074 0.0000e+00      26.00
   2465.000     2.9695   3.265177   2436.282    34.9604    27.8565  1039.0997    1503.20      1.749 0.0000e+00      12.00
   2466.000     2.9694   3.265220   2437.265    34.9606    27.8565  1039.1042    1503.22      2.073 0.0000e+00      11.00
   2467.000     2.9694   3.265260   2438.248    34.9606    27.8566  1039.1087    1503.23      2.178 0.0000e+00      10.00
   2468.000     2.9693   3.265290   2439.230    34.9605    27.8566  1039.1131    1503.25      2.089 0.0000e+00      12.00
   2469.000     2.9695   3.265332   2440.213    34.9604    27.8565  1039.1174    1503.27      1.786 0.0000e+00      13.00
   2470.000     2.9696   3.265363   2441.196    34.9602    27.8562  1039.1217    1503.28      0.822 0.0000e+00      55.00
   2471.000     2.9696   3.265442   2442.178    34.9606    27.8566  1039.1265    1503.30      1.817 0.0000e+00      11.00
   2472.000     2.9697   3.265487   2443.161    34.9607    27.8566  1039.1309    1503.32      2.419 0.0000e+00       8.00
   2473.000     2.9699   3.265537   2444.144    34.9606    27.8565  1039.1353    1503.34      2.689 0.0000e+00       8.00
   2474.000     2.9704   3.265630   2445.126    34.9607    27.8566  1039.1397    1503.36      2.709 0.0000e+00       9.00
   2475.000     2.9704   3.265665   2446.109    34.9606    27.8565  1039.1441    1503.37      2.570 0.0000e+00      10.00
   2476.000     2.9704   3.265708   2447.092    34.9606    27.8565  1039.1486    1503.39      2.293 0.0000e+00      10.00
   2477.000     2.9705   3.265727   2448.074    34.9604    27.8563  1039.1528    1503.41      1.792 0.0000e+00      12.00
   2478.000     2.9705   3.265761   2449.057    34.9602    27.8562  1039.1571    1503.42      0.756 0.0000e+00      52.00
   2479.000     2.9697   3.265747   2450.039    34.9605    27.8565  1039.1619    1503.44      1.533 0.0000e+00      14.00
   2480.000     2.9686   3.265692   2451.022    34.9605    27.8566  1039.1665    1503.45      2.028 0.0000e+00      11.00
   2481.000     2.9687   3.265745   2452.005    34.9606    27.8566  1039.1710    1503.47      2.242 0.0000e+00      10.00
   2482.000     2.9688   3.265792   2452.987    34.9606    27.8567  1039.1754    1503.48      2.269 0.0000e+00      10.00
   2483.000     2.9687   3.265816   2453.970    34.9605    27.8566  1039.1798    1503.50      2.190 0.0000e+00      11.00
   2484.000     2.9686   3.265859   2454.952    34.9607    27.8568  1039.1844    1503.52      1.947 0.0000e+00      12.00
   2485.000     2.9676   3.265790   2455.935    34.9604    27.8566  1039.1888    1503.53      1.416 0.0000e+00      17.00
   2486.000     2.9665   3.265707   2456.918    34.9602    27.8565  1039.1932    1503.54      0.520 0.0000e+00      54.00
   2487.000     2.9608   3.265246   2457.900    34.9602    27.8571  1039.1985    1503.54      1.372 0.0000e+00      18.00
   2488.000     2.9614   3.265367   2458.883    34.9605    27.8573  1039.2032    1503.55      1.950 0.0000e+00      11.00
   2489.000     2.9611   3.265373   2459.866    34.9605    27.8573  1039.2076    1503.57      2.267 0.0000e+00       9.00
   2490.000     2.9614   3.265448   2460.848    34.9605    27.8573  1039.2120    1503.59      2.442 0.0000e+00      10.00
   2491.000     2.9617   3.265518   2461.831    34.9606    27.8573  1039.2165    1503.61      2.468 0.0000e+00       9.00
